         0        13   4.64002
         0        14   1.84608
         0        15   4.89765
         0        16   3.58888   3.34529
         0        17
         0        18   3.11697
         0        19   3.33790
         0        20
         0        21   3.58752
         0        22   4.68493
         0        23   3.11155
         0        24   1.70152
         0        25   4.36586   4.12219
         0        26   4.17843
         0        27   4.25394
         0        28   4.10984
         0        29   4.11297   4.24139
         0        30   1.71411
         0        31   3.86199   4.44280
         0        32   3.63520   4.74523
         0        33   4.99760
         0        34   4.49227   4.71743
         0        35   4.35785
         0        36   1.85412
         1        13   1.84608
         1        14   4.64002
         1        15   3.34529   3.58888
         1        16   4.89765
         1        17   3.11697
         1        18
         1        19
         1        20   3.33790
         1        21   4.68493
         1        22   3.58752
         1        23   1.70152
         1        24   3.11155
         1        25   4.17843
         1        26   4.12219   4.36586
         1        27   4.10984
         1        28   4.25394
         1        29   1.71411
         1        30   4.24139   4.11297
         1        31   4.74523   3.63520
         1        32   4.44280   3.86199
         1        33   4.71743   4.49227
         1        34   4.99760
         1        35   1.85412
         1        36   4.35785
         2        13   3.72257   4.76704
         2        14   4.89387
         2        15   4.12135
         2        16   4.91610
         2        17   1.86037
         2        18   4.53526
         2        19   4.91037
         2        20   1.70725
         2        21   3.12240
         2        22   4.36834
         2        23   4.40554   4.00515
         2        24   4.93840
         2        25
         2        26   1.72694
         2        27   4.62155
         2        28   4.23379   4.23147
         2        29   3.26995
         2        30   4.02623
         2        31   1.82073
         2        32   4.86085
         2        33   3.75759   3.36566
         2        34   4.83111
         2        35   3.14511
         2        36   4.57448   4.25845
         3        13   4.89387
         3        14   4.76704   3.72257
         3        15   4.91610
         3        16   4.12135
         3        17   4.53526
         3        18   1.86037
         3        19   1.70725
         3        20   4.91037
         3        21   4.36834
         3        22   3.12240
         3        23   4.93840
         3        24   4.00515   4.40554
         3        25   1.72694
         3        26
         3        27   4.23147   4.23379
         3        28   4.62155
         3        29   4.02623
         3        30   3.26995
         3        31   4.86085
         3        32   1.82073
         3        33   4.83111
         3        34   3.36566   3.75759
         3        35   4.25845   4.57448
         3        36   3.14511
         4        13   3.90186   3.49667
         4        14   4.85323   4.75579
         4        15   1.50677
         4        16   4.48822
         4        17   3.71980   3.46298
         4        18   4.21482
         4        19   4.33219   4.29383
         4        20   3.97876
         4        21   4.13434
         4        22   1.73126
         4        23   3.72307
         4        24
         4        25   3.71975
         4        26   4.49896   4.26353
         4        27   1.81009
         4        28   4.10442   4.34023
         4        29   4.04306
         4        30
         4        31
         4        32   4.02628
         4        33   1.98709
         4        34   4.35573
         4        35   3.96643   4.72694
         4        36
         5        13   4.75579   4.85323
         5        14   3.49667   3.90186
         5        15   4.48822
         5        16   1.50677
         5        17   4.21482
         5        18   3.46298   3.71980
         5        19   3.97876
         5        20   4.29383   4.33219
         5        21   1.73126
         5        22   4.13434
         5        23
         5        24   3.72307
         5        25   4.26353   4.49896
         5        26   3.71975
         5        27   4.34023   4.10442
         5        28   1.81009
         5        29
         5        30   4.04306
         5        31   4.02628
         5        32
         5        33   4.35573
         5        34   1.98709
         5        35
         5        36   4.72694   3.96643
         6        13   4.67041
         6        14   3.82527   4.28889
         6        15   4.33570
         6        16   1.72818
         6        17
         6        18   4.85955
         6        19   4.41985   4.88901
         6        20   4.56521
         6        21   4.05362
         6        22   4.50586
         6        23   4.51778   3.73992
         6        24   4.76287   2.00441
         6        25   2.47890
         6        26   3.86183
         6        27   4.44500
         6        28   4.35897
         6        29   1.89323
         6        30   1.98751   4.65811
         6        31   2.44823
         6        32   3.68325
         6        33
         6        34   4.93372   3.78405
         6        35   3.93177
         6        36   4.27139   3.52101
         7        13   4.28889   3.82527
         7        14   4.67041
         7        15   1.72818
         7        16   4.33570
         7        17   4.85955
         7        18
         7        19   4.56521
         7        20   4.88901   4.41985
         7        21   4.50586
         7        22   4.05362
         7        23   2.00441   4.76287
         7        24   3.73992   4.51778
         7        25   3.86183
         7        26   2.47890
         7        27   4.35897
         7        28   4.44500
         7        29   4.65811   1.98751
         7        30   1.89323
         7        31   3.68325
         7        32   2.44823
         7        33   3.78405   4.93372
         7        34
         7        35   3.52101   4.27139
         7        36   3.93177
         8        13   1.77860
         8        14   2.44450
         8        15   3.74489   4.18230
         8        16   4.41661
         8        17   2.39297
         8        18   3.81296
         8        19   1.83608
         8        20   4.45989   4.22137
         8        21   4.62118   3.91257
         8        22   4.68761   1.92662
         8        23   4.09114
         8        24   3.99445
         8        25   4.61261   3.84984
         8        26
         8        27   2.00225   4.63881
         8        28   3.89603
         8        29   4.43164
         8        30   4.54397
         8        31
         8        32   4.56474
         8        33   4.49575   4.46278
         8        34   3.95083
         8        35   3.97261
         8        36
         9        13   2.44450
         9        14   1.77860
         9        15   4.41661
         9        16   4.18230   3.74489
         9        17   3.81296
         9        18   2.39297
         9        19   4.22137   4.45989
         9        20   1.83608
         9        21   1.92662   4.68761
         9        22   3.91257   4.62118
         9        23   3.99445
         9        24   4.09114
         9        25
         9        26   3.84984   4.61261
         9        27   3.89603
         9        28   4.63881   2.00225
         9        29   4.54397
         9        30   4.43164
         9        31   4.56474
         9        32
         9        33   3.95083
         9        34   4.46278   4.49575
         9        35
         9        36   3.97261
        10        13
        10        14
        10        15   4.05902
        10        16   4.05902
        10        17   3.61518
        10        18   3.61518
        10        19   3.69894
        10        20   3.69894
        10        21   4.86542
        10        22   4.86542
        10        23   4.30906   4.27251
        10        24   4.27251   4.30906
        10        25   4.62945   4.50112
        10        26   4.50112   4.62945
        10        27
        10        28
        10        29   4.55308   4.83421
        10        30   4.83421   4.55308
        10        31   1.97456
        10        32   1.97456
        10        33   2.78587
        10        34   2.78587
        10        35   2.10724
        10        36   2.10724
        11        13   3.43491
        11        14   4.29371
        11        15   3.83034   4.51879
        11        16   4.55530
        11        17   4.11011   3.74236
        11        18   4.23490
        11        19
        11        20   1.98077   4.67673
        11        21   4.50270   3.64095
        11        22   4.45436   4.39946
        11        23   2.43385
        11        24   4.83437
        11        25
        11        26   4.77408   1.99177
        11        27   4.29896
        11        28   1.95560
        11        29   4.34687   4.84387
        11        30   4.20443
        11        31   3.53183   4.55987
        11        32   4.65892
        11        33   1.81126
        11        34   4.67150
        11        35   4.77409
        11        36   3.53137
        12        13   4.29371
        12        14   3.43491
        12        15   4.55530
        12        16   4.51879   3.83034
        12        17   4.23490
        12        18   3.74236   4.11011
        12        19   4.67673   1.98077
        12        20
        12        21   4.39946   4.45436
        12        22   3.64095   4.50270
        12        23   4.83437
        12        24   2.43385
        12        25   1.99177   4.77408
        12        26
        12        27   1.95560
        12        28   4.29896
        12        29   4.20443
        12        30   4.84387   4.34687
        12        31   4.65892
        12        32   4.55987   3.53183
        12        33   4.67150
        12        34   1.81126
        12        35   3.53137
        12        36   4.77409
        13         0   4.64002
        13         1   1.84608
        13         2   4.76704   3.72257
        13         3   4.89387
        13         4   3.49667   3.90186
        13         5   4.85323   4.75579
        13         6   4.67041
        13         7   3.82527   4.28889
        13         8   1.77860
        13         9   2.44450
        13        10
        13        11   3.43491
        13        12   4.29371
        14         0   1.84608
        14         1   4.64002
        14         2   4.89387
        14         3   3.72257   4.76704
        14         4   4.75579   4.85323
        14         5   3.90186   3.49667
        14         6   4.28889   3.82527
        14         7   4.67041
        14         8   2.44450
        14         9   1.77860
        14        10
        14        11   4.29371
        14        12   3.43491
        15         0   4.89765
        15         1   3.58888   3.34529
        15         2   4.12135
        15         3   4.91610
        15         4   1.50677
        15         5   4.48822
        15         6   4.33570
        15         7   1.72818
        15         8   4.18230   3.74489
        15         9   4.41661
        15        10   4.05902
        15        11   4.51879   3.83034
        15        12   4.55530
        16         0   3.34529   3.58888
        16         1   4.89765
        16         2   4.91610
        16         3   4.12135
        16         4   4.48822
        16         5   1.50677
        16         6   1.72818
        16         7   4.33570
        16         8   4.41661
        16         9   3.74489   4.18230
        16        10   4.05902
        16        11   4.55530
        16        12   3.83034   4.51879
        17         0
        17         1   3.11697
        17         2   1.86037
        17         3   4.53526
        17         4   3.46298   3.71980
        17         5   4.21482
        17         6
        17         7   4.85955
        17         8   2.39297
        17         9   3.81296
        17        10   3.61518
        17        11   3.74236   4.11011
        17        12   4.23490
        18         0   3.11697
        18         1
        18         2   4.53526
        18         3   1.86037
        18         4   4.21482
        18         5   3.71980   3.46298
        18         6   4.85955
        18         7
        18         8   3.81296
        18         9   2.39297
        18        10   3.61518
        18        11   4.23490
        18        12   4.11011   3.74236
        19         0   3.33790
        19         1
        19         2   4.91037
        19         3   1.70725
        19         4   4.29383   4.33219
        19         5   3.97876
        19         6   4.88901   4.41985
        19         7   4.56521
        19         8   1.83608
        19         9   4.45989   4.22137
        19        10   3.69894
        19        11
        19        12   1.98077   4.67673
        20         0
        20         1   3.33790
        20         2   1.70725
        20         3   4.91037
        20         4   3.97876
        20         5   4.33219   4.29383
        20         6   4.56521
        20         7   4.41985   4.88901
        20         8   4.22137   4.45989
        20         9   1.83608
        20        10   3.69894
        20        11   4.67673   1.98077
        20        12
        21         0   3.58752
        21         1   4.68493
        21         2   3.12240
        21         3   4.36834
        21         4   4.13434
        21         5   1.73126
        21         6   4.05362
        21         7   4.50586
        21         8   3.91257   4.62118
        21         9   4.68761   1.92662
        21        10   4.86542
        21        11   3.64095   4.50270
        21        12   4.45436   4.39946
        22         0   4.68493
        22         1   3.58752
        22         2   4.36834
        22         3   3.12240
        22         4   1.73126
        22         5   4.13434
        22         6   4.50586
        22         7   4.05362
        22         8   1.92662   4.68761
        22         9   4.62118   3.91257
        22        10   4.86542
        22        11   4.39946   4.45436
        22        12   4.50270   3.64095
        23         0   3.11155
        23         1   1.70152
        23         2   4.00515   4.40554
        23         3   4.93840
        23         4   3.72307
        23         5
        23         6   3.73992   4.51778
        23         7   4.76287   2.00441
        23         8   4.09114
        23         9   3.99445
        23        10   4.27251   4.30906
        23        11   2.43385
        23        12   4.83437
        24         0   1.70152
        24         1   3.11155
        24         2   4.93840
        24         3   4.40554   4.00515
        24         4
        24         5   3.72307
        24         6   2.00441   4.76287
        24         7   4.51778   3.73992
        24         8   3.99445
        24         9   4.09114
        24        10   4.30906   4.27251
        24        11   4.83437
        24        12   2.43385
        25         0   4.12219   4.36586
        25         1   4.17843
        25         2
        25         3   1.72694
        25         4   3.71975
        25         5   4.49896   4.26353
        25         6   2.47890
        25         7   3.86183
        25         8   3.84984   4.61261
        25         9
        25        10   4.50112   4.62945
        25        11
        25        12   4.77408   1.99177
        26         0   4.17843
        26         1   4.36586   4.12219
        26         2   1.72694
        26         3
        26         4   4.26353   4.49896
        26         5   3.71975
        26         6   3.86183
        26         7   2.47890
        26         8
        26         9   4.61261   3.84984
        26        10   4.62945   4.50112
        26        11   1.99177   4.77408
        26        12
        27         0   4.25394
        27         1   4.10984
        27         2   4.62155
        27         3   4.23379   4.23147
        27         4   1.81009
        27         5   4.10442   4.34023
        27         6   4.44500
        27         7   4.35897
        27         8   4.63881   2.00225
        27         9   3.89603
        27        10
        27        11   4.29896
        27        12   1.95560
        28         0   4.10984
        28         1   4.25394
        28         2   4.23147   4.23379
        28         3   4.62155
        28         4   4.34023   4.10442
        28         5   1.81009
        28         6   4.35897
        28         7   4.44500
        28         8   3.89603
        28         9   2.00225   4.63881
        28        10
        28        11   1.95560
        28        12   4.29896
        29         0   4.24139   4.11297
        29         1   1.71411
        29         2   3.26995
        29         3   4.02623
        29         4   4.04306
        29         5
        29         6   1.89323
        29         7   1.98751   4.65811
        29         8   4.43164
        29         9   4.54397
        29        10   4.83421   4.55308
        29        11   4.84387   4.34687
        29        12   4.20443
        30         0   1.71411
        30         1   4.11297   4.24139
        30         2   4.02623
        30         3   3.26995
        30         4
        30         5   4.04306
        30         6   4.65811   1.98751
        30         7   1.89323
        30         8   4.54397
        30         9   4.43164
        30        10   4.55308   4.83421
        30        11   4.20443
        30        12   4.34687   4.84387
        31         0   4.44280   3.86199
        31         1   3.63520   4.74523
        31         2   1.82073
        31         3   4.86085
        31         4
        31         5   4.02628
        31         6   2.44823
        31         7   3.68325
        31         8
        31         9   4.56474
        31        10   1.97456
        31        11   4.55987   3.53183
        31        12   4.65892
        32         0   4.74523   3.63520
        32         1   3.86199   4.44280
        32         2   4.86085
        32         3   1.82073
        32         4   4.02628
        32         5
        32         6   3.68325
        32         7   2.44823
        32         8   4.56474
        32         9
        32        10   1.97456
        32        11   4.65892
        32        12   3.53183   4.55987
        33         0   4.99760
        33         1   4.49227   4.71743
        33         2   3.36566   3.75759
        33         3   4.83111
        33         4   1.98709
        33         5   4.35573
        33         6
        33         7   4.93372   3.78405
        33         8   4.46278   4.49575
        33         9   3.95083
        33        10   2.78587
        33        11   1.81126
        33        12   4.67150
        34         0   4.71743   4.49227
        34         1   4.99760
        34         2   4.83111
        34         3   3.75759   3.36566
        34         4   4.35573
        34         5   1.98709
        34         6   3.78405   4.93372
        34         7
        34         8   3.95083
        34         9   4.49575   4.46278
        34        10   2.78587
        34        11   4.67150
        34        12   1.81126
        35         0   4.35785
        35         1   1.85412
        35         2   3.14511
        35         3   4.57448   4.25845
        35         4   4.72694   3.96643
        35         5
        35         6   3.93177
        35         7   4.27139   3.52101
        35         8   3.97261
        35         9
        35        10   2.10724
        35        11   4.77409
        35        12   3.53137
        36         0   1.85412
        36         1   4.35785
        36         2   4.25845   4.57448
        36         3   3.14511
        36         4
        36         5   3.96643   4.72694
        36         6   3.52101   4.27139
        36         7   3.93177
        36         8
        36         9   3.97261
        36        10   2.10724
        36        11   3.53137
        36        12   4.77409
