         0        24   4.05724   4.05724
         0        25   3.30642   4.68934
         0        26   4.68934   3.30642
         0        27   4.78489
         0        28   4.11836
         0        29   3.59952
         0        30   3.59952
         0        31   4.11836
         0        32   4.78489
         0        33
         0        34   4.80326   3.97632
         0        35   3.97632   4.80326
         0        36   4.01814
         0        37   4.24127
         0        38
         0        39   3.57346
         0        40   4.66341
         0        41   4.37253
         0        42   2.96018
         0        43   2.35311
         0        44   1.81122
         0        45   2.35980
         0        46   3.28577
         0        47   3.51942
         0        48   4.01814
         0        49
         0        50   4.24128
         0        51   1.81122
         0        52   2.35310
         0        53   2.96018
         0        54   4.37252
         0        55   4.66342
         0        56   3.57346
         0        57   2.35980
         0        58   3.51942
         0        59   3.28578
         1        24   4.01814
         1        25
         1        26   4.24128
         1        27   1.81122
         1        28   2.35310
         1        29   2.96018
         1        30   4.37252
         1        31   4.66342
         1        32   3.57346
         1        33   2.35980
         1        34   3.51942
         1        35   3.28578
         1        36   4.05724   4.05724
         1        37   3.30642   4.68934
         1        38   4.68934   3.30642
         1        39   4.78489
         1        40   4.11836
         1        41   3.59952
         1        42   3.59952
         1        43   4.11836
         1        44   4.78489
         1        45
         1        46   4.80326   3.97632
         1        47   3.97632   4.80326
         1        48   4.01814
         1        49   4.24128
         1        50
         1        51   3.57347
         1        52   4.66341
         1        53   4.37251
         1        54   2.96017
         1        55   2.35309
         1        56   1.81123
         1        57   2.35981
         1        58   3.28578
         1        59   3.51940
         2        24   4.01814
         2        25   4.24127
         2        26
         2        27   3.57346
         2        28   4.66341
         2        29   4.37253
         2        30   2.96018
         2        31   2.35311
         2        32   1.81122
         2        33   2.35980
         2        34   3.28577
         2        35   3.51942
         2        36   4.01815
         2        37
         2        38   4.24126
         2        39   1.81122
         2        40   2.35310
         2        41   2.96016
         2        42   4.37253
         2        43   4.66340
         2        44   3.57346
         2        45   2.35981
         2        46   3.51941
         2        47   3.28576
         2        48   4.05724   4.05724
         2        49   3.30642   4.68934
         2        50   4.68934   3.30642
         2        51   4.78489
         2        52   4.11836
         2        53   3.59952
         2        54   3.59952
         2        55   4.11836
         2        56   4.78489
         2        57
         2        58   4.80326   3.97632
         2        59   3.97632   4.80326
         3        24   2.98725
         3        25   3.45909
         3        26   1.30658
         3        27   3.43161
         3        28   3.52109
         3        29   4.50029
         3        30   2.25419
         3        31   4.01643
         3        32   4.61140
         3        33
         3        34   4.26554
         3        35   2.45805
         3        36   4.72994   4.72994
         3        37
         3        38
         3        39   4.95079   3.53780
         3        40   3.36826
         3        41   4.07275   4.94434
         3        42   4.94434   4.07275
         3        43   3.36826
         3        44   3.53780   4.95079
         3        45   3.78832   3.78832
         3        46   4.27984   4.64969
         3        47   4.64969   4.27984
         3        48   2.98726
         3        49   1.30658
         3        50   3.45910
         3        51   4.61140
         3        52   4.01641
         3        53   2.25418
         3        54   4.50028
         3        55   3.52109
         3        56   3.43161
         3        57
         3        58   2.45803
         3        59   4.26554
         4        24   2.29909
         4        25   3.53586
         4        26   4.59051
         4        27   4.55468
         4        28   4.47294
         4        29   2.88518
         4        30   4.27612
         4        31   1.32729
         4        32   3.46734
         4        33   2.49719
         4        34
         4        35   3.15929
         4        36   4.99362   4.05972
         4        37   3.41121
         4        38   4.40539   4.69150
         4        39   4.32127   4.73831
         4        40   3.21179
         4        41   4.91513   4.69661
         4        42   3.71632   4.80875
         4        43
         4        44   3.52930
         4        45   4.74396   4.17510
         4        46   3.86434   3.71074
         4        47
         4        48   4.52017
         4        49   4.17016
         4        50   2.15522
         4        51   2.16333
         4        52   4.68967
         4        53   2.93847
         4        54   3.35910
         4        55   3.32454
         4        56   4.17620
         4        57   4.24273
         4        58
         4        59   1.48674
         5        24   4.52018
         5        25   2.15523
         5        26   4.17017
         5        27   4.17622
         5        28   3.32453
         5        29   3.35910
         5        30   2.93847
         5        31   4.68968
         5        32   2.16334
         5        33   4.24274
         5        34   1.48674
         5        35
         5        36   4.05972   4.99362
         5        37   4.69150   4.40539
         5        38   3.41121
         5        39   3.52930
         5        40
         5        41   4.80875   3.71632
         5        42   4.69661   4.91513
         5        43   3.21179
         5        44   4.73831   4.32127
         5        45   4.17510   4.74396
         5        46
         5        47   3.71074   3.86434
         5        48   2.29907
         5        49   4.59050
         5        50   3.53585
         5        51   3.46734
         5        52   1.32730
         5        53   4.27613
         5        54   2.88518
         5        55   4.47292
         5        56   4.55468
         5        57   2.49718
         5        58   3.15930
         5        59
         6        24   2.98725
         6        25   1.30658
         6        26   3.45909
         6        27   4.61141
         6        28   4.01643
         6        29   2.25418
         6        30   4.50030
         6        31   3.52108
         6        32   3.43162
         6        33
         6        34   2.45805
         6        35   4.26554
         6        36   2.98725
         6        37   3.45910
         6        38   1.30658
         6        39   3.43162
         6        40   3.52107
         6        41   4.50029
         6        42   2.25417
         6        43   4.01642
         6        44   4.61142
         6        45
         6        46   4.26552
         6        47   2.45804
         6        48   4.72994   4.72994
         6        49
         6        50
         6        51   4.95079   3.53780
         6        52   3.36826
         6        53   4.07275   4.94434
         6        54   4.94434   4.07275
         6        55   3.36826
         6        56   3.53780   4.95079
         6        57   3.78832   3.78832
         6        58   4.27984   4.64969
         6        59   4.64969   4.27984
         7        24   4.52017
         7        25   4.17017
         7        26   2.15522
         7        27   2.16335
         7        28   4.68969
         7        29   2.93848
         7        30   3.35909
         7        31   3.32453
         7        32   4.17622
         7        33   4.24275
         7        34
         7        35   1.48673
         7        36   2.29908
         7        37   3.53587
         7        38   4.59051
         7        39   4.55466
         7        40   4.47292
         7        41   2.88519
         7        42   4.27611
         7        43   1.32730
         7        44   3.46732
         7        45   2.49717
         7        46
         7        47   3.15930
         7        48   4.99362   4.05972
         7        49   3.41121
         7        50   4.40539   4.69150
         7        51   4.32127   4.73831
         7        52   3.21179
         7        53   4.91513   4.69661
         7        54   3.71632   4.80875
         7        55
         7        56   3.52930
         7        57   4.74396   4.17510
         7        58   3.86434   3.71074
         7        59
         8        24   2.29909
         8        25   4.59052
         8        26   3.53587
         8        27   3.46733
         8        28   1.32729
         8        29   4.27611
         8        30   2.88518
         8        31   4.47294
         8        32   4.55468
         8        33   2.49718
         8        34   3.15929
         8        35
         8        36   4.52016
         8        37   2.15521
         8        38   4.17015
         8        39   4.17621
         8        40   3.32454
         8        41   3.35909
         8        42   2.93849
         8        43   4.68969
         8        44   2.16334
         8        45   4.24275
         8        46   1.48674
         8        47
         8        48   4.05972   4.99362
         8        49   4.69150   4.40539
         8        50   3.41121
         8        51   3.52930
         8        52
         8        53   4.80875   3.71632
         8        54   4.69661   4.91513
         8        55   3.21179
         8        56   4.73831   4.32127
         8        57   4.17510   4.74396
         8        58
         8        59   3.71074   3.86434
         9        24   4.72994   4.72994
         9        25
         9        26
         9        27   4.95079   3.53780
         9        28   3.36826
         9        29   4.07275   4.94434
         9        30   4.94434   4.07275
         9        31   3.36826
         9        32   3.53780   4.95079
         9        33   3.78832   3.78832
         9        34   4.27984   4.64969
         9        35   4.64969   4.27984
         9        36   2.98725
         9        37   1.30658
         9        38   3.45909
         9        39   4.61141
         9        40   4.01643
         9        41   2.25418
         9        42   4.50030
         9        43   3.52108
         9        44   3.43162
         9        45
         9        46   2.45805
         9        47   4.26554
         9        48   2.98725
         9        49   3.45909
         9        50   1.30658
         9        51   3.43161
         9        52   3.52109
         9        53   4.50029
         9        54   2.25419
         9        55   4.01643
         9        56   4.61140
         9        57
         9        58   4.26554
         9        59   2.45805
        10        24   4.99362   4.05972
        10        25   3.41121
        10        26   4.40539   4.69150
        10        27   4.32127   4.73831
        10        28   3.21179
        10        29   4.91513   4.69661
        10        30   3.71632   4.80875
        10        31
        10        32   3.52930
        10        33   4.74396   4.17510
        10        34   3.86434   3.71074
        10        35
        10        36   4.52017
        10        37   4.17017
        10        38   2.15522
        10        39   2.16335
        10        40   4.68969
        10        41   2.93848
        10        42   3.35909
        10        43   3.32453
        10        44   4.17622
        10        45   4.24275
        10        46
        10        47   1.48673
        10        48   2.29909
        10        49   3.53586
        10        50   4.59051
        10        51   4.55468
        10        52   4.47294
        10        53   2.88518
        10        54   4.27612
        10        55   1.32729
        10        56   3.46734
        10        57   2.49719
        10        58
        10        59   3.15929
        11        24   4.05972   4.99362
        11        25   4.69150   4.40539
        11        26   3.41121
        11        27   3.52930
        11        28
        11        29   4.80875   3.71632
        11        30   4.69661   4.91513
        11        31   3.21179
        11        32   4.73831   4.32127
        11        33   4.17510   4.74396
        11        34
        11        35   3.71074   3.86434
        11        36   2.29909
        11        37   4.59052
        11        38   3.53587
        11        39   3.46733
        11        40   1.32729
        11        41   4.27611
        11        42   2.88518
        11        43   4.47294
        11        44   4.55468
        11        45   2.49718
        11        46   3.15929
        11        47
        11        48   4.52018
        11        49   2.15523
        11        50   4.17017
        11        51   4.17622
        11        52   3.32453
        11        53   3.35910
        11        54   2.93847
        11        55   4.68968
        11        56   2.16334
        11        57   4.24274
        11        58   1.48674
        11        59
        12        24   1.46063
        12        25   1.46063
        12        26   1.46063
        12        27   3.81636
        12        28   3.84362
        12        29   3.72067
        12        30   3.72067
        12        31   3.84362
        12        32   3.81636
        12        33   4.14322
        12        34   4.14322
        12        35   4.14322
        12        36   4.77705
        12        37
        12        38   3.54429
        12        39   4.31355
        12        40   3.81747
        12        41   4.55254
        12        42   2.15930
        12        43   3.19656
        12        44   3.75559   4.59478
        12        45   4.73179   4.17169
        12        46   3.45464
        12        47   2.95882
        12        48   4.77705
        12        49   3.54429
        12        50
        12        51   4.59478   3.75560
        12        52   3.19656
        12        53   2.15930
        12        54   4.55253
        12        55   3.81747
        12        56   4.31356
        12        57   4.17169   4.73179
        12        58   2.95882
        12        59   3.45465
        13        24   4.51554
        13        25   3.10907
        13        26   3.10907
        13        27   1.22875
        13        28   4.12292
        13        29   4.65569
        13        30   4.65569
        13        31   4.12292
        13        32   1.22875
        13        33   1.83295
        13        34   3.88860
        13        35   3.88860
        13        36   4.69673   4.13188
        13        37   4.08317   4.76896
        13        38   4.68440   4.48273
        13        39   3.56476
        13        40   4.97884   4.09855
        13        41   2.27654
        13        42   4.81716
        13        43   2.98138
        13        44
        13        45   4.90372
        13        46   3.91889
        13        47   2.59026
        13        48   4.13188   4.69673
        13        49   4.48273   4.68440
        13        50   4.76896   4.08316
        13        51
        13        52   2.98139
        13        53   4.81717
        13        54   2.27654
        13        55   4.09854   4.97885
        13        56   3.56476
        13        57   4.90372
        13        58   2.59027
        13        59   3.91888
        14        24   3.10907
        14        25   4.51554
        14        26   3.10907
        14        27   4.55066
        14        28   1.12214
        14        29   4.10335
        14        30   1.11720
        14        31   4.53958
        14        32   4.00256
        14        33   3.88860
        14        34   1.83295
        14        35   3.88860
        14        36
        14        37   3.05999
        14        38   3.87738
        14        39   3.25202   4.54137
        14        40
        14        41   4.35897
        14        42   4.14041
        14        43   4.95953   4.49557
        14        44   2.05544
        14        45   3.36673
        14        46   3.34266
        14        47   4.23500
        14        48   2.29727
        14        49   3.26565
        14        50   3.94153   4.98645
        14        51   4.60166
        14        52   4.21396
        14        53   4.65936   3.44725
        14        54
        14        55   4.94714   2.91538
        14        56   4.68649
        14        57   3.27602
        14        58
        14        59   4.27185   4.34733
        15        24   3.10907
        15        25   3.10907
        15        26   4.51554
        15        27   4.00256
        15        28   4.53958
        15        29   1.11720
        15        30   4.10335
        15        31   1.12214
        15        32   4.55066
        15        33   3.88860
        15        34   3.88860
        15        35   1.83295
        15        36   2.29727
        15        37   4.98644   3.94153
        15        38   3.26565
        15        39   4.68649
        15        40   2.91538   4.94713
        15        41
        15        42   3.44726   4.65936
        15        43   4.21396
        15        44   4.60166
        15        45   3.27602
        15        46   4.34733   4.27185
        15        47
        15        48
        15        49   3.87738
        15        50   3.06000
        15        51   2.05544
        15        52   4.49557   4.95953
        15        53   4.14040
        15        54   4.35897
        15        55
        15        56   4.54137   3.25201
        15        57   3.36672
        15        58   4.23500
        15        59   3.34266
        16        24   4.77705
        16        25   3.54429
        16        26
        16        27   4.59478   3.75560
        16        28   3.19656
        16        29   2.15930
        16        30   4.55253
        16        31   3.81747
        16        32   4.31356
        16        33   4.17169   4.73179
        16        34   2.95882
        16        35   3.45465
        16        36   1.46063
        16        37   1.46063
        16        38   1.46063
        16        39   3.81636
        16        40   3.84362
        16        41   3.72067
        16        42   3.72067
        16        43   3.84362
        16        44   3.81636
        16        45   4.14322
        16        46   4.14322
        16        47   4.14322
        16        48   4.77704
        16        49
        16        50   3.54428
        16        51   4.31356
        16        52   3.81747
        16        53   4.55253
        16        54   2.15930
        16        55   3.19656
        16        56   3.75561   4.59477
        16        57   4.73180   4.17168
        16        58   3.45466
        16        59   2.95881
        17        24   4.13188   4.69673
        17        25   4.48273   4.68440
        17        26   4.76896   4.08316
        17        27
        17        28   2.98139
        17        29   4.81717
        17        30   2.27654
        17        31   4.09854   4.97885
        17        32   3.56476
        17        33   4.90372
        17        34   2.59027
        17        35   3.91888
        17        36   4.51554
        17        37   3.10907
        17        38   3.10907
        17        39   1.22875
        17        40   4.12292
        17        41   4.65569
        17        42   4.65569
        17        43   4.12292
        17        44   1.22875
        17        45   1.83295
        17        46   3.88860
        17        47   3.88860
        17        48   4.69674   4.13187
        17        49   4.08317   4.76895
        17        50   4.68439   4.48273
        17        51   3.56475
        17        52   4.97885   4.09854
        17        53   2.27655
        17        54   4.81717
        17        55   2.98140
        17        56
        17        57   4.90371
        17        58   3.91888
        17        59   2.59028
        18        24   2.29727
        18        25   3.26565
        18        26   3.94153   4.98645
        18        27   4.60166
        18        28   4.21396
        18        29   4.65936   3.44725
        18        30
        18        31   4.94714   2.91538
        18        32   4.68649
        18        33   3.27602
        18        34
        18        35   4.27185   4.34733
        18        36   3.10907
        18        37   4.51554
        18        38   3.10907
        18        39   4.55066
        18        40   1.12214
        18        41   4.10335
        18        42   1.11720
        18        43   4.53958
        18        44   4.00256
        18        45   3.88860
        18        46   1.83295
        18        47   3.88860
        18        48
        18        49   3.06001
        18        50   3.87740
        18        51   3.25203   4.54136
        18        52
        18        53   4.35897
        18        54   4.14040
        18        55   4.95953   4.49556
        18        56   2.05544
        18        57   3.36673
        18        58   3.34266
        18        59   4.23500
        19        24
        19        25   3.87738
        19        26   3.06000
        19        27   2.05544
        19        28   4.49557   4.95953
        19        29   4.14040
        19        30   4.35897
        19        31
        19        32   4.54137   3.25201
        19        33   3.36672
        19        34   4.23500
        19        35   3.34266
        19        36   3.10907
        19        37   3.10907
        19        38   4.51554
        19        39   4.00256
        19        40   4.53958
        19        41   1.11720
        19        42   4.10335
        19        43   1.12214
        19        44   4.55066
        19        45   3.88860
        19        46   3.88860
        19        47   1.83295
        19        48   2.29727
        19        49   4.98645   3.94152
        19        50   3.26565
        19        51   4.68650
        19        52   2.91539   4.94712
        19        53
        19        54   3.44726   4.65935
        19        55   4.21395
        19        56   4.60166
        19        57   3.27603
        19        58   4.34734   4.27185
        19        59
        20        24   4.77705
        20        25
        20        26   3.54429
        20        27   4.31355
        20        28   3.81747
        20        29   4.55254
        20        30   2.15930
        20        31   3.19656
        20        32   3.75559   4.59478
        20        33   4.73179   4.17169
        20        34   3.45464
        20        35   2.95882
        20        36   4.77704
        20        37   3.54428
        20        38
        20        39   4.59477   3.75561
        20        40   3.19658
        20        41   2.15930
        20        42   4.55255
        20        43   3.81746
        20        44   4.31355
        20        45   4.17168   4.73180
        20        46   2.95883
        20        47   3.45464
        20        48   1.46063
        20        49   1.46063
        20        50   1.46063
        20        51   3.81636
        20        52   3.84362
        20        53   3.72067
        20        54   3.72067
        20        55   3.84362
        20        56   3.81636
        20        57   4.14322
        20        58   4.14322
        20        59   4.14322
        21        24   4.69673   4.13188
        21        25   4.08317   4.76896
        21        26   4.68440   4.48273
        21        27   3.56476
        21        28   4.97884   4.09855
        21        29   2.27654
        21        30   4.81716
        21        31   2.98138
        21        32
        21        33   4.90372
        21        34   3.91889
        21        35   2.59026
        21        36   4.13187   4.69674
        21        37   4.48272   4.68440
        21        38   4.76895   4.08318
        21        39
        21        40   2.98139
        21        41   4.81715
        21        42   2.27655
        21        43   4.09855   4.97884
        21        44   3.56475
        21        45   4.90371
        21        46   2.59026
        21        47   3.91890
        21        48   4.51554
        21        49   3.10907
        21        50   3.10907
        21        51   1.22875
        21        52   4.12292
        21        53   4.65569
        21        54   4.65569
        21        55   4.12292
        21        56   1.22875
        21        57   1.83295
        21        58   3.88860
        21        59   3.88860
        22        24
        22        25   3.05999
        22        26   3.87738
        22        27   3.25202   4.54137
        22        28
        22        29   4.35897
        22        30   4.14041
        22        31   4.95953   4.49557
        22        32   2.05544
        22        33   3.36673
        22        34   3.34266
        22        35   4.23500
        22        36   2.29727
        22        37   3.26566
        22        38   3.94153   4.98644
        22        39   4.60166
        22        40   4.21395
        22        41   4.65935   3.44727
        22        42
        22        43   4.94712   2.91539
        22        44   4.68649
        22        45   3.27601
        22        46
        22        47   4.27184   4.34734
        22        48   3.10907
        22        49   4.51554
        22        50   3.10907
        22        51   4.55066
        22        52   1.12214
        22        53   4.10335
        22        54   1.11720
        22        55   4.53958
        22        56   4.00256
        22        57   3.88860
        22        58   1.83295
        22        59   3.88860
        23        24   2.29727
        23        25   4.98644   3.94153
        23        26   3.26565
        23        27   4.68649
        23        28   2.91538   4.94713
        23        29
        23        30   3.44726   4.65936
        23        31   4.21396
        23        32   4.60166
        23        33   3.27602
        23        34   4.34733   4.27185
        23        35
        23        36
        23        37   3.87739
        23        38   3.05999
        23        39   2.05545
        23        40   4.49558   4.95953
        23        41   4.14040
        23        42   4.35897
        23        43
        23        44   4.54136   3.25203
        23        45   3.36674
        23        46   4.23500
        23        47   3.34266
        23        48   3.10907
        23        49   3.10907
        23        50   4.51554
        23        51   4.00256
        23        52   4.53958
        23        53   1.11720
        23        54   4.10335
        23        55   1.12214
        23        56   4.55066
        23        57   3.88860
        23        58   3.88860
        23        59   1.83295
        24         0   4.05724   4.05724
        24         1   4.01814
        24         2   4.01814
        24         3   2.98725
        24         4   2.29909
        24         5   4.52018
        24         6   2.98725
        24         7   4.52017
        24         8   2.29909
        24         9   4.72994   4.72994
        24        10   4.05972   4.99362
        24        11   4.99362   4.05972
        24        12   1.46063
        24        13   4.51554
        24        14   3.10907
        24        15   3.10907
        24        16   4.77705
        24        17   4.69673   4.13188
        24        18   2.29727
        24        19
        24        20   4.77705
        24        21   4.13188   4.69673
        24        22
        24        23   2.29727
        25         0   4.68934   3.30642
        25         1
        25         2   4.24127
        25         3   3.45909
        25         4   3.53586
        25         5   2.15523
        25         6   1.30658
        25         7   4.17017
        25         8   4.59052
        25         9
        25        10   3.41121
        25        11   4.40539   4.69150
        25        12   1.46063
        25        13   3.10907
        25        14   4.51554
        25        15   3.10907
        25        16   3.54429
        25        17   4.68440   4.48273
        25        18   3.26565
        25        19   3.87738
        25        20
        25        21   4.76896   4.08317
        25        22   3.05999
        25        23   3.94153   4.98644
        26         0   3.30642   4.68934
        26         1   4.24128
        26         2
        26         3   1.30658
        26         4   4.59051
        26         5   4.17017
        26         6   3.45909
        26         7   2.15522
        26         8   3.53587
        26         9
        26        10   4.69150   4.40539
        26        11   3.41121
        26        12   1.46063
        26        13   3.10907
        26        14   3.10907
        26        15   4.51554
        26        16
        26        17   4.08316   4.76896
        26        18   4.98645   3.94153
        26        19   3.06000
        26        20   3.54429
        26        21   4.48273   4.68440
        26        22   3.87738
        26        23   3.26565
        27         0   4.78489
        27         1   1.81122
        27         2   3.57346
        27         3   3.43161
        27         4   4.55468
        27         5   4.17622
        27         6   4.61141
        27         7   2.16335
        27         8   3.46733
        27         9   3.53780   4.95079
        27        10   4.73831   4.32127
        27        11   3.52930
        27        12   3.81636
        27        13   1.22875
        27        14   4.55066
        27        15   4.00256
        27        16   3.75560   4.59478
        27        17
        27        18   4.60166
        27        19   2.05544
        27        20   4.31355
        27        21   3.56476
        27        22   4.54137   3.25202
        27        23   4.68649
        28         0   4.11836
        28         1   2.35310
        28         2   4.66341
        28         3   3.52109
        28         4   4.47294
        28         5   3.32453
        28         6   4.01643
        28         7   4.68969
        28         8   1.32729
        28         9   3.36826
        28        10   3.21179
        28        11
        28        12   3.84362
        28        13   4.12292
        28        14   1.12214
        28        15   4.53958
        28        16   3.19656
        28        17   2.98139
        28        18   4.21396
        28        19   4.95953   4.49557
        28        20   3.81747
        28        21   4.09855   4.97884
        28        22
        28        23   4.94713   2.91538
        29         0   3.59952
        29         1   2.96018
        29         2   4.37253
        29         3   4.50029
        29         4   2.88518
        29         5   3.35910
        29         6   2.25418
        29         7   2.93848
        29         8   4.27611
        29         9   4.94434   4.07275
        29        10   4.69661   4.91513
        29        11   3.71632   4.80875
        29        12   3.72067
        29        13   4.65569
        29        14   4.10335
        29        15   1.11720
        29        16   2.15930
        29        17   4.81717
        29        18   3.44725   4.65936
        29        19   4.14040
        29        20   4.55254
        29        21   2.27654
        29        22   4.35897
        29        23
        30         0   3.59952
        30         1   4.37252
        30         2   2.96018
        30         3   2.25419
        30         4   4.27612
        30         5   2.93847
        30         6   4.50030
        30         7   3.35909
        30         8   2.88518
        30         9   4.07275   4.94434
        30        10   4.80875   3.71632
        30        11   4.91513   4.69661
        30        12   3.72067
        30        13   4.65569
        30        14   1.11720
        30        15   4.10335
        30        16   4.55253
        30        17   2.27654
        30        18
        30        19   4.35897
        30        20   2.15930
        30        21   4.81716
        30        22   4.14041
        30        23   4.65936   3.44726
        31         0   4.11836
        31         1   4.66342
        31         2   2.35311
        31         3   4.01643
        31         4   1.32729
        31         5   4.68968
        31         6   3.52108
        31         7   3.32453
        31         8   4.47294
        31         9   3.36826
        31        10
        31        11   3.21179
        31        12   3.84362
        31        13   4.12292
        31        14   4.53958
        31        15   1.12214
        31        16   3.81747
        31        17   4.97885   4.09854
        31        18   2.91538   4.94714
        31        19
        31        20   3.19656
        31        21   2.98138
        31        22   4.49557   4.95953
        31        23   4.21396
        32         0   4.78489
        32         1   3.57346
        32         2   1.81122
        32         3   4.61140
        32         4   3.46734
        32         5   2.16334
        32         6   3.43162
        32         7   4.17622
        32         8   4.55468
        32         9   4.95079   3.53780
        32        10   3.52930
        32        11   4.32127   4.73831
        32        12   3.81636
        32        13   1.22875
        32        14   4.00256
        32        15   4.55066
        32        16   4.31356
        32        17   3.56476
        32        18   4.68649
        32        19   3.25201   4.54137
        32        20   4.59478   3.75559
        32        21
        32        22   2.05544
        32        23   4.60166
        33         0
        33         1   2.35980
        33         2   2.35980
        33         3
        33         4   2.49719
        33         5   4.24274
        33         6
        33         7   4.24275
        33         8   2.49718
        33         9   3.78832   3.78832
        33        10   4.17510   4.74396
        33        11   4.74396   4.17510
        33        12   4.14322
        33        13   1.83295
        33        14   3.88860
        33        15   3.88860
        33        16   4.73179   4.17169
        33        17   4.90372
        33        18   3.27602
        33        19   3.36672
        33        20   4.17169   4.73179
        33        21   4.90372
        33        22   3.36673
        33        23   3.27602
        34         0   3.97632   4.80326
        34         1   3.51942
        34         2   3.28577
        34         3   4.26554
        34         4
        34         5   1.48674
        34         6   2.45805
        34         7
        34         8   3.15929
        34         9   4.64969   4.27984
        34        10   3.71074   3.86434
        34        11
        34        12   4.14322
        34        13   3.88860
        34        14   1.83295
        34        15   3.88860
        34        16   2.95882
        34        17   2.59027
        34        18
        34        19   4.23500
        34        20   3.45464
        34        21   3.91889
        34        22   3.34266
        34        23   4.27185   4.34733
        35         0   4.80326   3.97632
        35         1   3.28578
        35         2   3.51942
        35         3   2.45805
        35         4   3.15929
        35         5
        35         6   4.26554
        35         7   1.48673
        35         8
        35         9   4.27984   4.64969
        35        10
        35        11   3.86434   3.71074
        35        12   4.14322
        35        13   3.88860
        35        14   3.88860
        35        15   1.83295
        35        16   3.45465
        35        17   3.91888
        35        18   4.34733   4.27185
        35        19   3.34266
        35        20   2.95882
        35        21   2.59026
        35        22   4.23500
        35        23
        36         0   4.01814
        36         1   4.05724   4.05724
        36         2   4.01815
        36         3   4.72994   4.72994
        36         4   4.05972   4.99362
        36         5   4.99362   4.05972
        36         6   2.98725
        36         7   2.29908
        36         8   4.52016
        36         9   2.98725
        36        10   4.52017
        36        11   2.29909
        36        12   4.77705
        36        13   4.13188   4.69673
        36        14
        36        15   2.29727
        36        16   1.46063
        36        17   4.51554
        36        18   3.10907
        36        19   3.10907
        36        20   4.77704
        36        21   4.69674   4.13187
        36        22   2.29727
        36        23
        37         0   4.24127
        37         1   4.68934   3.30642
        37         2
        37         3
        37         4   3.41121
        37         5   4.40539   4.69150
        37         6   3.45910
        37         7   3.53587
        37         8   2.15521
        37         9   1.30658
        37        10   4.17017
        37        11   4.59052
        37        12
        37        13   4.76896   4.08317
        37        14   3.05999
        37        15   3.94153   4.98644
        37        16   1.46063
        37        17   3.10907
        37        18   4.51554
        37        19   3.10907
        37        20   3.54428
        37        21   4.68440   4.48272
        37        22   3.26566
        37        23   3.87739
        38         0
        38         1   3.30642   4.68934
        38         2   4.24126
        38         3
        38         4   4.69150   4.40539
        38         5   3.41121
        38         6   1.30658
        38         7   4.59051
        38         8   4.17015
        38         9   3.45909
        38        10   2.15522
        38        11   3.53587
        38        12   3.54429
        38        13   4.48273   4.68440
        38        14   3.87738
        38        15   3.26565
        38        16   1.46063
        38        17   3.10907
        38        18   3.10907
        38        19   4.51554
        38        20
        38        21   4.08318   4.76895
        38        22   4.98644   3.94153
        38        23   3.05999
        39         0   3.57346
        39         1   4.78489
        39         2   1.81122
        39         3   3.53780   4.95079
        39         4   4.73831   4.32127
        39         5   3.52930
        39         6   3.43162
        39         7   4.55466
        39         8   4.17621
        39         9   4.61141
        39        10   2.16335
        39        11   3.46733
        39        12   4.31355
        39        13   3.56476
        39        14   4.54137   3.25202
        39        15   4.68649
        39        16   3.81636
        39        17   1.22875
        39        18   4.55066
        39        19   4.00256
        39        20   3.75561   4.59477
        39        21
        39        22   4.60166
        39        23   2.05545
        40         0   4.66341
        40         1   4.11836
        40         2   2.35310
        40         3   3.36826
        40         4   3.21179
        40         5
        40         6   3.52107
        40         7   4.47292
