         0        12   4.52103
         0        13   4.59960
         0        14   1.91621
         0        15   4.56151
         0        16   1.77049
         0        17   3.48555
         0        18   1.48942
         0        19   3.72904   4.13696
         0        20   4.91974   4.14108
         0        21   4.66309
         0        22   4.24452   4.01225
         0        23   4.58810   4.78687
         0        24   4.14881   3.82823
         0        25   4.84002
         0        26   3.65997   3.53559
         0        27   3.59892
         0        28   3.41586
         0        29   4.87802
         0        30   2.50273
         0        31
         0        32   1.81254
         0        33   4.15332
         0        34   4.16161
         0        35   4.09821
         1        12   4.59960
         1        13   4.52103
         1        14   4.56151
         1        15   1.91621
         1        16   3.48555
         1        17   1.77049
         1        18   4.13696   3.72904
         1        19   1.48942
         1        20   4.66309
         1        21   4.14108   4.91974
         1        22   4.78687   4.58810
         1        23   4.01225   4.24452
         1        24   4.84002
         1        25   3.82823   4.14881
         1        26   3.59892
         1        27   3.53559   3.65997
         1        28   4.87802
         1        29   3.41586
         1        30
         1        31   2.50273
         1        32   4.15332
         1        33   1.81254
         1        34   4.09821
         1        35   4.16161
         2        12   1.51870
         2        13   4.93604
         2        14   3.64934   4.00087
         2        15   4.25604   4.34401
         2        16   4.81252
         2        17   4.29246
         2        18   4.90988   4.07070
         2        19   4.63981
         2        20   3.29683   3.85087
         2        21   4.78877
         2        22   4.85403   4.16780
         2        23
         2        24   4.76445   4.02285
         2        25   3.87271
         2        26   1.92045
         2        27   3.65798
         2        28   3.77343   4.67337
         2        29   1.84017
         2        30   3.87057
         2        31   4.53559   4.64525
         2        32   4.56545   4.71451
         2        33   4.65471   4.62894
         2        34   1.68162
         2        35   3.61091
         3        12   4.93604
         3        13   1.51870
         3        14   4.34401   4.25604
         3        15   4.00087   3.64934
         3        16   4.29246
         3        17   4.81252
         3        18   4.63981
         3        19   4.07070   4.90988
         3        20   4.78877
         3        21   3.85087   3.29683
         3        22
         3        23   4.16780   4.85403
         3        24   3.87271
         3        25   4.02285   4.76445
         3        26   3.65798
         3        27   1.92045
         3        28   1.84017
         3        29   4.67337   3.77343
         3        30   4.64525   4.53559
         3        31   3.87057
         3        32   4.62894   4.65471
         3        33   4.71451   4.56545
         3        34   3.61091
         3        35   1.68162
         4        12   3.55544   3.48687
         4        13   4.90541
         4        14   4.21880   4.15279
         4        15   4.95092
         4        16   2.70464
         4        17   4.21082
         4        18   3.94587
         4        19   4.63244
         4        20   1.46420
         4        21   4.21667
         4        22   1.82537
         4        23   3.33014
         4        24   1.77346
         4        25   4.47125
         4        26   4.99820   4.34598
         4        27
         4        28   4.62267   4.52995
         4        29   3.77577
         4        30   1.88334
         4        31   3.89555
         4        32   3.82250   4.16918
         4        33   4.68936
         4        34   3.44236
         4        35   3.68970
         5        12   4.90541
         5        13   3.48687   3.55544
         5        14   4.95092
         5        15   4.15279   4.21880
         5        16   4.21082
         5        17   2.70464
         5        18   4.63244
         5        19   3.94587
         5        20   4.21667
         5        21   1.46420
         5        22   3.33014
         5        23   1.82537
         5        24   4.47125
         5        25   1.77346
         5        26
         5        27   4.34598   4.99820
         5        28   3.77577
         5        29   4.52995   4.62267
         5        30   3.89555
         5        31   1.88334
         5        32   4.68936
         5        33   4.16918   3.82250
         5        34   3.68970
         5        35   3.44236
         6        12   4.05211   4.91858
         6        13   4.85508
         6        14   4.07479   4.64743
         6        15   4.19034
         6        16   1.96912   4.76123
         6        17   3.63677
         6        18   4.25781   3.59139
         6        19   1.73889
         6        20   4.24246
         6        21   4.24209
         6        22   3.77901
         6        23   2.29952
         6        24   1.78873
         6        25
         6        26   2.26174
         6        27   4.70712   4.58584
         6        28   3.83165
         6        29
         6        30   3.83472   4.41017
         6        31
         6        32   4.79230   2.02487
         6        33   4.02902
         6        34
         6        35   4.09964
         7        12   4.85508
         7        13   4.91858   4.05211
         7        14   4.19034
         7        15   4.64743   4.07479
         7        16   3.63677
         7        17   4.76123   1.96912
         7        18   1.73889
         7        19   3.59139   4.25781
         7        20   4.24209
         7        21   4.24246
         7        22   2.29952
         7        23   3.77901
         7        24
         7        25   1.78873
         7        26   4.58584   4.70712
         7        27   2.26174
         7        28
         7        29   3.83165
         7        30
         7        31   4.41017   3.83472
         7        32   4.02902
         7        33   2.02487   4.79230
         7        34   4.09964
         7        35
         8        12   4.13480   3.91289
         8        13   4.61376
         8        14   2.21437
         8        15   1.84213
         8        16
         8        17   4.03790
         8        18   3.95511
         8        19   4.28397
         8        20   1.71128
         8        21   4.44771   4.32145
         8        22   3.94912
         8        23
         8        24   4.17702
         8        25   4.05921   4.86418
         8        26   4.49067   4.07882
         8        27   4.02424   4.65997
         8        28   3.86211
         8        29   4.69050   2.08925
         8        30   4.83194   3.89755
         8        31   2.28268
         8        32
         8        33   3.80045
         8        34   1.94438   4.79565
         8        35   3.76183   4.83346
         9        12   4.61376
         9        13   3.91289   4.13480
         9        14   1.84213
         9        15   2.21437
         9        16   4.03790
         9        17
         9        18   4.28397
         9        19   3.95511
         9        20   4.32145   4.44771
         9        21   1.71128
         9        22
         9        23   3.94912
         9        24   4.86418   4.05921
         9        25   4.17702
         9        26   4.65997   4.02424
         9        27   4.07882   4.49067
         9        28   2.08925   4.69050
         9        29   3.86211
         9        30   2.28268
         9        31   3.89755   4.83194
         9        32   3.80045
         9        33
         9        34   4.83346   3.76183
         9        35   4.79565   1.94438
        10        12   1.88904
        10        13   4.02665
        10        14   3.58483
        10        15
        10        16   4.35391   3.82905
        10        17
        10        18   4.08462
        10        19   4.19399
        10        20   3.61998   4.24994
        10        21   3.71600
        10        22   4.57910   3.97173
        10        23   3.55548
        10        24   1.94142   4.86501
        10        25   4.53029
        10        26   4.74444   3.63681
        10        27
        10        28   2.20615
        10        29   3.67028
        10        30   4.73710   2.02433
        10        31   4.95646
        10        32   1.71548
        10        33
        10        34   3.76756
        10        35   3.91803   4.81826
        11        12   4.02665
        11        13   1.88904
        11        14
        11        15   3.58483
        11        16
        11        17   3.82905   4.35391
        11        18   4.19399
        11        19   4.08462
        11        20   3.71600
        11        21   4.24994   3.61998
        11        22   3.55548
        11        23   3.97173   4.57910
        11        24   4.53029
        11        25   4.86501   1.94142
        11        26
        11        27   3.63681   4.74444
        11        28   3.67028
        11        29   2.20615
        11        30   4.95646
        11        31   2.02433   4.73710
        11        32
        11        33   1.71548
        11        34   4.81826   3.91803
        11        35   3.76756
        12         0   4.52103
        12         1   4.59960
        12         2   1.51870
        12         3   4.93604
        12         4   3.48687   3.55544
        12         5   4.90541
        12         6   4.91858   4.05211
        12         7   4.85508
        12         8   3.91289   4.13480
        12         9   4.61376
        12        10   1.88904
        12        11   4.02665
        13         0   4.59960
        13         1   4.52103
        13         2   4.93604
        13         3   1.51870
        13         4   4.90541
        13         5   3.55544   3.48687
        13         6   4.85508
        13         7   4.05211   4.91858
        13         8   4.61376
        13         9   4.13480   3.91289
        13        10   4.02665
        13        11   1.88904
        14         0   1.91621
        14         1   4.56151
        14         2   4.00087   3.64934
        14         3   4.25604   4.34401
        14         4   4.15279   4.21880
        14         5   4.95092
        14         6   4.64743   4.07479
        14         7   4.19034
        14         8   2.21437
        14         9   1.84213
        14        10   3.58483
        14        11
        15         0   4.56151
        15         1   1.91621
        15         2   4.34401   4.25604
        15         3   3.64934   4.00087
        15         4   4.95092
        15         5   4.21880   4.15279
        15         6   4.19034
        15         7   4.07479   4.64743
        15         8   1.84213
        15         9   2.21437
        15        10
        15        11   3.58483
        16         0   1.77049
        16         1   3.48555
        16         2   4.81252
        16         3   4.29246
        16         4   2.70464
        16         5   4.21082
        16         6   4.76123   1.96912
        16         7   3.63677
        16         8
        16         9   4.03790
        16        10   3.82905   4.35391
        16        11
        17         0   3.48555
        17         1   1.77049
        17         2   4.29246
        17         3   4.81252
        17         4   4.21082
        17         5   2.70464
        17         6   3.63677
        17         7   1.96912   4.76123
        17         8   4.03790
        17         9
        17        10
        17        11   4.35391   3.82905
        18         0   1.48942
        18         1   3.72904   4.13696
        18         2   4.07070   4.90988
        18         3   4.63981
        18         4   3.94587
        18         5   4.63244
        18         6   3.59139   4.25781
        18         7   1.73889
        18         8   3.95511
        18         9   4.28397
        18        10   4.08462
        18        11   4.19399
        19         0   4.13696   3.72904
        19         1   1.48942
        19         2   4.63981
        19         3   4.90988   4.07070
        19         4   4.63244
        19         5   3.94587
        19         6   1.73889
        19         7   4.25781   3.59139
        19         8   4.28397
        19         9   3.95511
        19        10   4.19399
        19        11   4.08462
        20         0   4.14108   4.91974
        20         1   4.66309
        20         2   3.85087   3.29683
        20         3   4.78877
        20         4   1.46420
        20         5   4.21667
        20         6   4.24246
        20         7   4.24209
        20         8   1.71128
        20         9   4.44771   4.32145
        20        10   4.24994   3.61998
        20        11   3.71600
        21         0   4.66309
        21         1   4.91974   4.14108
        21         2   4.78877
        21         3   3.29683   3.85087
        21         4   4.21667
        21         5   1.46420
        21         6   4.24209
        21         7   4.24246
        21         8   4.32145   4.44771
        21         9   1.71128
        21        10   3.71600
        21        11   3.61998   4.24994
        22         0   4.01225   4.24452
        22         1   4.58810   4.78687
        22         2   4.16780   4.85403
        22         3
        22         4   1.82537
        22         5   3.33014
        22         6   3.77901
        22         7   2.29952
        22         8   3.94912
        22         9
        22        10   3.97173   4.57910
        22        11   3.55548
        23         0   4.78687   4.58810
        23         1   4.24452   4.01225
        23         2
        23         3   4.85403   4.16780
        23         4   3.33014
        23         5   1.82537
        23         6   2.29952
        23         7   3.77901
        23         8
        23         9   3.94912
        23        10   3.55548
        23        11   4.57910   3.97173
        24         0   3.82823   4.14881
        24         1   4.84002
        24         2   4.02285   4.76445
        24         3   3.87271
        24         4   1.77346
        24         5   4.47125
        24         6   1.78873
        24         7
        24         8   4.17702
        24         9   4.05921   4.86418
        24        10   4.86501   1.94142
        24        11   4.53029
        25         0   4.84002
        25         1   4.14881   3.82823
        25         2   3.87271
        25         3   4.76445   4.02285
        25         4   4.47125
        25         5   1.77346
        25         6
        25         7   1.78873
        25         8   4.86418   4.05921
        25         9   4.17702
        25        10   4.53029
        25        11   1.94142   4.86501
        26         0   3.53559   3.65997
        26         1   3.59892
        26         2   1.92045
        26         3   3.65798
        26         4   4.34598   4.99820
        26         5
        26         6   2.26174
        26         7   4.70712   4.58584
        26         8   4.07882   4.49067
        26         9   4.02424   4.65997
        26        10   3.63681   4.74444
        26        11
        27         0   3.59892
        27         1   3.65997   3.53559
        27         2   3.65798
        27         3   1.92045
        27         4
        27         5   4.99820   4.34598
        27         6   4.58584   4.70712
        27         7   2.26174
        27         8   4.65997   4.02424
        27         9   4.49067   4.07882
        27        10
        27        11   4.74444   3.63681
        28         0   3.41586
        28         1   4.87802
        28         2   4.67337   3.77343
        28         3   1.84017
        28         4   4.52995   4.62267
        28         5   3.77577
        28         6   3.83165
        28         7
        28         8   3.86211
        28         9   4.69050   2.08925
        28        10   2.20615
        28        11   3.67028
        29         0   4.87802
        29         1   3.41586
        29         2   1.84017
        29         3   3.77343   4.67337
        29         4   3.77577
        29         5   4.62267   4.52995
        29         6
        29         7   3.83165
        29         8   2.08925   4.69050
        29         9   3.86211
        29        10   3.67028
        29        11   2.20615
        30         0   2.50273
        30         1
        30         2   3.87057
        30         3   4.53559   4.64525
        30         4   1.88334
        30         5   3.89555
        30         6   4.41017   3.83472
        30         7
        30         8   3.89755   4.83194
        30         9   2.28268
        30        10   2.02433   4.73710
        30        11   4.95646
        31         0
        31         1   2.50273
        31         2   4.64525   4.53559
        31         3   3.87057
        31         4   3.89555
        31         5   1.88334
        31         6
        31         7   3.83472   4.41017
        31         8   2.28268
        31         9   4.83194   3.89755
        31        10   4.95646
        31        11   4.73710   2.02433
        32         0   1.81254
        32         1   4.15332
        32         2   4.71451   4.56545
        32         3   4.65471   4.62894
        32         4   4.16918   3.82250
        32         5   4.68936
        32         6   2.02487   4.79230
        32         7   4.02902
        32         8
        32         9   3.80045
        32        10   1.71548
        32        11
        33         0   4.15332
        33         1   1.81254
        33         2   4.62894   4.65471
        33         3   4.56545   4.71451
        33         4   4.68936
        33         5   3.82250   4.16918
        33         6   4.02902
        33         7   4.79230   2.02487
        33         8   3.80045
        33         9
        33        10
        33        11   1.71548
        34         0   4.16161
        34         1   4.09821
        34         2   1.68162
        34         3   3.61091
        34         4   3.44236
        34         5   3.68970
        34         6
        34         7   4.09964
        34         8   4.79565   1.94438
        34         9   3.76183   4.83346
        34        10   3.76756
        34        11   3.91803   4.81826
        35         0   4.09821
        35         1   4.16161
        35         2   3.61091
        35         3   1.68162
        35         4   3.68970
        35         5   3.44236
        35         6   4.09964
        35         7
        35         8   4.83346   3.76183
        35         9   1.94438   4.79565
        35        10   4.81826   3.91803
        35        11   3.76756
