         0        24
         0        25   2.49860
         0        26   4.46748
         0        27   4.70796
         0        28
         0        29   3.89628
         0        30   4.31197   4.61722
         0        31
         0        32   2.43012
         0        33
         0        34   3.33857
         0        35
         0        36   4.30742
         0        37   2.58060
         0        38
         0        39
         0        40   4.04412
         0        41
         0        42   4.92730
         0        43   2.73075
         0        44   4.05686
         0        45
         0        46   3.08252
         0        47
         0        48   3.00827
         0        49   4.12837
         0        50
         0        51
         0        52   2.64306
         0        53   4.94282
         0        54   3.87081
         0        55
         1        24   2.49860
         1        25
         1        26   4.70796
         1        27   4.46748
         1        28   3.89628
         1        29
         1        30
         1        31   4.61722   4.31197
         1        32
         1        33   2.43012
         1        34
         1        35   3.33857
         1        36   2.58060
         1        37   4.30742
         1        38
         1        39
         1        40
         1        41   4.04412
         1        42   2.73075
         1        43   4.92730
         1        44
         1        45   4.05686
         1        46
         1        47   3.08252
         1        48   4.12837
         1        49   3.00827
         1        50
         1        51
         1        52   4.94282
         1        53   2.64306
         1        54
         1        55   3.87081
         2        24   4.46748
         2        25   4.70796
         2        26
         2        27   2.49860
         2        28   4.61722   4.31197
         2        29
         2        30
         2        31   3.89628
         2        32   3.33857
         2        33
         2        34   2.43012
         2        35
         2        36
         2        37
         2        38   4.30742
         2        39   2.58060
         2        40   4.92730
         2        41   2.73075
         2        42   4.04412
         2        43
         2        44   3.08252
         2        45
         2        46   4.05686
         2        47
         2        48
         2        49
         2        50   3.00827
         2        51   4.12837
         2        52   3.87081
         2        53
         2        54   2.64306
         2        55   4.94282
         3        24   4.70796
         3        25   4.46748
         3        26   2.49860
         3        27
         3        28
         3        29   4.31197   4.61722
         3        30   3.89628
         3        31
         3        32
         3        33   3.33857
         3        34
         3        35   2.43012
         3        36
         3        37
         3        38   2.58060
         3        39   4.30742
         3        40   2.73075
         3        41   4.92730
         3        42
         3        43   4.04412
         3        44
         3        45   3.08252
         3        46
         3        47   4.05686
         3        48
         3        49
         3        50   4.12837
         3        51   3.00827
         3        52
         3        53   3.87081
         3        54   4.94282
         3        55   2.64306
         4        24   3.75949
         4        25   4.84492
         4        26
         4        27   2.77590
         4        28   4.92448
         4        29   4.30445
         4        30
         4        31   2.48197
         4        32   4.44460
         4        33   3.66228
         4        34   4.58227
         4        35   4.45269
         4        36   2.71142
         4        37   4.43609
         4        38
         4        39   4.60238
         4        40
         4        41   4.24706
         4        42   2.55880
         4        43
         4        44
         4        45   3.69616
         4        46
         4        47   2.52561
         4        48   4.35559
         4        49   2.49589
         4        50
         4        51   4.53363
         4        52   2.86805
         4        53   4.89616
         4        54
         4        55   4.99500
         5        24   4.84492
         5        25   3.75949
         5        26   2.77590
         5        27
         5        28   4.30445
         5        29   4.92448
         5        30   2.48197
         5        31
         5        32   3.66228
         5        33   4.44460
         5        34   4.45269
         5        35   4.58227
         5        36   4.43609
         5        37   2.71142
         5        38   4.60238
         5        39
         5        40   4.24706
         5        41
         5        42
         5        43   2.55880
         5        44   3.69616
         5        45
         5        46   2.52561
         5        47
         5        48   2.49589
         5        49   4.35559
         5        50   4.53363
         5        51
         5        52   4.89616
         5        53   2.86805
         5        54   4.99500
         5        55
         6        24
         6        25   2.77590
         6        26   3.75949
         6        27   4.84492
         6        28
         6        29   2.48197
         6        30   4.92448
         6        31   4.30445
         6        32   4.58227
         6        33   4.45269
         6        34   4.44460
         6        35   3.66228
         6        36
         6        37   4.60238
         6        38   2.71142
         6        39   4.43609
         6        40   2.55880
         6        41
         6        42
         6        43   4.24706
         6        44
         6        45   2.52561
         6        46
         6        47   3.69616
         6        48
         6        49   4.53363
         6        50   4.35559
         6        51   2.49589
         6        52
         6        53   4.99500
         6        54   2.86805
         6        55   4.89616
         7        24   2.77590
         7        25
         7        26   4.84492
         7        27   3.75949
         7        28   2.48197
         7        29
         7        30   4.30445
         7        31   4.92448
         7        32   4.45269
         7        33   4.58227
         7        34   3.66228
         7        35   4.44460
         7        36   4.60238
         7        37
         7        38   4.43609
         7        39   2.71142
         7        40
         7        41   2.55880
         7        42   4.24706
         7        43
         7        44   2.52561
         7        45
         7        46   3.69616
         7        47
         7        48   4.53363
         7        49
         7        50   2.49589
         7        51   4.35559
         7        52   4.99500
         7        53
         7        54   4.89616
         7        55   2.86805
         8        24   4.85682
         8        25
         8        26
         8        27   1.87313
         8        28   1.82813
         8        29
         8        30   3.56689
         8        31
         8        32   1.84808
         8        33
         8        34   4.21225   4.60430
         8        35
         8        36   1.87923
         8        37   4.84802
         8        38
         8        39
         8        40   4.77188
         8        41   4.50516   4.80378
         8        42   4.68714   4.00682
         8        43
         8        44
         8        45
         8        46   3.68513
         8        47   3.70355
         8        48   3.81263
         8        49
         8        50   3.42239
         8        51   4.71122
         8        52   3.47916
         8        53
         8        54
         8        55   3.70778
         9        24
         9        25   4.85682
         9        26   1.87313
         9        27
         9        28
         9        29   1.82813
         9        30
         9        31   3.56689
         9        32
         9        33   1.84808
         9        34
         9        35   4.60430   4.21225
         9        36   4.84802
         9        37   1.87923
         9        38
         9        39
         9        40   4.80378   4.50516
         9        41   4.77188
         9        42
         9        43   4.00682   4.68714
         9        44
         9        45
         9        46   3.70355
         9        47   3.68513
         9        48
         9        49   3.81263
         9        50   4.71122
         9        51   3.42239
         9        52
         9        53   3.47916
         9        54   3.70778
         9        55
        10        24
        10        25   1.87313
        10        26   4.85682
        10        27
        10        28   3.56689
        10        29
        10        30   1.82813
        10        31
        10        32   4.60430   4.21225
        10        33
        10        34   1.84808
        10        35
        10        36
        10        37
        10        38   1.87923
        10        39   4.84802
        10        40   4.00682   4.68714
        10        41
        10        42   4.77188
        10        43   4.80378   4.50516
        10        44   3.68513
        10        45   3.70355
        10        46
        10        47
        10        48   3.42239
        10        49   4.71122
        10        50   3.81263
        10        51
        10        52
        10        53   3.70778
        10        54   3.47916
        10        55
        11        24   1.87313
        11        25
        11        26
        11        27   4.85682
        11        28
        11        29   3.56689
        11        30
        11        31   1.82813
        11        32
        11        33   4.21225   4.60430
        11        34
        11        35   1.84808
        11        36
        11        37
        11        38   4.84802
        11        39   1.87923
        11        40
        11        41   4.68714   4.00682
        11        42   4.50516   4.80378
        11        43   4.77188
        11        44   3.70355
        11        45   3.68513
        11        46
        11        47
        11        48   4.71122
        11        49   3.42239
        11        50
        11        51   3.81263
        11        52   3.70778
        11        53
        11        54
        11        55   3.47916
        12        24   4.65332   3.92754
        12        25
        12        26   4.64881
        12        27   4.33060
        12        28   4.53414
        12        29
        12        30
        12        31   3.09274
        12        32   3.61753
        12        33   3.87718
        12        34
        12        35
        12        36   1.86390
        12        37   4.71214
        12        38
        12        39   4.74604
        12        40
        12        41   1.87655
        12        42
        12        43
        12        44   4.27303   4.74362
        12        45
        12        46   1.84296
        12        47   4.78462
        12        48   4.66418   4.25636
        12        49
        12        50   3.81113
        12        51   4.74370
        12        52   1.86715
        12        53
        12        54   3.76536
        12        55
        13        24
        13        25   3.92754   4.65332
        13        26   4.33060
        13        27   4.64881
        13        28
        13        29   4.53414
        13        30   3.09274
        13        31
        13        32   3.87718
        13        33   3.61753
        13        34
        13        35
        13        36   4.71214
        13        37   1.86390
        13        38   4.74604
        13        39
        13        40   1.87655
        13        41
        13        42
        13        43
        13        44
        13        45   4.74362   4.27303
        13        46   4.78462
        13        47   1.84296
        13        48
        13        49   4.25636   4.66418
        13        50   4.74370
        13        51   3.81113
        13        52
        13        53   1.86715
        13        54
        13        55   3.76536
        14        24   4.64881
        14        25   4.33060
        14        26   3.92754   4.65332
        14        27
        14        28
        14        29   3.09274
        14        30   4.53414
        14        31
        14        32
        14        33
        14        34   3.61753
        14        35   3.87718
        14        36
        14        37   4.74604
        14        38   1.86390
        14        39   4.71214
        14        40
        14        41
        14        42
        14        43   1.87655
        14        44   1.84296
        14        45   4.78462
        14        46   4.74362   4.27303
        14        47
        14        48   3.81113
        14        49   4.74370
        14        50   4.25636   4.66418
        14        51
        14        52   3.76536
        14        53
        14        54   1.86715
        14        55
        15        24   4.33060
        15        25   4.64881
        15        26
        15        27   4.65332   3.92754
        15        28   3.09274
        15        29
        15        30
        15        31   4.53414
        15        32
        15        33
        15        34   3.87718
        15        35   3.61753
        15        36   4.74604
        15        37
        15        38   4.71214
        15        39   1.86390
        15        40
        15        41
        15        42   1.87655
        15        43
        15        44   4.78462
        15        45   1.84296
        15        46
        15        47   4.27303   4.74362
        15        48   4.74370
        15        49   3.81113
        15        50
        15        51   4.66418   4.25636
        15        52
        15        53   3.76536
        15        54
        15        55   1.86715
        16        24
        16        25   4.18780   4.63993
        16        26   3.85407
        16        27   4.10655
        16        28   2.99252
        16        29
        16        30   1.83359
        16        31
        16        32   1.85978
        16        33
        16        34   4.42563   4.17237
        16        35
        16        36   4.64226
        16        37   3.52089
        16        38   3.70981
        16        39
        16        40   1.90071
        16        41   4.85644
        16        42
        16        43
        16        44   4.74470
        16        45
        16        46   4.76770   4.59249
        16        47   4.70270
        16        48   4.36873
        16        49
        16        50   1.84813
        16        51
        16        52
        16        53   3.93669
        16        54   3.60176
        16        55
        17        24   4.63993   4.18780
        17        25
        17        26   4.10655
        17        27   3.85407
        17        28
        17        29   2.99252
        17        30
        17        31   1.83359
        17        32
        17        33   1.85978
        17        34
        17        35   4.17237   4.42563
        17        36   3.52089
        17        37   4.64226
        17        38
        17        39   3.70981
        17        40   4.85644
        17        41   1.90071
        17        42
        17        43
        17        44
        17        45   4.74470
        17        46   4.70270
        17        47   4.59249   4.76770
        17        48
        17        49   4.36873
        17        50
        17        51   1.84813
        17        52   3.93669
        17        53
        17        54
        17        55   3.60176
        18        24   3.85407
        18        25   4.10655
        18        26
        18        27   4.63993   4.18780
        18        28   1.83359
        18        29
        18        30   2.99252
        18        31
        18        32   4.17237   4.42563
        18        33
        18        34   1.85978
        18        35
        18        36   3.70981
        18        37
        18        38   4.64226
        18        39   3.52089
        18        40
        18        41
        18        42   1.90071
        18        43   4.85644
        18        44   4.59249   4.76770
        18        45   4.70270
        18        46   4.74470
        18        47
        18        48   1.84813
        18        49
        18        50   4.36873
        18        51
        18        52   3.60176
        18        53
        18        54
        18        55   3.93669
        19        24   4.10655
        19        25   3.85407
        19        26   4.18780   4.63993
        19        27
        19        28
        19        29   1.83359
        19        30
        19        31   2.99252
        19        32
        19        33   4.42563   4.17237
        19        34
        19        35   1.85978
        19        36
        19        37   3.70981
        19        38   3.52089
        19        39   4.64226
        19        40
        19        41
        19        42   4.85644
        19        43   1.90071
        19        44   4.70270
        19        45   4.76770   4.59249
        19        46
        19        47   4.74470
        19        48
        19        49   1.84813
        19        50
        19        51   4.36873
        19        52
        19        53   3.60176
        19        54   3.93669
        19        55
        20        24   1.87258
        20        25
        20        26
        20        27
        20        28   4.60363
        20        29
        20        30   4.81812
        20        31   3.34475
        20        32   4.88292
        20        33
        20        34   4.34261
        20        35   4.64203
        20        36   4.30128   4.62506
        20        37
        20        38   4.81721
        20        39   3.61482
        20        40
        20        41   4.67062   4.37389
        20        42   3.46088
        20        43   3.58845
        20        44   1.85645
        20        45
        20        46   4.17608   4.45252
        20        47
        20        48   1.84351
        20        49   4.78570
        20        50   4.92243
        20        51
        20        52   1.85870
        20        53
        20        54   3.97813
        20        55
        21        24
        21        25   1.87258
        21        26
        21        27
        21        28
        21        29   4.60363
        21        30   3.34475
        21        31   4.81812
        21        32
        21        33   4.88292
        21        34   4.64203
        21        35   4.34261
        21        36
        21        37   4.62506   4.30128
        21        38   3.61482
        21        39   4.81721
        21        40   4.37389   4.67062
        21        41
        21        42   3.58845
        21        43   3.46088
        21        44
        21        45   1.85645
        21        46
        21        47   4.45252   4.17608
        21        48   4.78570
        21        49   1.84351
        21        50
        21        51   4.92243
        21        52
        21        53   1.85870
        21        54
        21        55   3.97813
        22        24
        22        25
        22        26   1.87258
        22        27
        22        28   4.81812
        22        29   3.34475
        22        30   4.60363
        22        31
        22        32   4.34261
        22        33   4.64203
        22        34   4.88292
        22        35
        22        36   4.81721
        22        37   3.61482
        22        38   4.62506   4.30128
        22        39
        22        40   3.46088
        22        41   3.58845
        22        42
        22        43   4.37389   4.67062
        22        44   4.45252   4.17608
        22        45
        22        46   1.85645
        22        47
        22        48   4.92243
        22        49
        22        50   1.84351
        22        51   4.78570
        22        52   3.97813
        22        53
        22        54   1.85870
        22        55
        23        24
        23        25
        23        26
        23        27   1.87258
        23        28   3.34475
        23        29   4.81812
        23        30
        23        31   4.60363
        23        32   4.64203
        23        33   4.34261
        23        34
        23        35   4.88292
        23        36   3.61482
        23        37   4.81721
        23        38
        23        39   4.30128   4.62506
        23        40   3.58845
        23        41   3.46088
        23        42   4.67062   4.37389
        23        43
        23        44
        23        45   4.17608   4.45252
        23        46
        23        47   1.85645
        23        48
        23        49   4.92243
        23        50   4.78570
        23        51   1.84351
        23        52
        23        53   3.97813
        23        54
        23        55   1.85870
        24         0
        24         1   2.49860
        24         2   4.46748
        24         3   4.70796
        24         4   3.75949
        24         5   4.84492
        24         6
        24         7   2.77590
        24         8   4.85682
        24         9
        24        10
        24        11   1.87313
        24        12   3.92754   4.65332
        24        13
        24        14   4.64881
        24        15   4.33060
        24        16
        24        17   4.18780   4.63993
        24        18   3.85407
        24        19   4.10655
        24        20   1.87258
        24        21
        24        22
        24        23
        25         0   2.49860
        25         1
        25         2   4.70796
        25         3   4.46748
        25         4   4.84492
        25         5   3.75949
        25         6   2.77590
        25         7
        25         8
        25         9   4.85682
        25        10   1.87313
        25        11
        25        12
        25        13   4.65332   3.92754
        25        14   4.33060
        25        15   4.64881
        25        16   4.63993   4.18780
        25        17
        25        18   4.10655
        25        19   3.85407
        25        20
        25        21   1.87258
        25        22
        25        23
        26         0   4.46748
        26         1   4.70796
        26         2
        26         3   2.49860
        26         4
        26         5   2.77590
        26         6   3.75949
        26         7   4.84492
        26         8
        26         9   1.87313
        26        10   4.85682
        26        11
        26        12   4.64881
        26        13   4.33060
        26        14   4.65332   3.92754
        26        15
        26        16   3.85407
        26        17   4.10655
        26        18
        26        19   4.63993   4.18780
        26        20
        26        21
        26        22   1.87258
        26        23
        27         0   4.70796
        27         1   4.46748
        27         2   2.49860
        27         3
        27         4   2.77590
        27         5
        27         6   4.84492
        27         7   3.75949
        27         8   1.87313
        27         9
        27        10
        27        11   4.85682
        27        12   4.33060
        27        13   4.64881
        27        14
        27        15   3.92754   4.65332
        27        16   4.10655
        27        17   3.85407
        27        18   4.18780   4.63993
        27        19
        27        20
        27        21
        27        22
        27        23   1.87258
        28         0
        28         1   3.89628
        28         2   4.31197   4.61722
        28         3
        28         4   4.92448
        28         5   4.30445
        28         6
        28         7   2.48197
        28         8   1.82813
        28         9
        28        10   3.56689
        28        11
        28        12   4.53414
        28        13
        28        14
        28        15   3.09274
        28        16   2.99252
        28        17
        28        18   1.83359
        28        19
        28        20   4.60363
        28        21
        28        22   4.81812
        28        23   3.34475
        29         0   3.89628
        29         1
        29         2
        29         3   4.61722   4.31197
        29         4   4.30445
        29         5   4.92448
        29         6   2.48197
        29         7
        29         8
        29         9   1.82813
        29        10
        29        11   3.56689
        29        12
        29        13   4.53414
        29        14   3.09274
        29        15
        29        16
        29        17   2.99252
        29        18
        29        19   1.83359
        29        20
        29        21   4.60363
        29        22   3.34475
        29        23   4.81812
        30         0   4.61722   4.31197
        30         1
        30         2
        30         3   3.89628
        30         4
        30         5   2.48197
        30         6   4.92448
        30         7   4.30445
        30         8   3.56689
        30         9
        30        10   1.82813
        30        11
        30        12
        30        13   3.09274
        30        14   4.53414
        30        15
        30        16   1.83359
        30        17
        30        18   2.99252
        30        19
        30        20   4.81812
        30        21   3.34475
        30        22   4.60363
        30        23
        31         0
        31         1   4.31197   4.61722
        31         2   3.89628
        31         3
        31         4   2.48197
        31         5
        31         6   4.30445
        31         7   4.92448
        31         8
        31         9   3.56689
        31        10
        31        11   1.82813
        31        12   3.09274
        31        13
        31        14
        31        15   4.53414
        31        16
        31        17   1.83359
        31        18
        31        19   2.99252
        31        20   3.34475
        31        21   4.81812
        31        22
        31        23   4.60363
        32         0   2.43012
        32         1
        32         2   3.33857
        32         3
        32         4   4.44460
        32         5   3.66228
        32         6   4.58227
        32         7   4.45269
        32         8   1.84808
        32         9
        32        10   4.21225   4.60430
        32        11
        32        12   3.61753
        32        13   3.87718
        32        14
        32        15
        32        16   1.85978
        32        17
        32        18   4.42563   4.17237
        32        19
        32        20   4.88292
        32        21
        32        22   4.34261
        32        23   4.64203
        33         0
        33         1   2.43012
        33         2
        33         3   3.33857
        33         4   3.66228
        33         5   4.44460
        33         6   4.45269
        33         7   4.58227
        33         8
        33         9   1.84808
        33        10
        33        11   4.60430   4.21225
        33        12   3.87718
        33        13   3.61753
        33        14
        33        15
        33        16
        33        17   1.85978
        33        18
        33        19   4.17237   4.42563
        33        20
        33        21   4.88292
        33        22   4.64203
        33        23   4.34261
        34         0   3.33857
        34         1
        34         2   2.43012
        34         3
        34         4   4.58227
        34         5   4.45269
        34         6   4.44460
        34         7   3.66228
        34         8   4.60430   4.21225
        34         9
        34        10   1.84808
        34        11
        34        12
        34        13
        34        14   3.61753
        34        15   3.87718
        34        16   4.17237   4.42563
        34        17
        34        18   1.85978
        34        19
        34        20   4.34261
        34        21   4.64203
        34        22   4.88292
        34        23
        35         0
        35         1   3.33857
        35         2
        35         3   2.43012
        35         4   4.45269
        35         5   4.58227
        35         6   3.66228
        35         7   4.44460
        35         8
        35         9   4.21225   4.60430
        35        10
        35        11   1.84808
        35        12
        35        13
        35        14   3.87718
        35        15   3.61753
        35        16
        35        17   4.42563   4.17237
        35        18
        35        19   1.85978
        35        20   4.64203
        35        21   4.34261
        35        22
        35        23   4.88292
        36         0   4.30742
        36         1   2.58060
        36         2
        36         3
        36         4   2.71142
        36         5   4.43609
        36         6
        36         7   4.60238
        36         8   1.87923
        36         9   4.84802
        36        10
        36        11
        36        12   1.86390
        36        13   4.71214
        36        14
        36        15   4.74604
        36        16   4.64226
        36        17   3.52089
        36        18   3.70981
        36        19
        36        20   4.62506   4.30128
        36        21
        36        22   4.81721
        36        23   3.61482
        37         0   2.58060
        37         1   4.30742
        37         2
        37         3
        37         4   4.43609
        37         5   2.71142
        37         6   4.60238
        37         7
        37         8   4.84802
        37         9   1.87923
        37        10
        37        11
        37        12   4.71214
        37        13   1.86390
        37        14   4.74604
        37        15
        37        16   3.52089
        37        17   4.64226
        37        18
        37        19   3.70981
        37        20
        37        21   4.30128   4.62506
        37        22   3.61482
        37        23   4.81721
        38         0
        38         1
        38         2   4.30742
        38         3   2.58060
        38         4
        38         5   4.60238
        38         6   2.71142
        38         7   4.43609
        38         8
        38         9
        38        10   1.87923
        38        11   4.84802
        38        12
        38        13   4.74604
        38        14   1.86390
        38        15   4.71214
        38        16   3.70981
        38        17
        38        18   4.64226
        38        19   3.52089
        38        20   4.81721
        38        21   3.61482
        38        22   4.30128   4.62506
        38        23
        39         0
        39         1
        39         2   2.58060
        39         3   4.30742
        39         4   4.60238
        39         5
        39         6   4.43609
        39         7   2.71142
        39         8
        39         9
        39        10   4.84802
        39        11   1.87923
        39        12   4.74604
        39        13
        39        14   4.71214
        39        15   1.86390
        39        16
        39        17   3.70981
        39        18   3.52089
        39        19   4.64226
        39        20   3.61482
        39        21   4.81721
        39        22
        39        23   4.62506   4.30128
        40         0   4.04412
        40         1
        40         2   4.92730
        40         3   2.73075
        40         4
        40         5   4.24706
        40         6   2.55880
        40         7
        40         8   4.77188
        40         9   4.50516   4.80378
        40        10   4.68714   4.00682
        40        11
        40        12
        40        13   1.87655
        40        14
        40        15
        40        16   1.90071
        40        17   4.85644
        40        18
        40        19
        40        20
        40        21   4.67062   4.37389
        40        22   3.46088
        40        23   3.58845
        41         0
        41         1   4.04412
        41         2   2.73075
        41         3   4.92730
        41         4   4.24706
        41         5
        41         6
        41         7   2.55880
        41         8   4.80378   4.50516
        41         9   4.77188
        41        10
        41        11   4.00682   4.68714
        41        12   1.87655
        41        13
        41        14
        41        15
        41        16   4.85644
        41        17   1.90071
        41        18
        41        19
        41        20   4.37389   4.67062
        41        21
        41        22   3.58845
        41        23   3.46088
        42         0   4.92730
        42         1   2.73075
        42         2   4.04412
        42         3
        42         4   2.55880
        42         5
        42         6
        42         7   4.24706
        42         8   4.00682   4.68714
        42         9
        42        10   4.77188
        42        11   4.80378   4.50516
        42        12
        42        13
        42        14
        42        15   1.87655
        42        16
        42        17
        42        18   1.90071
        42        19   4.85644
        42        20   3.46088
        42        21   3.58845
        42        22
        42        23   4.37389   4.67062
        43         0   2.73075
        43         1   4.92730
        43         2
        43         3   4.04412
        43         4
        43         5   2.55880
        43         6   4.24706
        43         7
        43         8
        43         9   4.68714   4.00682
        43        10   4.50516   4.80378
        43        11   4.77188
        43        12
        43        13
        43        14   1.87655
        43        15
        43        16
        43        17
        43        18   4.85644
        43        19   1.90071
        43        20   3.58845
        43        21   3.46088
        43        22   4.67062   4.37389
        43        23
        44         0   4.05686
        44         1
        44         2   3.08252
        44         3
        44         4
        44         5   3.69616
        44         6
        44         7   2.52561
        44         8
        44         9
        44        10   3.68513
        44        11   3.70355
        44        12   4.74362   4.27303
        44        13
        44        14   1.84296
        44        15   4.78462
        44        16   4.74470
        44        17
        44        18   4.76770   4.59249
        44        19   4.70270
        44        20   1.85645
        44        21
        44        22   4.17608   4.45252
        44        23
        45         0
        45         1   4.05686
        45         2
        45         3   3.08252
        45         4   3.69616
        45         5
        45         6   2.52561
        45         7
        45         8
        45         9
        45        10   3.70355
        45        11   3.68513
        45        12
        45        13   4.27303   4.74362
        45        14   4.78462
        45        15   1.84296
        45        16
        45        17   4.74470
        45        18   4.70270
        45        19   4.59249   4.76770
        45        20
        45        21   1.85645
        45        22
        45        23   4.45252   4.17608
        46         0   3.08252
        46         1
        46         2   4.05686
        46         3
        46         4
        46         5   2.52561
        46         6
        46         7   3.69616
        46         8   3.68513
        46         9   3.70355
        46        10
        46        11
        46        12   1.84296
        46        13   4.78462
        46        14   4.27303   4.74362
        46        15
        46        16   4.59249   4.76770
        46        17   4.70270
        46        18   4.74470
        46        19
        46        20   4.45252   4.17608
        46        21
        46        22   1.85645
        46        23
        47         0
        47         1   3.08252
        47         2
        47         3   4.05686
        47         4   2.52561
        47         5
        47         6   3.69616
        47         7
        47         8   3.70355
        47         9   3.68513
        47        10
        47        11
        47        12   4.78462
        47        13   1.84296
        47        14
        47        15   4.74362   4.27303
        47        16   4.70270
        47        17   4.76770   4.59249
        47        18
        47        19   4.74470
        47        20
        47        21   4.17608   4.45252
        47        22
        47        23   1.85645
        48         0   3.00827
        48         1   4.12837
        48         2
        48         3
        48         4   4.35559
        48         5   2.49589
        48         6
        48         7   4.53363
        48         8   3.81263
        48         9
        48        10   3.42239
        48        11   4.71122
        48        12   4.25636   4.66418
        48        13
        48        14   3.81113
        48        15   4.74370
        48        16   4.36873
        48        17
        48        18   1.84813
        48        19
        48        20   1.84351
        48        21   4.78570
        48        22   4.92243
        48        23
        49         0   4.12837
        49         1   3.00827
        49         2
        49         3
        49         4   2.49589
        49         5   4.35559
        49         6   4.53363
        49         7
        49         8
        49         9   3.81263
        49        10   4.71122
        49        11   3.42239
        49        12
        49        13   4.66418   4.25636
        49        14   4.74370
        49        15   3.81113
        49        16
        49        17   4.36873
        49        18
        49        19   1.84813
        49        20   4.78570
        49        21   1.84351
        49        22
        49        23   4.92243
        50         0
        50         1
        50         2   3.00827
        50         3   4.12837
        50         4
        50         5   4.53363
        50         6   4.35559
        50         7   2.49589
        50         8   3.42239
        50         9   4.71122
        50        10   3.81263
        50        11
        50        12   3.81113
        50        13   4.74370
        50        14   4.66418   4.25636
        50        15
        50        16   1.84813
        50        17
        50        18   4.36873
        50        19
        50        20   4.92243
        50        21
        50        22   1.84351
        50        23   4.78570
        51         0
        51         1
        51         2   4.12837
        51         3   3.00827
        51         4   4.53363
        51         5
        51         6   2.49589
        51         7   4.35559
        51         8   4.71122
        51         9   3.42239
        51        10
        51        11   3.81263
        51        12   4.74370
        51        13   3.81113
        51        14
        51        15   4.25636   4.66418
        51        16
        51        17   1.84813
