         0        20   3.99672   4.71858
         0        21
         0        22   4.59718
         0        23   3.82736
         0        24   2.70728
         0        25   4.43695   4.55577   4.48525
         0        26   4.06912
         0        27   2.61557
         0        28
         0        29
         0        30   4.80862
         0        31
         0        32   2.49524   4.15787
         0        33   2.14034
         0        34   3.68225
         0        35
         1        20
         1        21   4.71858   3.99672
         1        22   3.82736
         1        23   4.59718
         1        24   4.48525   4.55577   4.43695
         1        25   2.70728
         1        26   2.61557
         1        27   4.06912
         1        28
         1        29
         1        30
         1        31   4.80862
         1        32   2.14034
         1        33   4.15787   2.49524
         1        34
         1        35   3.68225
         2        20
         2        21   4.95543
         2        22   4.62020   3.14556
         2        23   4.30642
         2        24
         2        25
         2        26   2.50684
         2        27   3.60769
         2        28   2.94293   3.63811
         2        29   2.62903
         2        30   3.18493
         2        31   3.95081   4.87250
         2        32
         2        33
         2        34   2.63970
         2        35   4.44173   2.73403
         3        20   4.95543
         3        21
         3        22   4.30642
         3        23   3.14556   4.62020
         3        24
         3        25
         3        26   3.60769
         3        27   2.50684
         3        28   2.62903
         3        29   3.63811   2.94293
         3        30   4.87250   3.95081
         3        31   3.18493
         3        32
         3        33
         3        34   2.73403   4.44173
         3        35   2.63970
         4        20   2.51595
         4        21
         4        22
         4        23   3.26703
         4        24   3.82725   4.93695
         4        25   3.81942
         4        26
         4        27   4.28313   2.52769
         4        28   3.79916
         4        29
         4        30   4.06862
         4        31
         4        32   2.47762
         4        33   4.18561   4.07606
         4        34   2.38546
         4        35
         5        20
         5        21   2.51595
         5        22   3.26703
         5        23
         5        24   3.81942
         5        25   4.93695   3.82725
         5        26   2.52769   4.28313
         5        27
         5        28
         5        29   3.79916
         5        30
         5        31   4.06862
         5        32   4.07606   4.18561
         5        33   2.47762
         5        34
         5        35   2.38546
         6        20   4.37913
         6        21   3.44115
         6        22   2.86694
         6        23   4.52872
         6        24   4.59063
         6        25
         6        26   4.96652   4.68677
         6        27   4.90342
         6        28   4.55787   2.96655
         6        29   2.43670
         6        30   2.14380
         6        31   2.22789   4.09944
         6        32
         6        33
         6        34   4.02144
         6        35   4.41421   4.75309   4.85397
         7        20   3.44115
         7        21   4.37913
         7        22   4.52872
         7        23   2.86694
         7        24
         7        25   4.59063
         7        26   4.90342
         7        27   4.68677   4.96652
         7        28   2.43670
         7        29   2.96655   4.55787
         7        30   4.09944   2.22789
         7        31   2.14380
         7        32
         7        33
         7        34   4.85397   4.75309   4.41421
         7        35   4.02144
         8        20   2.95491
         8        21   2.65714   4.77104
         8        22   4.28603   4.65953
         8        23   4.27534
         8        24   4.05642   2.26687
         8        25   2.07371
         8        26   4.51466
         8        27
         8        28
         8        29
         8        30
         8        31   4.18937
         8        32   2.36382
         8        33   3.53009   4.83668
         8        34
         8        35   4.92086
         9        20   4.77104   2.65714
         9        21   2.95491
         9        22   4.27534
         9        23   4.65953   4.28603
         9        24   2.07371
         9        25   2.26687   4.05642
         9        26
         9        27   4.51466
         9        28
         9        29
         9        30   4.18937
         9        31
         9        32   4.83668   3.53009
         9        33   2.36382
         9        34   4.92086
         9        35
        10        20   2.51886   4.06979
        10        21
        10        22
        10        23   3.84353   4.68961
        10        24   4.08658
        10        25   3.69637
        10        26
        10        27   2.51572
        10        28   2.82885   4.91941
        10        29
        10        30   4.73276   2.26638
        10        31   4.56271
        10        32   4.03949
        10        33   4.78682
        10        34   4.15608   2.78865
        10        35
        11        20
        11        21   4.06979   2.51886
        11        22   4.68961   3.84353
        11        23
        11        24   3.69637
        11        25   4.08658
        11        26   2.51572
        11        27
        11        28
        11        29   4.91941   2.82885
        11        30   4.56271
        11        31   2.26638   4.73276
        11        32   4.78682
        11        33   4.03949
        11        34
        11        35   2.78865   4.15608
        12        20
        12        21   3.32556   4.30111
        12        22   3.46647   2.66373
        12        23
        12        24   4.99627   2.32050
        12        25   4.44148
        12        26   2.29690
        12        27
        12        28   4.08131
        12        29
        12        30   4.74581
        12        31   2.94309
        12        32   2.80642   4.82348
        12        33   4.66459
        12        34
        12        35   4.78321   4.14195
        13        20   4.30111   3.32556
        13        21
        13        22
        13        23   2.66373   3.46647
        13        24   4.44148
        13        25   2.32050   4.99627
        13        26
        13        27   2.29690
        13        28
        13        29   4.08131
        13        30   2.94309
        13        31   4.74581
        13        32   4.66459
        13        33   4.82348   2.80642
        13        34   4.14195   4.78321
        13        35
        14        20
        14        21   4.13585
        14        22   1.71551
        14        23
        14        24   4.44949
        14        25
        14        26   4.49974   1.95110
        14        27   4.70186
        14        28   2.24275
        14        29   4.50231   4.14214
        14        30   4.57890
        14        31   4.25110   4.35080
        14        32   3.76509
        14        33
        14        34   3.98765
        14        35   1.92214
        15        20   4.13585
        15        21
        15        22
        15        23   1.71551
        15        24
        15        25   4.44949
        15        26   4.70186
        15        27   1.95110   4.49974
        15        28   4.14214   4.50231
        15        29   2.24275
        15        30   4.35080   4.25110
        15        31   4.57890
        15        32
        15        33   3.76509
        15        34   1.92214
        15        35   3.98765
        16        20   4.03447
        16        21   2.17870
        16        22   1.74251
        16        23
        16        24   1.81777   4.46728
        16        25   4.47219   4.76259
        16        26   4.69398   3.67673
        16        27
        16        28   4.62514
        16        29
        16        30
        16        31   4.53306   4.52925
        16        32   4.88295   2.06811
        16        33   4.35934
        16        34
        16        35   4.11235
        17        20   2.17870
        17        21   4.03447
        17        22
        17        23   1.74251
        17        24   4.76259   4.47219
        17        25   4.46728   1.81777
        17        26
        17        27   3.67673   4.69398
        17        28
        17        29   4.62514
        17        30   4.52925   4.53306
        17        31
        17        32   4.35934
        17        33   2.06811   4.88295
        17        34   4.11235
        17        35
        18        20   2.14707
        18        21
        18        22   4.34797
        18        23   4.49385   4.12188
        18        24
        18        25
        18        26
        18        27   4.43129   3.70988
        18        28   4.83575   2.04546
        18        29   4.20952
        18        30   1.75928   4.64974
        18        31   4.56697
        18        32   4.69195
        18        33
        18        34   1.86547
        18        35   4.65000
        19        20
        19        21   2.14707
        19        22   4.12188   4.49385
        19        23   4.34797
        19        24
        19        25
        19        26   3.70988   4.43129
        19        27
        19        28   4.20952
        19        29   2.04546   4.83575
        19        30   4.56697
        19        31   4.64974   1.75928
        19        32
        19        33   4.69195
        19        34   4.65000
        19        35   1.86547
        20         0   4.71858   3.99672
        20         1
        20         2
        20         3   4.95543
        20         4   2.51595
        20         5
        20         6   4.37913
        20         7   3.44115
        20         8   2.95491
        20         9   2.65714   4.77104
        20        10   4.06979   2.51886
        20        11
        20        12
        20        13   3.32556   4.30111
        20        14
        20        15   4.13585
        20        16   4.03447
        20        17   2.17870
        20        18   2.14707
        20        19
        21         0
        21         1   3.99672   4.71858
        21         2   4.95543
        21         3
        21         4
        21         5   2.51595
        21         6   3.44115
        21         7   4.37913
        21         8   4.77104   2.65714
        21         9   2.95491
        21        10
        21        11   2.51886   4.06979
        21        12   4.30111   3.32556
        21        13
        21        14   4.13585
        21        15
        21        16   2.17870
        21        17   4.03447
        21        18
        21        19   2.14707
        22         0   4.59718
        22         1   3.82736
        22         2   3.14556   4.62020
        22         3   4.30642
        22         4
        22         5   3.26703
        22         6   2.86694
        22         7   4.52872
        22         8   4.65953   4.28603
        22         9   4.27534
        22        10
        22        11   3.84353   4.68961
        22        12   2.66373   3.46647
        22        13
        22        14   1.71551
        22        15
        22        16   1.74251
        22        17
        22        18   4.34797
        22        19   4.49385   4.12188
        23         0   3.82736
        23         1   4.59718
        23         2   4.30642
        23         3   4.62020   3.14556
        23         4   3.26703
        23         5
        23         6   4.52872
        23         7   2.86694
        23         8   4.27534
        23         9   4.28603   4.65953
        23        10   4.68961   3.84353
        23        11
        23        12
        23        13   3.46647   2.66373
        23        14
        23        15   1.71551
        23        16
        23        17   1.74251
        23        18   4.12188   4.49385
        23        19   4.34797
        24         0   2.70728
        24         1   4.43695   4.55577   4.48525
        24         2
        24         3
        24         4   4.93695   3.82725
        24         5   3.81942
        24         6   4.59063
        24         7
        24         8   2.26687   4.05642
        24         9   2.07371
        24        10   4.08658
        24        11   3.69637
        24        12   2.32050   4.99627
        24        13   4.44148
        24        14   4.44949
        24        15
        24        16   4.46728   1.81777
        24        17   4.47219   4.76259
        24        18
        24        19
        25         0   4.48525   4.55577   4.43695
        25         1   2.70728
        25         2
        25         3
        25         4   3.81942
        25         5   3.82725   4.93695
        25         6
        25         7   4.59063
        25         8   2.07371
        25         9   4.05642   2.26687
        25        10   3.69637
        25        11   4.08658
        25        12   4.44148
        25        13   4.99627   2.32050
        25        14
        25        15   4.44949
        25        16   4.76259   4.47219
        25        17   1.81777   4.46728
        25        18
        25        19
        26         0   4.06912
        26         1   2.61557
        26         2   2.50684
        26         3   3.60769
        26         4
        26         5   4.28313   2.52769
        26         6   4.68677   4.96652
        26         7   4.90342
        26         8   4.51466
        26         9
        26        10
        26        11   2.51572
        26        12   2.29690
        26        13
        26        14   1.95110   4.49974
        26        15   4.70186
        26        16   3.67673   4.69398
        26        17
        26        18
        26        19   4.43129   3.70988
        27         0   2.61557
        27         1   4.06912
        27         2   3.60769
        27         3   2.50684
        27         4   2.52769   4.28313
        27         5
        27         6   4.90342
        27         7   4.96652   4.68677
        27         8
        27         9   4.51466
        27        10   2.51572
        27        11
        27        12
        27        13   2.29690
        27        14   4.70186
        27        15   4.49974   1.95110
        27        16
        27        17   4.69398   3.67673
        27        18   3.70988   4.43129
        27        19
        28         0
        28         1
        28         2   3.63811   2.94293
        28         3   2.62903
        28         4   3.79916
        28         5
        28         6   2.96655   4.55787
        28         7   2.43670
        28         8
        28         9
        28        10   4.91941   2.82885
        28        11
        28        12   4.08131
        28        13
        28        14   2.24275
        28        15   4.50231   4.14214
        28        16   4.62514
        28        17
        28        18   2.04546   4.83575
        28        19   4.20952
        29         0
        29         1
        29         2   2.62903
        29         3   2.94293   3.63811
        29         4
        29         5   3.79916
        29         6   2.43670
        29         7   4.55787   2.96655
        29         8
        29         9
        29        10
        29        11   2.82885   4.91941
        29        12
        29        13   4.08131
        29        14   4.14214   4.50231
        29        15   2.24275
        29        16
        29        17   4.62514
        29        18   4.20952
        29        19   4.83575   2.04546
        30         0   4.80862
        30         1
        30         2   3.18493
        30         3   3.95081   4.87250
        30         4   4.06862
        30         5
        30         6   2.14380
        30         7   2.22789   4.09944
        30         8
        30         9   4.18937
        30        10   2.26638   4.73276
        30        11   4.56271
        30        12   4.74581
        30        13   2.94309
        30        14   4.57890
        30        15   4.25110   4.35080
        30        16
        30        17   4.53306   4.52925
        30        18   4.64974   1.75928
        30        19   4.56697
        31         0
        31         1   4.80862
        31         2   4.87250   3.95081
        31         3   3.18493
        31         4
        31         5   4.06862
        31         6   4.09944   2.22789
        31         7   2.14380
        31         8   4.18937
        31         9
        31        10   4.56271
        31        11   4.73276   2.26638
        31        12   2.94309
        31        13   4.74581
        31        14   4.35080   4.25110
        31        15   4.57890
        31        16   4.52925   4.53306
        31        17
        31        18   4.56697
        31        19   1.75928   4.64974
        32         0   4.15787   2.49524
        32         1   2.14034
        32         2
        32         3
        32         4   2.47762
        32         5   4.18561   4.07606
        32         6
        32         7
        32         8   2.36382
        32         9   3.53009   4.83668
        32        10   4.03949
        32        11   4.78682
        32        12   4.82348   2.80642
        32        13   4.66459
        32        14   3.76509
        32        15
        32        16   2.06811   4.88295
        32        17   4.35934
        32        18   4.69195
        32        19
        33         0   2.14034
        33         1   2.49524   4.15787
        33         2
        33         3
        33         4   4.07606   4.18561
        33         5   2.47762
        33         6
        33         7
        33         8   4.83668   3.53009
        33         9   2.36382
        33        10   4.78682
        33        11   4.03949
        33        12   4.66459
        33        13   2.80642   4.82348
        33        14
        33        15   3.76509
        33        16   4.35934
        33        17   4.88295   2.06811
        33        18
        33        19   4.69195
        34         0   3.68225
        34         1
        34         2   2.63970
        34         3   4.44173   2.73403
        34         4   2.38546
        34         5
        34         6   4.02144
        34         7   4.41421   4.75309   4.85397
        34         8
        34         9   4.92086
        34        10   2.78865   4.15608
        34        11
        34        12
        34        13   4.78321   4.14195
        34        14   3.98765
        34        15   1.92214
        34        16
        34        17   4.11235
        34        18   1.86547
        34        19   4.65000
        35         0
        35         1   3.68225
        35         2   2.73403   4.44173
        35         3   2.63970
        35         4
        35         5   2.38546
        35         6   4.85397   4.75309   4.41421
        35         7   4.02144
        35         8   4.92086
        35         9
        35        10
        35        11   4.15608   2.78865
        35        12   4.14195   4.78321
        35        13
        35        14   1.92214
        35        15   3.98765
        35        16   4.11235
        35        17
        35        18   4.65000
        35        19   1.86547
