         0        20   2.32761
         0        21   2.35212
         0        22   3.88358
         0        23   2.83113   3.53170
         0        24   4.62063
         0        25   2.42366
         0        26   4.80558
         0        27
         0        28   4.90666
         0        29   4.23837
         0        30   3.51602
         0        31   4.36146
         1        20   2.35212
         1        21   2.32761
         1        22   3.53170   2.83113
         1        23   3.88358
         1        24   2.42366
         1        25   4.62063
         1        26
         1        27   4.80558
         1        28   4.23837
         1        29   4.90666
         1        30   4.36146
         1        31   3.51602
         2        20   3.67145
         2        21   2.28570   3.93114
         2        22   4.45515
         2        23   2.11951
         2        24   4.53621
         2        25   4.24251
         2        26
         2        27   4.90883
         2        28   3.59362
         2        29   4.72611
         2        30   4.89308   2.19960
         2        31   4.09983   4.92206
         3        20   3.93114   2.28570
         3        21   3.67145
         3        22   2.11951
         3        23   4.45515
         3        24   4.24251
         3        25   4.53621
         3        26   4.90883
         3        27
         3        28   4.72611
         3        29   3.59362
         3        30   4.09983   4.92206
         3        31   2.19960   4.89308
         4        20   4.19465
         4        21   4.54728   2.35879
         4        22   2.14685
         4        23   2.74303   4.53786
         4        24   4.17686   2.62130
         4        25   3.60556
         4        26   4.40451
         4        27   3.98034
         4        28
         4        29
         4        30   3.96953
         4        31   4.95257
         5        20   2.35879   4.54728
         5        21   4.19465
         5        22   4.53786   2.74303
         5        23   2.14685
         5        24   3.60556
         5        25   2.62130   4.17686
         5        26   3.98034
         5        27   4.40451
         5        28
         5        29
         5        30   4.95257
         5        31   3.96953
         6        20   4.42620
         6        21   2.63481
         6        22   4.61493   4.11848
         6        23   4.54269   1.85173
         6        24   2.32313
         6        25   2.36380   4.98947
         6        26   4.79694   3.60338
         6        27   4.23468
         6        28
         6        29   4.73553
         6        30
         6        31
         7        20   2.63481
         7        21   4.42620
         7        22   1.85173   4.54269
         7        23   4.11848   4.61493
         7        24   4.98947   2.36380
         7        25   2.32313
         7        26   4.23468
         7        27   3.60338   4.79694
         7        28   4.73553
         7        29
         7        30
         7        31
         8        20   4.80558
         8        21
         8        22   4.90666
         8        23   4.23837
         8        24   3.51602
         8        25   4.36146
         8        26   2.32761
         8        27   2.35212
         8        28   3.88358
         8        29   2.83113   3.53170
         8        30   4.62063
         8        31   2.42366
         9        20
         9        21   4.80558
         9        22   4.23837
         9        23   4.90666
         9        24   4.36146
         9        25   3.51602
         9        26   2.35212
         9        27   2.32761
         9        28   3.53170   2.83113
         9        29   3.88358
         9        30   2.42366
         9        31   4.62063
        10        20
        10        21   4.90883
        10        22   3.59362
        10        23   4.72611
        10        24   4.89308   2.19960
        10        25   4.09983   4.92206
        10        26   3.67145
        10        27   2.28570   3.93114
        10        28   4.45515
        10        29   2.11951
        10        30   4.53621
        10        31   4.24251
        11        20   4.90883
        11        21
        11        22   4.72611
        11        23   3.59362
        11        24   4.09983   4.92206
        11        25   2.19960   4.89308
        11        26   3.93114   2.28570
        11        27   3.67145
        11        28   2.11951
        11        29   4.45515
        11        30   4.24251
        11        31   4.53621
        12        20   4.40451
        12        21   3.98034
        12        22
        12        23
        12        24   3.96953
        12        25   4.95257
        12        26   4.19465
        12        27   4.54728   2.35879
        12        28   2.14685
        12        29   2.74303   4.53786
        12        30   4.17686   2.62130
        12        31   3.60556
        13        20   3.98034
        13        21   4.40451
        13        22
        13        23
        13        24   4.95257
        13        25   3.96953
        13        26   2.35879   4.54728
        13        27   4.19465
        13        28   4.53786   2.74303
        13        29   2.14685
        13        30   3.60556
        13        31   2.62130   4.17686
        14        20   4.79694   3.60338
        14        21   4.23468
        14        22
        14        23   4.73553
        14        24
        14        25
        14        26   4.42620
        14        27   2.63481
        14        28   4.61493   4.11848
        14        29   4.54269   1.85173
        14        30   2.32313
        14        31   2.36380   4.98947
        15        20   4.23468
        15        21   3.60338   4.79694
        15        22   4.73553
        15        23
        15        24
        15        25
        15        26   2.63481
        15        27   4.42620
        15        28   1.85173   4.54269
        15        29   4.11848   4.61493
        15        30   4.98947   2.36380
        15        31   2.32313
        16        20   4.28120
        16        21   4.56119
        16        22   4.72179   2.18553
        16        23   4.07777   4.79303
        16        24   1.87586   4.15095
        16        25   4.26084   4.92736
        16        26   4.59454   4.48105
        16        27   1.86228
        16        28   4.53166
        16        29   4.52561   4.89522
        16        30
        16        31
        17        20   4.56119
        17        21   4.28120
        17        22   4.07777   4.79303
        17        23   2.18553   4.72179
        17        24   4.92736   4.26084
        17        25   4.15095   1.87586
        17        26   1.86228
        17        27   4.59454   4.48105
        17        28   4.89522   4.52561
        17        29   4.53166
        17        30
        17        31
        18        20   4.59454   4.48105
        18        21   1.86228
        18        22   4.53166
        18        23   4.52561   4.89522
        18        24
        18        25
        18        26   4.28120
        18        27   4.56119
        18        28   4.72179   2.18553
        18        29   4.07777   4.79303
        18        30   1.87586   4.15095
        18        31   4.26084   4.92736
        19        20   1.86228
        19        21   4.59454   4.48105
        19        22   4.89522   4.52561
        19        23   4.53166
        19        24
        19        25
        19        26   4.56119
        19        27   4.28120
        19        28   4.07777   4.79303
        19        29   2.18553   4.72179
        19        30   4.92736   4.26084
        19        31   4.15095   1.87586
        20         0   2.32761
        20         1   2.35212
        20         2   3.67145
        20         3   2.28570   3.93114
        20         4   4.19465
        20         5   4.54728   2.35879
        20         6   4.42620
        20         7   2.63481
        20         8   4.80558
        20         9
        20        10
        20        11   4.90883
        20        12   4.40451
        20        13   3.98034
        20        14   3.60338   4.79694
        20        15   4.23468
        20        16   4.28120
        20        17   4.56119
        20        18   4.48105   4.59454
        20        19   1.86228
        21         0   2.35212
        21         1   2.32761
        21         2   3.93114   2.28570
        21         3   3.67145
        21         4   2.35879   4.54728
        21         5   4.19465
        21         6   2.63481
        21         7   4.42620
        21         8
        21         9   4.80558
        21        10   4.90883
        21        11
        21        12   3.98034
        21        13   4.40451
        21        14   4.23468
        21        15   4.79694   3.60338
        21        16   4.56119
        21        17   4.28120
        21        18   1.86228
        21        19   4.48105   4.59454
        22         0   3.88358
        22         1   2.83113   3.53170
        22         2   4.45515
        22         3   2.11951
        22         4   2.14685
        22         5   2.74303   4.53786
        22         6   4.11848   4.61493
        22         7   4.54269   1.85173
        22         8   4.90666
        22         9   4.23837
        22        10   3.59362
        22        11   4.72611
        22        12
        22        13
        22        14
        22        15   4.73553
        22        16   2.18553   4.72179
        22        17   4.79303   4.07777
        22        18   4.53166
        22        19   4.52561   4.89522
        23         0   3.53170   2.83113
        23         1   3.88358
        23         2   2.11951
        23         3   4.45515
        23         4   4.53786   2.74303
        23         5   2.14685
        23         6   1.85173   4.54269
        23         7   4.61493   4.11848
        23         8   4.23837
        23         9   4.90666
        23        10   4.72611
        23        11   3.59362
        23        12
        23        13
        23        14   4.73553
        23        15
        23        16   4.79303   4.07777
        23        17   4.72179   2.18553
        23        18   4.89522   4.52561
        23        19   4.53166
        24         0   4.62063
        24         1   2.42366
        24         2   4.53621
        24         3   4.24251
        24         4   2.62130   4.17686
        24         5   3.60556
        24         6   2.32313
        24         7   2.36380   4.98947
        24         8   3.51602
        24         9   4.36146
        24        10   2.19960   4.89308
        24        11   4.92206   4.09983
        24        12   3.96953
        24        13   4.95257
        24        14
        24        15
        24        16   4.15095   1.87586
        24        17   4.26084   4.92736
        24        18
        24        19
        25         0   2.42366
        25         1   4.62063
        25         2   4.24251
        25         3   4.53621
        25         4   3.60556
        25         5   4.17686   2.62130
        25         6   4.98947   2.36380
        25         7   2.32313
        25         8   4.36146
        25         9   3.51602
        25        10   4.92206   4.09983
        25        11   4.89308   2.19960
        25        12   4.95257
        25        13   3.96953
        25        14
        25        15
        25        16   4.92736   4.26084
        25        17   1.87586   4.15095
        25        18
        25        19
        26         0   4.80558
        26         1
        26         2
        26         3   4.90883
        26         4   4.40451
        26         5   3.98034
        26         6   3.60338   4.79694
        26         7   4.23468
        26         8   2.32761
        26         9   2.35212
        26        10   3.67145
        26        11   2.28570   3.93114
        26        12   4.19465
        26        13   4.54728   2.35879
        26        14   4.42620
        26        15   2.63481
        26        16   4.48105   4.59454
        26        17   1.86228
        26        18   4.28120
        26        19   4.56119
        27         0
        27         1   4.80558
        27         2   4.90883
        27         3
        27         4   3.98034
        27         5   4.40451
        27         6   4.23468
        27         7   4.79694   3.60338
        27         8   2.35212
        27         9   2.32761
        27        10   3.93114   2.28570
        27        11   3.67145
        27        12   2.35879   4.54728
        27        13   4.19465
        27        14   2.63481
        27        15   4.42620
        27        16   1.86228
        27        17   4.48105   4.59454
        27        18   4.56119
        27        19   4.28120
        28         0   4.90666
        28         1   4.23837
        28         2   3.59362
        28         3   4.72611
        28         4
        28         5
        28         6
        28         7   4.73553
        28         8   3.88358
        28         9   2.83113   3.53170
        28        10   4.45515
        28        11   2.11951
        28        12   2.14685
        28        13   2.74303   4.53786
        28        14   4.11848   4.61493
        28        15   4.54269   1.85173
        28        16   4.53166
        28        17   4.52561   4.89522
        28        18   2.18553   4.72179
        28        19   4.79303   4.07777
        29         0   4.23837
        29         1   4.90666
        29         2   4.72611
        29         3   3.59362
        29         4
        29         5
        29         6   4.73553
        29         7
        29         8   3.53170   2.83113
        29         9   3.88358
        29        10   2.11951
        29        11   4.45515
        29        12   4.53786   2.74303
        29        13   2.14685
        29        14   1.85173   4.54269
        29        15   4.61493   4.11848
        29        16   4.89522   4.52561
        29        17   4.53166
        29        18   4.79303   4.07777
        29        19   4.72179   2.18553
        30         0   3.51602
        30         1   4.36146
        30         2   2.19960   4.89308
        30         3   4.92206   4.09983
        30         4   3.96953
        30         5   4.95257
        30         6
        30         7
        30         8   4.62063
        30         9   2.42366
        30        10   4.53621
        30        11   4.24251
        30        12   2.62130   4.17686
        30        13   3.60556
        30        14   2.32313
        30        15   2.36380   4.98947
        30        16
        30        17
        30        18   4.15095   1.87586
        30        19   4.26084   4.92736
        31         0   4.36146
        31         1   3.51602
        31         2   4.92206   4.09983
        31         3   4.89308   2.19960
        31         4   4.95257
        31         5   3.96953
        31         6
        31         7
        31         8   2.42366
        31         9   4.62063
        31        10   4.24251
        31        11   4.53621
        31        12   3.60556
        31        13   4.17686   2.62130
        31        14   4.98947   2.36380
        31        15   2.32313
        31        16
        31        17
        31        18   4.92736   4.26084
        31        19   1.87586   4.15095
