         0        40
         0        41   2.71776
         0        42   2.62730
         0        43
         0        44   4.24195
         0        45   3.76854
         0        46
         0        47
         0        48   2.40816
         0        49
         0        50
         0        51
         0        52
         0        53   4.66141
         0        54   2.33228
         0        55
         0        56   2.37435
         0        57
         0        58
         0        59   4.59105
         0        60   3.94744
         0        61
         0        62   4.13814
         0        63   4.81761
         0        64   4.14514
         0        65
         0        66
         0        67   4.15108
         1        40   2.71776
         1        41
         1        42
         1        43   2.62730
         1        44   3.76854
         1        45   4.24195
         1        46
         1        47
         1        48
         1        49   2.40816
         1        50
         1        51
         1        52   4.66141
         1        53
         1        54
         1        55   2.33228
         1        56
         1        57   2.37435
         1        58   4.59105
         1        59
         1        60
         1        61   3.94744
         1        62   4.81761
         1        63   4.13814
         1        64
         1        65   4.14514
         1        66   4.15108
         1        67
         2        40   2.62730
         2        41
         2        42
         2        43   2.71776
         2        44
         2        45
         2        46   4.24195
         2        47   3.76854
         2        48
         2        49
         2        50   2.40816
         2        51
         2        52   2.33228
         2        53
         2        54
         2        55   4.66141
         2        56
         2        57   4.59105
         2        58   2.37435
         2        59
         2        60   4.13814
         2        61   4.81761
         2        62   3.94744
         2        63
         2        64
         2        65   4.15108
         2        66   4.14514
         2        67
         3        40
         3        41   2.62730
         3        42   2.71776
         3        43
         3        44
         3        45
         3        46   3.76854
         3        47   4.24195
         3        48
         3        49
         3        50
         3        51   2.40816
         3        52
         3        53   2.33228
         3        54   4.66141
         3        55
         3        56   4.59105
         3        57
         3        58
         3        59   2.37435
         3        60   4.81761
         3        61   4.13814
         3        62
         3        63   3.94744
         3        64   4.15108
         3        65
         3        66
         3        67   4.14514
         4        40   2.21849
         4        41
         4        42   4.25809
         4        43
         4        44   4.53181
         4        45   2.25205
         4        46
         4        47   4.45365
         4        48   4.17579
         4        49   3.21889
         4        50   4.28628
         4        51
         4        52
         4        53   4.96836
         4        54
         4        55   4.44418
         4        56   4.25313
         4        57
         4        58   4.58655
         4        59
         4        60   2.56255
         4        61
         4        62   2.34603
         4        63
         4        64   4.52847
         4        65   4.86468
         4        66
         4        67
         5        40
         5        41   2.21849
         5        42
         5        43   4.25809
         5        44   2.25205
         5        45   4.53181
         5        46   4.45365
         5        47
         5        48   3.21889
         5        49   4.17579
         5        50
         5        51   4.28628
         5        52   4.96836
         5        53
         5        54   4.44418
         5        55
         5        56
         5        57   4.25313
         5        58
         5        59   4.58655
         5        60
         5        61   2.56255
         5        62
         5        63   2.34603
         5        64   4.86468
         5        65   4.52847
         5        66
         5        67
         6        40   4.25809
         6        41
         6        42   2.21849
         6        43
         6        44
         6        45   4.45365
         6        46   4.53181
         6        47   2.25205
         6        48   4.28628
         6        49
         6        50   4.17579
         6        51   3.21889
         6        52
         6        53   4.44418
         6        54
         6        55   4.96836
         6        56   4.58655
         6        57
         6        58   4.25313
         6        59
         6        60   2.34603
         6        61
         6        62   2.56255
         6        63
         6        64
         6        65
         6        66   4.52847
         6        67   4.86468
         7        40
         7        41   4.25809
         7        42
         7        43   2.21849
         7        44   4.45365
         7        45
         7        46   2.25205
         7        47   4.53181
         7        48
         7        49   4.28628
         7        50   3.21889
         7        51   4.17579
         7        52   4.44418
         7        53
         7        54   4.96836
         7        55
         7        56
         7        57   4.58655
         7        58
         7        59   4.25313
         7        60
         7        61   2.34603
         7        62
         7        63   2.56255
         7        64
         7        65
         7        66   4.86468
         7        67   4.52847
         8        40   4.54975   4.60194
         8        41   4.28408
         8        42   4.71486
         8        43
         8        44   3.69200
         8        45   3.96263
         8        46
         8        47   4.83664
         8        48
         8        49   2.37451
         8        50
         8        51   4.60884
         8        52   4.81722
         8        53   3.39969
         8        54
         8        55
         8        56   2.25985
         8        57
         8        58   3.88880
         8        59
         8        60
         8        61   4.60722
         8        62   2.47980
         8        63
         8        64   4.98373
         8        65   2.35786
         8        66   4.93671
         8        67
         9        40   4.28408
         9        41   4.60194   4.54975
         9        42
         9        43   4.71486
         9        44   3.96263
         9        45   3.69200
         9        46   4.83664
         9        47
         9        48   2.37451
         9        49
         9        50   4.60884
         9        51
         9        52   3.39969
         9        53   4.81722
         9        54
         9        55
         9        56
         9        57   2.25985
         9        58
         9        59   3.88880
         9        60   4.60722
         9        61
         9        62
         9        63   2.47980
         9        64   2.35786
         9        65   4.98373
         9        66
         9        67   4.93671
        10        40   4.71486
        10        41
        10        42   4.60194   4.54975
        10        43   4.28408
        10        44
        10        45   4.83664
        10        46   3.69200
        10        47   3.96263
        10        48
        10        49   4.60884
        10        50
        10        51   2.37451
        10        52
        10        53
        10        54   4.81722
        10        55   3.39969
        10        56   3.88880
        10        57
        10        58   2.25985
        10        59
        10        60   2.47980
        10        61
        10        62
        10        63   4.60722
        10        64   4.93671
        10        65
        10        66   4.98373
        10        67   2.35786
        11        40
        11        41   4.71486
        11        42   4.28408
        11        43   4.54975   4.60194
        11        44   4.83664
        11        45
        11        46   3.96263
        11        47   3.69200
        11        48   4.60884
        11        49
        11        50   2.37451
        11        51
        11        52
        11        53
        11        54   3.39969
        11        55   4.81722
        11        56
        11        57   3.88880
        11        58
        11        59   2.25985
        11        60
        11        61   2.47980
        11        62   4.60722
        11        63
        11        64
        11        65   4.93671
        11        66   2.35786
        11        67   4.98373
        12        40
        12        41   2.42147
        12        42
        12        43
        12        44   2.63310
        12        45
        12        46   4.25475
        12        47
        12        48   4.80256   4.29833
        12        49
        12        50
        12        51
        12        52   2.29608
        12        53   4.82356
        12        54   2.33811
        12        55
        12        56   3.87623
        12        57   3.67662
        12        58
        12        59   4.83908
        12        60
        12        61   3.98980
        12        62
        12        63
        12        64   2.70316
        12        65   3.94731
        12        66   4.54481
        12        67
        13        40   2.42147
        13        41
        13        42
        13        43
        13        44
        13        45   2.63310
        13        46
        13        47   4.25475
        13        48
        13        49   4.29833   4.80256
        13        50
        13        51
        13        52   4.82356
        13        53   2.29608
        13        54
        13        55   2.33811
        13        56   3.67662
        13        57   3.87623
        13        58   4.83908
        13        59
        13        60   3.98980
        13        61
        13        62
        13        63
        13        64   3.94731
        13        65   2.70316
        13        66
        13        67   4.54481
        14        40
        14        41
        14        42
        14        43   2.42147
        14        44   4.25475
        14        45
        14        46   2.63310
        14        47
        14        48
        14        49
        14        50   4.29833   4.80256
        14        51
        14        52   2.33811
        14        53
        14        54   2.29608
        14        55   4.82356
        14        56
        14        57   4.83908
        14        58   3.87623
        14        59   3.67662
        14        60
        14        61
        14        62
        14        63   3.98980
        14        64   4.54481
        14        65
        14        66   2.70316
        14        67   3.94731
        15        40
        15        41
        15        42   2.42147
        15        43
        15        44
        15        45   4.25475
        15        46
        15        47   2.63310
        15        48
        15        49
        15        50
        15        51   4.80256   4.29833
        15        52
        15        53   2.33811
        15        54   4.82356
        15        55   2.29608
        15        56   4.83908
        15        57
        15        58   3.67662
        15        59   3.87623
        15        60
        15        61
        15        62   3.98980
        15        63
        15        64
        15        65   4.54481
        15        66   3.94731
        15        67   2.70316
        16        40   2.29824
        16        41
        16        42
        16        43
        16        44   2.26294
        16        45   4.66915
        16        46
        16        47   4.45192
        16        48   4.24921
        16        49   3.07691
        16        50   2.47411
        16        51
        16        52   3.89100
        16        53
        16        54
        16        55
        16        56
        16        57   3.83501
        16        58
        16        59
        16        60   4.82351
        16        61   4.65977
        16        62   2.34909
        16        63
        16        64
        16        65   4.27049
        16        66   4.11622
        16        67
        17        40
        17        41   2.29824
        17        42
        17        43
        17        44   4.66915
        17        45   2.26294
        17        46   4.45192
        17        47
        17        48   3.07691
        17        49   4.24921
        17        50
        17        51   2.47411
        17        52
        17        53   3.89100
        17        54
        17        55
        17        56   3.83501
        17        57
        17        58
        17        59
        17        60   4.65977
        17        61   4.82351
        17        62
        17        63   2.34909
        17        64   4.27049
        17        65
        17        66
        17        67   4.11622
        18        40
        18        41
        18        42   2.29824
        18        43
        18        44
        18        45   4.45192
        18        46   2.26294
        18        47   4.66915
        18        48   2.47411
        18        49
        18        50   4.24921
        18        51   3.07691
        18        52
        18        53
        18        54   3.89100
        18        55
        18        56
        18        57
        18        58
        18        59   3.83501
        18        60   2.34909
        18        61
        18        62   4.82351
        18        63   4.65977
        18        64   4.11622
        18        65
        18        66
        18        67   4.27049
        19        40
        19        41
        19        42
        19        43   2.29824
        19        44   4.45192
        19        45
        19        46   4.66915
        19        47   2.26294
        19        48
        19        49   2.47411
        19        50   3.07691
        19        51   4.24921
        19        52
        19        53
        19        54
        19        55   3.89100
        19        56
        19        57
        19        58   3.83501
        19        59
        19        60
        19        61   2.34909
        19        62   4.65977
        19        63   4.82351
        19        64
        19        65   4.11622
        19        66   4.27049
        19        67
        20        40   3.97341
        20        41
        20        42
        20        43   3.99391
        20        44   2.52320
        20        45
        20        46
        20        47   4.61599
        20        48
        20        49   4.14032
        20        50   3.88036
        20        51
        20        52   2.46174
        20        53
        20        54   3.99569
        20        55   4.78975
        20        56   4.17823
        20        57   4.64047
        20        58   2.58434
        20        59
        20        60
        20        61   4.75175
        20        62   2.57317
        20        63
        20        64
        20        65   2.60713
        20        66   2.55752
        20        67
        21        40
        21        41   3.97341
        21        42   3.99391
        21        43
        21        44
        21        45   2.52320
        21        46   4.61599
        21        47
        21        48   4.14032
        21        49
        21        50
        21        51   3.88036
        21        52
        21        53   2.46174
        21        54   4.78975
        21        55   3.99569
        21        56   4.64047
        21        57   4.17823
        21        58
        21        59   2.58434
        21        60   4.75175
        21        61
        21        62
        21        63   2.57317
        21        64   2.60713
        21        65
        21        66
        21        67   2.55752
        22        40
        22        41   3.99391
        22        42   3.97341
        22        43
        22        44
        22        45   4.61599
        22        46   2.52320
        22        47
        22        48   3.88036
        22        49
        22        50
        22        51   4.14032
        22        52   3.99569
        22        53   4.78975
        22        54   2.46174
        22        55
        22        56   2.58434
        22        57
        22        58   4.17823
        22        59   4.64047
        22        60   2.57317
        22        61
        22        62
        22        63   4.75175
        22        64   2.55752
        22        65
        22        66
        22        67   2.60713
        23        40   3.99391
        23        41
        23        42
        23        43   3.97341
        23        44   4.61599
        23        45
        23        46
        23        47   2.52320
        23        48
        23        49   3.88036
        23        50   4.14032
        23        51
        23        52   4.78975
        23        53   3.99569
        23        54
        23        55   2.46174
        23        56
        23        57   2.58434
        23        58   4.64047
        23        59   4.17823
        23        60
        23        61   2.57317
        23        62   4.75175
        23        63
        23        64
        23        65   2.55752
        23        66   2.60713
        23        67
        24        40   2.45083
        24        41
        24        42
        24        43
        24        44
        24        45   3.63095
        24        46
        24        47
        24        48
        24        49
        24        50
        24        51
        24        52   4.03678
        24        53   3.82417
        24        54
        24        55
        24        56   2.39011
        24        57
        24        58   2.25874
        24        59
        24        60   2.33919
        24        61
        24        62   4.76049   4.31190
        24        63
        24        64   3.80782
        24        65   3.08425
        24        66
        24        67   4.44951
        25        40
        25        41   2.45083
        25        42
        25        43
        25        44   3.63095
        25        45
        25        46
        25        47
        25        48
        25        49
        25        50
        25        51
        25        52   3.82417
        25        53   4.03678
        25        54
        25        55
        25        56
        25        57   2.39011
        25        58
        25        59   2.25874
        25        60
        25        61   2.33919
        25        62
        25        63   4.31190   4.76049
        25        64   3.08425
        25        65   3.80782
        25        66   4.44951
        25        67
        26        40
        26        41
        26        42   2.45083
        26        43
        26        44
        26        45
        26        46
        26        47   3.63095
        26        48
        26        49
        26        50
        26        51
        26        52
        26        53
        26        54   4.03678
        26        55   3.82417
        26        56   2.25874
        26        57
        26        58   2.39011
        26        59
        26        60   4.31190   4.76049
        26        61
        26        62   2.33919
        26        63
        26        64
        26        65   4.44951
        26        66   3.80782
        26        67   3.08425
        27        40
        27        41
        27        42
        27        43   2.45083
        27        44
        27        45
        27        46   3.63095
        27        47
        27        48
        27        49
        27        50
        27        51
        27        52
        27        53
        27        54   3.82417
        27        55   4.03678
        27        56
        27        57   2.25874
        27        58
        27        59   2.39011
        27        60
        27        61   4.76049   4.31190
        27        62
        27        63   2.33919
        27        64   4.44951
        27        65
        27        66   3.08425
        27        67   3.80782
        28        40   4.93429
        28        41   3.88200
        28        42   4.11743
        28        43
        28        44   2.26895
        28        45
        28        46   4.36860
        28        47
        28        48   2.44259
        28        49
        28        50   2.45981
        28        51
        28        52   4.24341   4.83542
        28        53
        28        54   2.32145
        28        55
        28        56
        28        57
        28        58
        28        59   4.11024
        28        60
        28        61
        28        62   4.16881
        28        63
        28        64
        28        65
        28        66   3.39962
        28        67
        29        40   3.88200
        29        41   4.93429
        29        42
        29        43   4.11743
        29        44
        29        45   2.26895
        29        46
        29        47   4.36860
        29        48
        29        49   2.44259
        29        50
        29        51   2.45981
        29        52
        29        53   4.83542   4.24341
        29        54
        29        55   2.32145
        29        56
        29        57
        29        58   4.11024
        29        59
        29        60
        29        61
        29        62
        29        63   4.16881
        29        64
        29        65
        29        66
        29        67   3.39962
        30        40   4.11743
        30        41
        30        42   4.93429
        30        43   3.88200
        30        44   4.36860
        30        45
        30        46   2.26895
        30        47
        30        48   2.45981
        30        49
        30        50   2.44259
        30        51
        30        52   2.32145
        30        53
        30        54   4.83542   4.24341
        30        55
        30        56
        30        57   4.11024
        30        58
        30        59
        30        60   4.16881
        30        61
        30        62
        30        63
        30        64   3.39962
        30        65
        30        66
        30        67
        31        40
        31        41   4.11743
        31        42   3.88200
        31        43   4.93429
        31        44
        31        45   4.36860
        31        46
        31        47   2.26895
        31        48
        31        49   2.45981
        31        50
        31        51   2.44259
        31        52
        31        53   2.32145
        31        54
        31        55   4.24341   4.83542
        31        56   4.11024
        31        57
        31        58
        31        59
        31        60
        31        61   4.16881
        31        62
        31        63
        31        64
        31        65   3.39962
        31        66
        31        67
        32        40   1.87496
        32        41
        32        42
        32        43
        32        44   3.85331
        32        45
        32        46
        32        47
        32        48   4.94813
        32        49   4.97393   4.84600
        32        50   4.36992
        32        51
        32        52   1.87841
        32        53
        32        54
        32        55   4.05135
        32        56
        32        57   1.87417
        32        58   4.03345
        32        59
        32        60
        32        61   3.99051
        32        62
        32        63
        32        64   4.46733
        32        65   1.94493
        32        66
        32        67
        33        40
        33        41   1.87496
        33        42
        33        43
        33        44
        33        45   3.85331
        33        46
        33        47
        33        48   4.84600   4.97393
        33        49   4.94813
        33        50
        33        51   4.36992
        33        52
        33        53   1.87841
        33        54   4.05135
        33        55
        33        56   1.87417
        33        57
        33        58
        33        59   4.03345
        33        60   3.99051
        33        61
        33        62
        33        63
        33        64   1.94493
        33        65   4.46733
        33        66
        33        67
        34        40
        34        41
        34        42   1.87496
        34        43
        34        44
        34        45
        34        46   3.85331
        34        47
        34        48   4.36992
        34        49
        34        50   4.94813
        34        51   4.84600   4.97393
        34        52
        34        53   4.05135
        34        54   1.87841
        34        55
        34        56   4.03345
        34        57
        34        58
        34        59   1.87417
        34        60
        34        61
        34        62
        34        63   3.99051
        34        64
        34        65
        34        66   4.46733
        34        67   1.94493
        35        40
        35        41
        35        42
        35        43   1.87496
        35        44
        35        45
        35        46
        35        47   3.85331
        35        48
        35        49   4.36992
        35        50   4.97393   4.84600
        35        51   4.94813
        35        52   4.05135
        35        53
        35        54
        35        55   1.87841
        35        56
        35        57   4.03345
        35        58   1.87417
        35        59
        35        60
        35        61
        35        62   3.99051
        35        63
        35        64
        35        65
        35        66   1.94493
        35        67   4.46733
        36        40   4.80684   4.75823
        36        41   4.34729
        36        42
        36        43   4.31366
        36        44   1.87144
        36        45
        36        46
        36        47   3.97602
        36        48
        36        49   1.90528
        36        50
        36        51
        36        52   4.03172
        36        53   4.85426
        36        54
        36        55
        36        56   4.98636
        36        57   3.89394
        36        58
        36        59
        36        60
        36        61   1.89459
        36        62   3.96562
        36        63   4.78901
        36        64
        36        65   1.92503
        36        66
        36        67
        37        40   4.34729
        37        41   4.75823   4.80684
        37        42   4.31366
        37        43
        37        44
        37        45   1.87144
        37        46   3.97602
        37        47
        37        48   1.90528
        37        49
        37        50
        37        51
        37        52   4.85426
        37        53   4.03172
        37        54
        37        55
        37        56   3.89394
        37        57   4.98636
        37        58
        37        59
        37        60   1.89459
        37        61
        37        62   4.78901
        37        63   3.96562
        37        64   1.92503
        37        65
        37        66
        37        67
        38        40
        38        41   4.31366
        38        42   4.75823   4.80684
        38        43   4.34729
        38        44
        38        45   3.97602
        38        46   1.87144
        38        47
        38        48
        38        49
        38        50
        38        51   1.90528
        38        52
        38        53
        38        54   4.03172
        38        55   4.85426
        38        56
        38        57
        38        58   4.98636
        38        59   3.89394
        38        60   3.96562
        38        61   4.78901
        38        62
        38        63   1.89459
        38        64
        38        65
        38        66
        38        67   1.92503
        39        40   4.31366
        39        41
        39        42   4.34729
        39        43   4.80684   4.75823
        39        44   3.97602
        39        45
        39        46
        39        47   1.87144
        39        48
        39        49
        39        50   1.90528
        39        51
        39        52
        39        53
        39        54   4.85426
        39        55   4.03172
        39        56
        39        57
        39        58   3.89394
        39        59   4.98636
        39        60   4.78901
        39        61   3.96562
        39        62   1.89459
        39        63
        39        64
        39        65
        39        66   1.92503
        39        67
        40         0
        40         1   2.71776
        40         2   2.62730
        40         3
        40         4   2.21849
        40         5
        40         6   4.25809
        40         7
        40         8   4.60194   4.54975
        40         9   4.28408
        40        10   4.71486
        40        11
        40        12
        40        13   2.42147
        40        14
        40        15
        40        16   2.29824
        40        17
        40        18
        40        19
        40        20   3.97341
        40        21
        40        22
        40        23   3.99391
        40        24   2.45083
        40        25
        40        26
        40        27
        40        28   4.93429
        40        29   3.88200
        40        30   4.11743
        40        31
        40        32   1.87496
        40        33
        40        34
        40        35
        40        36   4.75823   4.80684
        40        37   4.34729
        40        38
        40        39   4.31366
        41         0   2.71776
        41         1
        41         2
        41         3   2.62730
        41         4
        41         5   2.21849
        41         6
        41         7   4.25809
        41         8   4.28408
        41         9   4.54975   4.60194
        41        10
        41        11   4.71486
        41        12   2.42147
        41        13
        41        14
        41        15
        41        16
        41        17   2.29824
        41        18
        41        19
        41        20
        41        21   3.97341
        41        22   3.99391
        41        23
        41        24
        41        25   2.45083
        41        26
        41        27
        41        28   3.88200
        41        29   4.93429
        41        30
        41        31   4.11743
        41        32
        41        33   1.87496
        41        34
        41        35
        41        36   4.34729
        41        37   4.80684   4.75823
        41        38   4.31366
        41        39
        42         0   2.62730
        42         1
        42         2
        42         3   2.71776
        42         4   4.25809
        42         5
        42         6   2.21849
        42         7
        42         8   4.71486
        42         9
        42        10   4.54975   4.60194
        42        11   4.28408
        42        12
        42        13
        42        14
        42        15   2.42147
        42        16
        42        17
        42        18   2.29824
        42        19
        42        20
        42        21   3.99391
        42        22   3.97341
        42        23
        42        24
        42        25
        42        26   2.45083
        42        27
        42        28   4.11743
        42        29
        42        30   4.93429
        42        31   3.88200
        42        32
        42        33
        42        34   1.87496
        42        35
        42        36
        42        37   4.31366
        42        38   4.80684   4.75823
        42        39   4.34729
        43         0
        43         1   2.62730
        43         2   2.71776
        43         3
        43         4
        43         5   4.25809
        43         6
        43         7   2.21849
        43         8
        43         9   4.71486
        43        10   4.28408
        43        11   4.60194   4.54975
        43        12
        43        13
        43        14   2.42147
        43        15
        43        16
        43        17
        43        18
        43        19   2.29824
        43        20   3.99391
        43        21
        43        22
        43        23   3.97341
        43        24
        43        25
        43        26
        43        27   2.45083
        43        28
        43        29   4.11743
        43        30   3.88200
        43        31   4.93429
        43        32
        43        33
        43        34
        43        35   1.87496
        43        36   4.31366
        43        37
        43        38   4.34729
        43        39   4.75823   4.80684
        44         0   4.24195
        44         1   3.76854
        44         2
        44         3
        44         4   4.53181
        44         5   2.25205
        44         6
        44         7   4.45365
        44         8   3.69200
        44         9   3.96263
        44        10
        44        11   4.83664
        44        12   2.63310
        44        13
        44        14   4.25475
        44        15
        44        16   2.26294
        44        17   4.66915
        44        18
        44        19   4.45192
        44        20   2.52320
        44        21
        44        22
        44        23   4.61599
        44        24
        44        25   3.63095
        44        26
        44        27
        44        28   2.26895
        44        29
        44        30   4.36860
        44        31
        44        32   3.85331
        44        33
        44        34
        44        35
        44        36   1.87144
        44        37
        44        38
        44        39   3.97602
        45         0   3.76854
        45         1   4.24195
        45         2
        45         3
        45         4   2.25205
        45         5   4.53181
        45         6   4.45365
        45         7
        45         8   3.96263
        45         9   3.69200
        45        10   4.83664
        45        11
        45        12
        45        13   2.63310
        45        14
        45        15   4.25475
        45        16   4.66915
        45        17   2.26294
        45        18   4.45192
        45        19
        45        20
        45        21   2.52320
        45        22   4.61599
        45        23
        45        24   3.63095
        45        25
        45        26
        45        27
        45        28
        45        29   2.26895
        45        30
        45        31   4.36860
        45        32
        45        33   3.85331
        45        34
        45        35
        45        36
        45        37   1.87144
        45        38   3.97602
        45        39
        46         0
        46         1
        46         2   4.24195
        46         3   3.76854
        46         4
        46         5   4.45365
        46         6   4.53181
        46         7   2.25205
        46         8
        46         9   4.83664
        46        10   3.69200
        46        11   3.96263
        46        12   4.25475
        46        13
        46        14   2.63310
        46        15
        46        16
        46        17   4.45192
        46        18   2.26294
        46        19   4.66915
        46        20
        46        21   4.61599
        46        22   2.52320
        46        23
        46        24
        46        25
        46        26
        46        27   3.63095
        46        28   4.36860
        46        29
        46        30   2.26895
        46        31
        46        32
        46        33
        46        34   3.85331
        46        35
        46        36
        46        37   3.97602
        46        38   1.87144
        46        39
        47         0
        47         1
        47         2   3.76854
        47         3   4.24195
        47         4   4.45365
        47         5
        47         6   2.25205
        47         7   4.53181
        47         8   4.83664
        47         9
        47        10   3.96263
        47        11   3.69200
        47        12
        47        13   4.25475
        47        14
        47        15   2.63310
        47        16   4.45192
        47        17
        47        18   4.66915
        47        19   2.26294
        47        20   4.61599
        47        21
        47        22
        47        23   2.52320
        47        24
        47        25
        47        26   3.63095
        47        27
        47        28
        47        29   4.36860
        47        30
        47        31   2.26895
        47        32
        47        33
        47        34
        47        35   3.85331
        47        36   3.97602
        47        37
        47        38
        47        39   1.87144
        48         0   2.40816
        48         1
        48         2
        48         3
        48         4   4.17579
        48         5   3.21889
        48         6   4.28628
        48         7
        48         8
        48         9   2.37451
        48        10
        48        11   4.60884
        48        12   4.29833   4.80256
        48        13
        48        14
        48        15
        48        16   4.24921
        48        17   3.07691
        48        18   2.47411
        48        19
        48        20
        48        21   4.14032
        48        22   3.88036
        48        23
        48        24
        48        25
        48        26
        48        27
        48        28   2.44259
        48        29
        48        30   2.45981
        48        31
        48        32   4.94813
        48        33   4.97393   4.84600
        48        34   4.36992
        48        35
        48        36
        48        37   1.90528
        48        38
        48        39
        49         0
        49         1   2.40816
        49         2
        49         3
        49         4   3.21889
        49         5   4.17579
        49         6
        49         7   4.28628
        49         8   2.37451
        49         9
        49        10   4.60884
        49        11
        49        12
        49        13   4.80256   4.29833
        49        14
        49        15
        49        16   3.07691
        49        17   4.24921
        49        18
        49        19   2.47411
        49        20   4.14032
        49        21
        49        22
        49        23   3.88036
        49        24
        49        25
        49        26
        49        27
        49        28
        49        29   2.44259
        49        30
        49        31   2.45981
        49        32   4.84600   4.97393
        49        33   4.94813
        49        34
        49        35   4.36992
        49        36   1.90528
        49        37
        49        38
        49        39
        50         0
        50         1
        50         2   2.40816
        50         3
        50         4   4.28628
        50         5
