         0        32
         0        33   2.49293
         0        34
         0        35   4.86396
         0        36   3.77664   3.12241
         0        37
         0        38   3.71101
         0        39
         0        40
         0        41
         0        42   2.47819   4.47100
         0        43   4.10643
         0        44   4.02731
         0        45
         0        46   4.66354   2.34420
         0        47
         0        48
         0        49
         0        50
         0        51   3.19236
         0        52   2.48185   4.73580
         0        53   4.16521
         0        54
         0        55
         1        32   2.49293
         1        33
         1        34   4.86396
         1        35
         1        36
         1        37   3.77664   3.12241
         1        38
         1        39   3.71101
         1        40
         1        41
         1        42   4.10643
         1        43   2.47819   4.47100
         1        44
         1        45   4.02731
         1        46
         1        47   4.66354   2.34420
         1        48
         1        49
         1        50   3.19236
         1        51
         1        52   4.16521
         1        53   2.48185   4.73580
         1        54
         1        55
         2        32   4.36528
         2        33   4.86815
         2        34
         2        35
         2        36   4.05709
         2        37
         2        38   2.46834   4.70581
         2        39   2.36203
         2        40   4.67522
         2        41   4.88696
         2        42   4.61591   2.30634
         2        43   2.23972
         2        44   4.89944
         2        45   4.71358
         2        46   3.06599
         2        47   4.23747
         2        48   4.88173
         2        49   3.71154
         2        50
         2        51
         2        52   4.75935
         2        53   4.89086
         2        54
         2        55
         3        32   4.86815
         3        33   4.36528
         3        34
         3        35
         3        36
         3        37   4.05709
         3        38   2.36203
         3        39   2.46834   4.70581
         3        40   4.88696
         3        41   4.67522
         3        42   2.23972
         3        43   4.61591   2.30634
         3        44   4.71358
         3        45   4.89944
         3        46   4.23747
         3        47   3.06599
         3        48   3.71154
         3        49   4.88173
         3        50
         3        51
         3        52   4.89086
         3        53   4.75935
         3        54
         3        55
         4        32   4.59356
         4        33   4.46491
         4        34   4.49183
         4        35
         4        36   4.20452   4.70029
         4        37   2.67762
         4        38
         4        39
         4        40
         4        41
         4        42   4.95989
         4        43   4.69056
         4        44
         4        45
         4        46   4.34407
         4        47   3.25837
         4        48
         4        49
         4        50   2.39963   4.66955
         4        51   2.32480
         4        52   2.26796
         4        53   4.46266   2.64452
         4        54   4.38916
         4        55   4.37805
         5        32   4.46491
         5        33   4.59356
         5        34
         5        35   4.49183
         5        36   2.67762
         5        37   4.20452   4.70029
         5        38
         5        39
         5        40
         5        41
         5        42   4.69056
         5        43   4.95989
         5        44
         5        45
         5        46   3.25837
         5        47   4.34407
         5        48
         5        49
         5        50   2.32480
         5        51   2.39963   4.66955
         5        52   4.46266   2.64452
         5        53   2.26796
         5        54   4.37805
         5        55   4.38916
         6        32   2.30330
         6        33   4.43879   2.29167
         6        34   4.19902
         6        35   4.40916
         6        36   2.50555
         6        37   3.34326
         6        38
         6        39   4.90471
         6        40
         6        41   4.39787
         6        42   2.34727
         6        43   4.13733   4.18990
         6        44
         6        45
         6        46   4.54838
         6        47   4.58216
         6        48
         6        49
         6        50   4.95630
         6        51   4.83351
         6        52   4.14609
         6        53
         6        54
         6        55
         7        32   4.43879   2.29167
         7        33   2.30330
         7        34   4.40916
         7        35   4.19902
         7        36   3.34326
         7        37   2.50555
         7        38   4.90471
         7        39
         7        40   4.39787
         7        41
         7        42   4.13733   4.18990
         7        43   2.34727
         7        44
         7        45
         7        46   4.58216
         7        47   4.54838
         7        48
         7        49
         7        50   4.83351
         7        51   4.95630
         7        52
         7        53   4.14609
         7        54
         7        55
         8        32   4.01786   4.07730
         8        33   2.36651
         8        34   2.72581
         8        35   4.75603   2.69014
         8        36   4.85916   4.54088
         8        37   3.85875
         8        38   4.36686
         8        39
         8        40   2.37584
         8        41   2.35960   4.76511
         8        42
         8        43
         8        44
         8        45
         8        46
         8        47
         8        48   4.47955
         8        49
         8        50
         8        51   4.47894
         8        52
         8        53
         8        54   4.52979
         8        55   4.34690
         9        32   2.36651
         9        33   4.01786   4.07730
         9        34   4.75603   2.69014
         9        35   2.72581
         9        36   3.85875
         9        37   4.85916   4.54088
         9        38
         9        39   4.36686
         9        40   2.35960   4.76511
         9        41   2.37584
         9        42
         9        43
         9        44
         9        45
         9        46
         9        47
         9        48
         9        49   4.47955
         9        50   4.47894
         9        51
         9        52
         9        53
         9        54   4.34690
         9        55   4.52979
        10        32   4.75245
        10        33   2.40267
        10        34
        10        35   3.44058   3.82049
        10        36   2.36927   4.55665
        10        37
        10        38
        10        39
        10        40
        10        41   3.43024
        10        42   4.14650
        10        43
        10        44
        10        45
        10        46
        10        47
        10        48
        10        49   4.98042
        10        50   3.47359
        10        51   4.20043   2.51131
        10        52   3.34943
        10        53
        10        54   4.98529
        10        55   2.44367
        11        32   2.40267
        11        33   4.75245
        11        34   3.44058   3.82049
        11        35
        11        36
        11        37   2.36927   4.55665
        11        38
        11        39
        11        40   3.43024
        11        41
        11        42
        11        43   4.14650
        11        44
        11        45
        11        46
        11        47
        11        48   4.98042
        11        49
        11        50   4.20043   2.51131
        11        51   3.47359
        11        52
        11        53   3.34943
        11        54   2.44367
        11        55   4.98529
        12        32   4.02731
        12        33
        12        34   4.66354   2.34420
        12        35
        12        36
        12        37
        12        38
        12        39   3.19236
        12        40   2.48185   4.73580
        12        41   4.16521
        12        42
        12        43
        12        44
        12        45   2.49293
        12        46
        12        47   4.86396
        12        48   3.77664   3.12241
        12        49
        12        50   3.71101
        12        51
        12        52
        12        53
        12        54   2.47819   4.47100
        12        55   4.10643
        13        32
        13        33   4.02731
        13        34
        13        35   4.66354   2.34420
        13        36
        13        37
        13        38   3.19236
        13        39
        13        40   4.16521
        13        41   2.48185   4.73580
        13        42
        13        43
        13        44   2.49293
        13        45
        13        46   4.86396
        13        47
        13        48
        13        49   3.77664   3.12241
        13        50
        13        51   3.71101
        13        52
        13        53
        13        54   4.10643
        13        55   2.47819   4.47100
        14        32   4.89944
        14        33   4.71358
        14        34   3.06599
        14        35   4.23747
        14        36   4.88173
        14        37   3.71154
        14        38
        14        39
        14        40   4.75935
        14        41   4.89086
        14        42
        14        43
        14        44   4.36528
        14        45   4.86815
        14        46
        14        47
        14        48   4.05709
        14        49
        14        50   2.46834   4.70581
        14        51   2.36203
        14        52   4.67522
        14        53   4.88696
        14        54   4.61591   2.30634
        14        55   2.23972
        15        32   4.71358
        15        33   4.89944
        15        34   4.23747
        15        35   3.06599
        15        36   3.71154
        15        37   4.88173
        15        38
        15        39
        15        40   4.89086
        15        41   4.75935
        15        42
        15        43
        15        44   4.86815
        15        45   4.36528
        15        46
        15        47
        15        48
        15        49   4.05709
        15        50   2.36203
        15        51   2.46834   4.70581
        15        52   4.88696
        15        53   4.67522
        15        54   2.23972
        15        55   4.61591   2.30634
        16        32
        16        33
        16        34   4.34407
        16        35   3.25837
        16        36
        16        37
        16        38   2.39963   4.66955
        16        39   2.32480
        16        40   2.26796
        16        41   4.46266   2.64452
        16        42   4.38916
        16        43   4.37805
        16        44   4.59356
        16        45   4.46491
        16        46   4.49183
        16        47
        16        48   4.20452   4.70029
        16        49   2.67762
        16        50
        16        51
        16        52
        16        53
        16        54   4.95989
        16        55   4.69056
        17        32
        17        33
        17        34   3.25837
        17        35   4.34407
        17        36
        17        37
        17        38   2.32480
        17        39   2.39963   4.66955
        17        40   4.46266   2.64452
        17        41   2.26796
        17        42   4.37805
        17        43   4.38916
        17        44   4.46491
        17        45   4.59356
        17        46
        17        47   4.49183
        17        48   2.67762
        17        49   4.20452   4.70029
        17        50
        17        51
        17        52
        17        53
        17        54   4.69056
        17        55   4.95989
        18        32
        18        33
        18        34   4.54838
        18        35   4.58216
        18        36
        18        37
        18        38   4.95630
        18        39   4.83351
        18        40   4.14609
        18        41
        18        42
        18        43
        18        44   2.30330
        18        45   4.43879   2.29167
        18        46   4.19902
        18        47   4.40916
        18        48   2.50555
        18        49   3.34326
        18        50
        18        51   4.90471
        18        52
        18        53   4.39787
        18        54   2.34727
        18        55   4.13733   4.18990
        19        32
        19        33
        19        34   4.58216
        19        35   4.54838
        19        36
        19        37
        19        38   4.83351
        19        39   4.95630
        19        40
        19        41   4.14609
        19        42
        19        43
        19        44   4.43879   2.29167
        19        45   2.30330
        19        46   4.40916
        19        47   4.19902
        19        48   3.34326
        19        49   2.50555
        19        50   4.90471
        19        51
        19        52   4.39787
        19        53
        19        54   4.13733   4.18990
        19        55   2.34727
        20        32
        20        33
        20        34
        20        35
        20        36   4.47955
        20        37
        20        38
        20        39   4.47894
        20        40
        20        41
        20        42   4.52979
        20        43   4.34690
        20        44   4.01786   4.07730
        20        45   2.36651
        20        46   2.72581
        20        47   4.75603   2.69014
        20        48   4.85916   4.54088
        20        49   3.85875
        20        50   4.36686
        20        51
        20        52   2.37584
        20        53   2.35960   4.76511
        20        54
        20        55
        21        32
        21        33
        21        34
        21        35
        21        36
        21        37   4.47955
        21        38   4.47894
        21        39
        21        40
        21        41
        21        42   4.34690
        21        43   4.52979
        21        44   2.36651
        21        45   4.01786   4.07730
        21        46   4.75603   2.69014
        21        47   2.72581
        21        48   3.85875
        21        49   4.85916   4.54088
        21        50
        21        51   4.36686
        21        52   2.35960   4.76511
        21        53   2.37584
        21        54
        21        55
        22        32
        22        33
        22        34
        22        35
        22        36
        22        37   4.98042
        22        38   3.47359
        22        39   4.20043   2.51131
        22        40   3.34943
        22        41
        22        42   4.98529
        22        43   2.44367
        22        44   4.75245
        22        45   2.40267
        22        46
        22        47   3.44058   3.82049
        22        48   2.36927   4.55665
        22        49
        22        50
        22        51
        22        52
        22        53   3.43024
        22        54   4.14650
        22        55
        23        32
        23        33
        23        34
        23        35
        23        36   4.98042
        23        37
        23        38   4.20043   2.51131
        23        39   3.47359
        23        40
        23        41   3.34943
        23        42   2.44367
        23        43   4.98529
        23        44   2.40267
        23        45   4.75245
        23        46   3.44058   3.82049
        23        47
        23        48
        23        49   2.36927   4.55665
        23        50
        23        51
        23        52   3.43024
        23        53
        23        54
        23        55   4.14650
        24        32   4.83672
        24        33   4.41910   4.01923
        24        34
        24        35
        24        36   1.92785
        24        37
        24        38   4.40442   4.98343
        24        39   4.93836
        24        40
        24        41
        24        42   1.85659
        24        43   4.68136
        24        44   4.93821   4.65435
        24        45
        24        46   1.90725   4.81339
        24        47
        24        48
        24        49   4.14206
        24        50   4.63851
        24        51   4.22485   4.75749
        24        52   1.84335
        24        53   4.16926
        24        54
        24        55
        25        32   4.41910   4.01923
        25        33   4.83672
        25        34
        25        35
        25        36
        25        37   1.92785
        25        38   4.93836
        25        39   4.40442   4.98343
        25        40
        25        41
        25        42   4.68136
        25        43   1.85659
        25        44
        25        45   4.93821   4.65435
        25        46
        25        47   1.90725   4.81339
        25        48   4.14206
        25        49
        25        50   4.22485   4.75749
        25        51   4.63851
        25        52   4.16926
        25        53   1.84335
        25        54
        25        55
        26        32   1.89102
        26        33   4.32438
        26        34   1.91828
        26        35
        26        36
        26        37   4.85118   1.89515
        26        38
        26        39
        26        40   4.49371   4.51458
        26        41   4.71142
        26        42
        26        43   4.97885   4.81753
        26        44
        26        45
        26        46
        26        47   4.18808
        26        48   4.95582
        26        49
        26        50   1.88021
        26        51   4.54900
        26        52   4.92523
        26        53   4.57265   4.66353
        26        54   4.28753   4.01886
        26        55   4.73426
        27        32   4.32438
        27        33   1.89102
        27        34
        27        35   1.91828
        27        36   4.85118   1.89515
        27        37
        27        38
        27        39
        27        40   4.71142
        27        41   4.49371   4.51458
        27        42   4.97885   4.81753
        27        43
        27        44
        27        45
        27        46   4.18808
        27        47
        27        48
        27        49   4.95582
        27        50   4.54900
        27        51   1.88021
        27        52   4.57265   4.66353
        27        53   4.92523
        27        54   4.73426
        27        55   4.28753   4.01886
        28        32   4.93821   4.65435
        28        33
        28        34   1.90725   4.81339
        28        35
        28        36
        28        37   4.14206
        28        38   4.63851
        28        39   4.22485   4.75749
        28        40   1.84335
        28        41   4.16926
        28        42
        28        43
        28        44   4.83672
        28        45   4.41910   4.01923
        28        46
        28        47
        28        48   1.92785
        28        49
        28        50   4.40442   4.98343
        28        51   4.93836
        28        52
        28        53
        28        54   1.85659
        28        55   4.68136
        29        32
        29        33   4.93821   4.65435
        29        34
        29        35   1.90725   4.81339
        29        36   4.14206
        29        37
        29        38   4.22485   4.75749
        29        39   4.63851
        29        40   4.16926
        29        41   1.84335
        29        42
        29        43
        29        44   4.41910   4.01923
        29        45   4.83672
        29        46
        29        47
        29        48
        29        49   1.92785
        29        50   4.93836
        29        51   4.40442   4.98343
        29        52
        29        53
        29        54   4.68136
        29        55   1.85659
        30        32
        30        33
        30        34
        30        35   4.18808
        30        36   4.95582
        30        37
        30        38   1.88021
        30        39   4.54900
        30        40   4.92523
        30        41   4.57265   4.66353
        30        42   4.28753   4.01886
        30        43   4.73426
        30        44   1.89102
        30        45   4.32438
        30        46   1.91828
        30        47
        30        48
        30        49   4.85118   1.89515
        30        50
        30        51
        30        52   4.49371   4.51458
        30        53   4.71142
        30        54
        30        55   4.97885   4.81753
        31        32
        31        33
        31        34   4.18808
        31        35
        31        36
        31        37   4.95582
        31        38   4.54900
        31        39   1.88021
        31        40   4.57265   4.66353
        31        41   4.92523
        31        42   4.73426
        31        43   4.28753   4.01886
        31        44   4.32438
        31        45   1.89102
        31        46
        31        47   1.91828
        31        48   4.85118   1.89515
        31        49
        31        50
        31        51
        31        52   4.71142
        31        53   4.49371   4.51458
        31        54   4.97885   4.81753
        31        55
        32         0
        32         1   2.49293
        32         2   4.36528
        32         3   4.86815
        32         4   4.59356
        32         5   4.46491
        32         6   2.30330
        32         7   2.29167   4.43879
        32         8   4.07730   4.01786
        32         9   2.36651
        32        10   4.75245
        32        11   2.40267
        32        12   4.02731
        32        13
        32        14   4.89944
        32        15   4.71358
        32        16
        32        17
        32        18
        32        19
        32        20
        32        21
        32        22
        32        23
        32        24   4.83672
        32        25   4.01923   4.41910
        32        26   1.89102
        32        27   4.32438
        32        28   4.65435   4.93821
        32        29
        32        30
        32        31
        33         0   2.49293
        33         1
        33         2   4.86815
        33         3   4.36528
        33         4   4.46491
        33         5   4.59356
        33         6   2.29167   4.43879
        33         7   2.30330
        33         8   2.36651
        33         9   4.07730   4.01786
        33        10   2.40267
        33        11   4.75245
        33        12
        33        13   4.02731
        33        14   4.71358
        33        15   4.89944
        33        16
        33        17
        33        18
        33        19
        33        20
        33        21
        33        22
        33        23
        33        24   4.01923   4.41910
        33        25   4.83672
        33        26   4.32438
        33        27   1.89102
        33        28
        33        29   4.65435   4.93821
        33        30
        33        31
        34         0
        34         1   4.86396
        34         2
        34         3
        34         4   4.49183
        34         5
        34         6   4.19902
        34         7   4.40916
        34         8   2.72581
        34         9   2.69014   4.75603
        34        10
        34        11   3.82049   3.44058
        34        12   2.34420   4.66354
        34        13
        34        14   3.06599
        34        15   4.23747
        34        16   4.34407
        34        17   3.25837
        34        18   4.54838
        34        19   4.58216
        34        20
        34        21
        34        22
        34        23
        34        24
        34        25
        34        26   1.91828
        34        27
        34        28   4.81339   1.90725
        34        29
        34        30
        34        31   4.18808
        35         0   4.86396
        35         1
        35         2
        35         3
        35         4
        35         5   4.49183
        35         6   4.40916
        35         7   4.19902
        35         8   2.69014   4.75603
        35         9   2.72581
        35        10   3.82049   3.44058
        35        11
        35        12
        35        13   2.34420   4.66354
        35        14   4.23747
        35        15   3.06599
        35        16   3.25837
        35        17   4.34407
        35        18   4.58216
        35        19   4.54838
        35        20
        35        21
        35        22
        35        23
        35        24
        35        25
        35        26
        35        27   1.91828
        35        28
        35        29   4.81339   1.90725
        35        30   4.18808
        35        31
        36         0   3.12241   3.77664
        36         1
        36         2   4.05709
        36         3
        36         4   4.70029   4.20452
        36         5   2.67762
        36         6   2.50555
        36         7   3.34326
        36         8   4.54088   4.85916
        36         9   3.85875
        36        10   4.55665   2.36927
        36        11
        36        12
        36        13
        36        14   4.88173
        36        15   3.71154
        36        16
        36        17
        36        18
        36        19
        36        20   4.47955
        36        21
        36        22
        36        23   4.98042
        36        24   1.92785
        36        25
        36        26
        36        27   1.89515   4.85118
        36        28
        36        29   4.14206
        36        30   4.95582
        36        31
        37         0
        37         1   3.12241   3.77664
        37         2
        37         3   4.05709
        37         4   2.67762
        37         5   4.70029   4.20452
        37         6   3.34326
        37         7   2.50555
        37         8   3.85875
        37         9   4.54088   4.85916
        37        10
        37        11   4.55665   2.36927
        37        12
        37        13
        37        14   3.71154
        37        15   4.88173
        37        16
        37        17
        37        18
        37        19
        37        20
        37        21   4.47955
        37        22   4.98042
        37        23
        37        24
        37        25   1.92785
        37        26   1.89515   4.85118
        37        27
        37        28   4.14206
        37        29
        37        30
        37        31   4.95582
        38         0   3.71101
        38         1
        38         2   4.70581   2.46834
        38         3   2.36203
        38         4
        38         5
        38         6
        38         7   4.90471
        38         8   4.36686
        38         9
        38        10
        38        11
        38        12
        38        13   3.19236
        38        14
        38        15
        38        16   4.66955   2.39963
        38        17   2.32480
        38        18   4.95630
        38        19   4.83351
        38        20
        38        21   4.47894
        38        22   3.47359
        38        23   2.51131   4.20043
        38        24   4.98343   4.40442
        38        25   4.93836
        38        26
        38        27
        38        28   4.63851
        38        29   4.75749   4.22485
        38        30   1.88021
        38        31   4.54900
        39         0
        39         1   3.71101
        39         2   2.36203
        39         3   4.70581   2.46834
        39         4
        39         5
        39         6   4.90471
        39         7
        39         8
        39         9   4.36686
        39        10
        39        11
        39        12   3.19236
        39        13
        39        14
        39        15
        39        16   2.32480
        39        17   4.66955   2.39963
        39        18   4.83351
        39        19   4.95630
        39        20   4.47894
        39        21
        39        22   2.51131   4.20043
        39        23   3.47359
        39        24   4.93836
        39        25   4.98343   4.40442
        39        26
        39        27
        39        28   4.75749   4.22485
        39        29   4.63851
        39        30   4.54900
        39        31   1.88021
        40         0
        40         1
        40         2   4.67522
        40         3   4.88696
        40         4
        40         5
        40         6
        40         7   4.39787
        40         8   2.37584
        40         9   4.76511   2.35960
        40        10
        40        11   3.43024
        40        12   4.73580   2.48185
        40        13   4.16521
        40        14   4.75935
        40        15   4.89086
        40        16   2.26796
        40        17   2.64452   4.46266
        40        18   4.14609
        40        19
        40        20
        40        21
        40        22   3.34943
        40        23
        40        24
        40        25
        40        26   4.51458   4.49371
        40        27   4.71142
        40        28   1.84335
        40        29   4.16926
        40        30   4.92523
        40        31   4.66353   4.57265
        41         0
        41         1
        41         2   4.88696
        41         3   4.67522
        41         4
        41         5
        41         6   4.39787
        41         7
        41         8   4.76511   2.35960
        41         9   2.37584
        41        10   3.43024
        41        11
        41        12   4.16521
        41        13   4.73580   2.48185
        41        14   4.89086
        41        15   4.75935
        41        16   2.64452   4.46266
        41        17   2.26796
        41        18
        41        19   4.14609
        41        20
        41        21
        41        22
        41        23   3.34943
        41        24
        41        25
        41        26   4.71142
        41        27   4.51458   4.49371
        41        28   4.16926
        41        29   1.84335
        41        30   4.66353   4.57265
        41        31   4.92523
        42         0   4.47100   2.47819
        42         1   4.10643
        42         2   2.30634   4.61591
        42         3   2.23972
        42         4   4.95989
        42         5   4.69056
        42         6   2.34727
        42         7   4.18990   4.13733
        42         8
        42         9
        42        10   4.14650
        42        11
        42        12
        42        13
        42        14
        42        15
        42        16   4.38916
        42        17   4.37805
        42        18
        42        19
        42        20   4.52979
        42        21   4.34690
        42        22   4.98529
        42        23   2.44367
        42        24   1.85659
        42        25   4.68136
        42        26
        42        27   4.81753   4.97885
        42        28
        42        29
        42        30   4.01886   4.28753
        42        31   4.73426
        43         0   4.10643
        43         1   4.47100   2.47819
        43         2   2.23972
        43         3   2.30634   4.61591
        43         4   4.69056
        43         5   4.95989
        43         6   4.18990   4.13733
        43         7   2.34727
        43         8
        43         9
        43        10
        43        11   4.14650
        43        12
        43        13
        43        14
        43        15
        43        16   4.37805
        43        17   4.38916
        43        18
        43        19
        43        20   4.34690
        43        21   4.52979
        43        22   2.44367
        43        23   4.98529
        43        24   4.68136
        43        25   1.85659
        43        26   4.81753   4.97885
        43        27
        43        28
        43        29
        43        30   4.73426
        43        31   4.01886   4.28753
        44         0   4.02731
        44         1
        44         2   4.89944
        44         3   4.71358
        44         4
        44         5
        44         6
        44         7
        44         8
        44         9
        44        10
        44        11
        44        12
        44        13   2.49293
        44        14   4.36528
        44        15   4.86815
        44        16   4.59356
        44        17   4.46491
        44        18   2.30330
        44        19   2.29167   4.43879
        44        20   4.07730   4.01786
        44        21   2.36651
        44        22   4.75245
        44        23   2.40267
        44        24   4.65435   4.93821
        44        25
        44        26
        44        27
        44        28   4.83672
        44        29   4.01923   4.41910
        44        30   1.89102
        44        31   4.32438
        45         0
        45         1   4.02731
        45         2   4.71358
        45         3   4.89944
        45         4
        45         5
        45         6
        45         7
        45         8
        45         9
        45        10
        45        11
        45        12   2.49293
        45        13
        45        14   4.86815
        45        15   4.36528
        45        16   4.46491
        45        17   4.59356
        45        18   2.29167   4.43879
        45        19   2.30330
        45        20   2.36651
        45        21   4.07730   4.01786
        45        22   2.40267
        45        23   4.75245
        45        24
        45        25   4.65435   4.93821
        45        26
        45        27
        45        28   4.01923   4.41910
        45        29   4.83672
        45        30   4.32438
        45        31   1.89102
        46         0   2.34420   4.66354
        46         1
        46         2   3.06599
        46         3   4.23747
        46         4   4.34407
        46         5   3.25837
        46         6   4.54838
        46         7   4.58216
        46         8
        46         9
        46        10
        46        11
        46        12
        46        13   4.86396
        46        14
        46        15
        46        16   4.49183
        46        17
        46        18   4.19902
        46        19   4.40916
        46        20   2.72581
        46        21   2.69014   4.75603
        46        22
        46        23   3.82049   3.44058
        46        24   4.81339   1.90725
        46        25
        46        26
        46        27   4.18808
        46        28
        46        29
        46        30   1.91828
        46        31
        47         0
        47         1   2.34420   4.66354
        47         2   4.23747
        47         3   3.06599
        47         4   3.25837
        47         5   4.34407
        47         6   4.58216
        47         7   4.54838
        47         8
        47         9
        47        10
        47        11
        47        12   4.86396
        47        13
        47        14
        47        15
        47        16
        47        17   4.49183
        47        18   4.40916
        47        19   4.19902
        47        20   2.69014   4.75603
        47        21   2.72581
        47        22   3.82049   3.44058
        47        23
        47        24
        47        25   4.81339   1.90725
        47        26   4.18808
        47        27
        47        28
        47        29
        47        30
        47        31   1.91828
        48         0
        48         1
        48         2   4.88173
        48         3   3.71154
        48         4
        48         5
        48         6
        48         7
        48         8   4.47955
        48         9
        48        10
        48        11   4.98042
        48        12   3.12241   3.77664
        48        13
        48        14   4.05709
        48        15
        48        16   4.70029   4.20452
        48        17   2.67762
        48        18   2.50555
        48        19   3.34326
        48        20   4.54088   4.85916
        48        21   3.85875
        48        22   4.55665   2.36927
        48        23
        48        24
        48        25   4.14206
        48        26   4.95582
        48        27
        48        28   1.92785
        48        29
        48        30
        48        31   1.89515   4.85118
        49         0
        49         1
        49         2   3.71154
        49         3   4.88173
        49         4
        49         5
        49         6
        49         7
        49         8
        49         9   4.47955
        49        10   4.98042
        49        11
        49        12
        49        13   3.12241   3.77664
        49        14
        49        15   4.05709
        49        16   2.67762
        49        17   4.70029   4.20452
        49        18   3.34326
        49        19   2.50555
        49        20   3.85875
        49        21   4.54088   4.85916
        49        22
        49        23   4.55665   2.36927
        49        24   4.14206
        49        25
        49        26
        49        27   4.95582
        49        28
        49        29   1.92785
        49        30   1.89515   4.85118
        49        31
        50         0
        50         1   3.19236
        50         2
        50         3
        50         4   4.66955   2.39963
        50         5   2.32480
        50         6   4.95630
        50         7   4.83351
        50         8
        50         9   4.47894
        50        10   3.47359
        50        11   2.51131   4.20043
        50        12   3.71101
        50        13
        50        14   4.70581   2.46834
        50        15   2.36203
        50        16
        50        17
        50        18
        50        19   4.90471
        50        20   4.36686
        50        21
        50        22
        50        23
        50        24   4.63851
        50        25   4.75749   4.22485
        50        26   1.88021
        50        27   4.54900
        50        28   4.98343   4.40442
        50        29   4.93836
        50        30
        50        31
        51         0   3.19236
        51         1
        51         2
        51         3
        51         4   2.32480
        51         5   4.66955   2.39963
        51         6   4.83351
        51         7   4.95630
        51         8   4.47894
        51         9
        51        10   2.51131   4.20043
        51        11   3.47359
        51        12
        51        13   3.71101
        51        14   2.36203
        51        15   4.70581   2.46834
        51        16
        51        17
        51        18   4.90471
        51        19
        51        20
        51        21   4.36686
        51        22
        51        23
        51        24   4.75749   4.22485
        51        25   4.63851
        51        26   4.54900
        51        27   1.88021
        51        28   4.93836
        51        29   4.98343   4.40442
        51        30
        51        31
        52         0   4.73580   2.48185
        52         1   4.16521
        52         2   4.75935
        52         3   4.89086
        52         4   2.26796
        52         5   2.64452   4.46266
