         0        16   4.69717   2.46219
         0        17   2.23411
         0        18
         0        19
         0        20   2.50324
         0        21   4.08708
         0        22   4.70741   4.91151
         0        23   4.21380
         0        24   4.72232
         0        25   4.85508
         0        26   4.70380   4.22689
         0        27   2.57160
         0        28   4.80354
         0        29
         0        30   4.88450   2.44535
         0        31   2.62891   4.95757
         0        32
         0        33
         0        34   4.07691   4.55071
         0        35   2.69197   4.46185
         0        36   2.54877   4.58738
         0        37   4.31956
         0        38   4.26114
         0        39
         0        40   2.64216
         0        41   3.71282
         0        42   4.85870   4.71253
         0        43   4.69322
         1        16   2.23411
         1        17   2.46219   4.69717
         1        18
         1        19
         1        20   4.08708
         1        21   2.50324
         1        22   4.21380
         1        23   4.91151   4.70741
         1        24   4.85508
         1        25   4.72232
         1        26   2.57160
         1        27   4.22689   4.70380
         1        28
         1        29   4.80354
         1        30   4.95757   2.62891
         1        31   2.44535   4.88450
         1        32
         1        33
         1        34   4.46185   2.69197
         1        35   4.55071   4.07691
         1        36   4.31956
         1        37   4.58738   2.54877
         1        38
         1        39   4.26114
         1        40   3.71282
         1        41   2.64216
         1        42   4.69322
         1        43   4.71253   4.85870
         2        16
         2        17
         2        18   4.69717   2.46219
         2        19   2.23411
         2        20   4.70741   4.91151
         2        21   4.21380
         2        22   2.50324
         2        23   4.08708
         2        24   4.22689   4.70380
         2        25   2.57160
         2        26   4.72232
         2        27   4.85508
         2        28   4.88450   2.44535
         2        29   4.95757   2.62891
         2        30   4.80354
         2        31
         2        32   4.55071   4.07691
         2        33   2.69197   4.46185
         2        34
         2        35
         2        36   4.26114
         2        37
         2        38   2.54877   4.58738
         2        39   4.31956
         2        40   4.85870   4.71253
         2        41   4.69322
         2        42   2.64216
         2        43   3.71282
         3        16
         3        17
         3        18   2.23411
         3        19   2.46219   4.69717
         3        20   4.21380
         3        21   4.91151   4.70741
         3        22   4.08708
         3        23   2.50324
         3        24   2.57160
         3        25   4.70380   4.22689
         3        26   4.85508
         3        27   4.72232
         3        28   2.62891   4.95757
         3        29   2.44535   4.88450
         3        30
         3        31   4.80354
         3        32   4.46185   2.69197
         3        33   4.07691   4.55071
         3        34
         3        35
         3        36
         3        37   4.26114
         3        38   4.31956
         3        39   4.58738   2.54877
         3        40   4.69322
         3        41   4.71253   4.85870
         3        42   3.71282
         3        43   2.64216
         4        16   4.07521   4.75652
         4        17   3.75809
         4        18   4.10449   4.64854
         4        19   4.49849
         4        20   4.82939   1.90745
         4        21
         4        22   3.42410   4.35895
         4        23
         4        24   1.95899
         4        25
         4        26   3.90530   4.08562
         4        27
         4        28   1.88763
         4        29   3.89801
         4        30   4.50567   4.94375
         4        31
         4        32   4.46611   3.42974
         4        33   4.73814
         4        34   3.46438
         4        35   4.43055
         4        36   1.87109
         4        37
         4        38   4.64060   3.79936
         4        39
         4        40   3.54287   4.51303
         4        41
         4        42   1.81042   4.88843
         4        43   4.83273
         5        16   3.75809
         5        17   4.75652   4.07521
         5        18   4.49849
         5        19   4.64854   4.10449
         5        20
         5        21   1.90745   4.82939
         5        22
         5        23   4.35895   3.42410
         5        24
         5        25   1.95899
         5        26
         5        27   4.08562   3.90530
         5        28   3.89801
         5        29   1.88763
         5        30
         5        31   4.94375   4.50567
         5        32   4.73814
         5        33   3.42974   4.46611
         5        34   4.43055
         5        35   3.46438
         5        36
         5        37   1.87109
         5        38
         5        39   3.79936   4.64060
         5        40
         5        41   4.51303   3.54287
         5        42   4.83273
         5        43   4.88843   1.81042
         6        16   4.64854   4.10449
         6        17   4.49849
         6        18   4.07521   4.75652
         6        19   3.75809
         6        20   4.35895   3.42410
         6        21
         6        22   4.82939   1.90745
         6        23
         6        24   3.90530   4.08562
         6        25
         6        26   1.95899
         6        27
         6        28   4.50567   4.94375
         6        29
         6        30   1.88763
         6        31   3.89801
         6        32   3.46438
         6        33   4.43055
         6        34   4.46611   3.42974
         6        35   4.73814
         6        36   4.64060   3.79936
         6        37
         6        38   1.87109
         6        39
         6        40   1.81042   4.88843
         6        41   4.83273
         6        42   4.51303   3.54287
         6        43
         7        16   4.49849
         7        17   4.10449   4.64854
         7        18   3.75809
         7        19   4.75652   4.07521
         7        20
         7        21   3.42410   4.35895
         7        22
         7        23   1.90745   4.82939
         7        24
         7        25   4.08562   3.90530
         7        26
         7        27   1.95899
         7        28
         7        29   4.94375   4.50567
         7        30   3.89801
         7        31   1.88763
         7        32   4.43055
         7        33   3.46438
         7        34   4.73814
         7        35   3.42974   4.46611
         7        36
         7        37   3.79936   4.64060
         7        38
         7        39   1.87109
         7        40   4.83273
         7        41   4.88843   1.81042
         7        42
         7        43   3.54287   4.51303
         8        16   1.82679
         8        17   4.12609   3.96307
         8        18
         8        19
         8        20   3.95070   4.21798
         8        21   4.08296
         8        22   3.33517
         8        23   4.45052
         8        24   4.74212
         8        25   3.92082
         8        26   4.51114   4.13097
         8        27   4.08936   4.46994
         8        28   4.88447
         8        29
         8        30   1.90298
         8        31   4.19571   4.26180
         8        32
         8        33
         8        34   3.44107   4.11126
         8        35   1.74406
         8        36   1.61359
         8        37   4.54054   3.81308
         8        38   4.51871
         8        39
         8        40   4.20672   4.06418
         8        41   3.37698
         8        42   3.34366
         8        43
         9        16   3.96307   4.12609
         9        17   1.82679
         9        18
         9        19
         9        20   4.08296
         9        21   4.21798   3.95070
         9        22   4.45052
         9        23   3.33517
         9        24   3.92082
         9        25   4.74212
         9        26   4.46994   4.08936
         9        27   4.13097   4.51114
         9        28
         9        29   4.88447
         9        30   4.26180   4.19571
         9        31   1.90298
         9        32
         9        33
         9        34   1.74406
         9        35   4.11126   3.44107
         9        36   3.81308   4.54054
         9        37   1.61359
         9        38
         9        39   4.51871
         9        40   3.37698
         9        41   4.06418   4.20672
         9        42
         9        43   3.34366
        10        16
        10        17
        10        18   1.82679
        10        19   4.12609   3.96307
        10        20   3.33517
        10        21   4.45052
        10        22   3.95070   4.21798
        10        23   4.08296
        10        24   4.13097   4.51114
        10        25   4.08936   4.46994
        10        26   4.74212
        10        27   3.92082
        10        28   1.90298
        10        29   4.19571   4.26180
        10        30   4.88447
        10        31
        10        32   4.11126   3.44107
        10        33   1.74406
        10        34
        10        35
        10        36   4.51871
        10        37
        10        38   1.61359
        10        39   3.81308   4.54054
        10        40   3.34366
        10        41
        10        42   4.20672   4.06418
        10        43   3.37698
        11        16
        11        17
        11        18   3.96307   4.12609
        11        19   1.82679
        11        20   4.45052
        11        21   3.33517
        11        22   4.08296
        11        23   4.21798   3.95070
        11        24   4.46994   4.08936
        11        25   4.51114   4.13097
        11        26   3.92082
        11        27   4.74212
        11        28   4.26180   4.19571
        11        29   1.90298
        11        30
        11        31   4.88447
        11        32   1.74406
        11        33   3.44107   4.11126
        11        34
        11        35
        11        36
        11        37   4.51871
        11        38   4.54054   3.81308
        11        39   1.61359
        11        40
        11        41   3.34366
        11        42   3.37698
        11        43   4.06418   4.20672
        12        16   4.87022
        12        17   3.92421
        12        18   3.11592
        12        19   3.79481
        12        20   3.87101   4.21962
        12        21
        12        22   1.77473
        12        23
        12        24   1.67262
        12        25
        12        26   3.38094   3.68262
        12        27
        12        28   4.57180   4.00219
        12        29
        12        30   3.62288   4.23730
        12        31   3.85741
        12        32   4.87573   4.03480
        12        33
        12        34   1.77841
        12        35   4.23563
        12        36   4.28550   3.25386
        12        37   4.34202
        12        38   4.42148   3.62482
        12        39
        12        40   1.84829
        12        41
        12        42   3.95870   4.23701
        12        43
        13        16   3.92421
        13        17   4.87022
        13        18   3.79481
        13        19   3.11592
        13        20
        13        21   4.21962   3.87101
        13        22
        13        23   1.77473
        13        24
        13        25   1.67262
        13        26
        13        27   3.68262   3.38094
        13        28
        13        29   4.00219   4.57180
        13        30   3.85741
        13        31   4.23730   3.62288
        13        32
        13        33   4.03480   4.87573
        13        34   4.23563
        13        35   1.77841
        13        36   4.34202
        13        37   3.25386   4.28550
        13        38
        13        39   3.62482   4.42148
        13        40
        13        41   1.84829
        13        42
        13        43   4.23701   3.95870
        14        16   3.11592
        14        17   3.79481
        14        18   4.87022
        14        19   3.92421
        14        20   1.77473
        14        21
        14        22   4.21962   3.87101
        14        23
        14        24   3.38094   3.68262
        14        25
        14        26   1.67262
        14        27
        14        28   3.62288   4.23730
        14        29   3.85741
        14        30   4.00219   4.57180
        14        31
        14        32   1.77841
        14        33   4.23563
        14        34   4.87573   4.03480
        14        35
        14        36   4.42148   3.62482
        14        37
        14        38   3.25386   4.28550
        14        39   4.34202
        14        40   4.23701   3.95870
        14        41
        14        42   1.84829
        14        43
        15        16   3.79481
        15        17   3.11592
        15        18   3.92421
        15        19   4.87022
        15        20
        15        21   1.77473
        15        22
        15        23   3.87101   4.21962
        15        24
        15        25   3.68262   3.38094
        15        26
        15        27   1.67262
        15        28   3.85741
        15        29   4.23730   3.62288
        15        30
        15        31   4.57180   4.00219
        15        32   4.23563
        15        33   1.77841
        15        34
        15        35   4.03480   4.87573
        15        36
        15        37   3.62482   4.42148
        15        38   4.34202
        15        39   4.28550   3.25386
        15        40
        15        41   3.95870   4.23701
        15        42
        15        43   1.84829
        16         0   2.46219   4.69717
        16         1   2.23411
        16         2
        16         3
        16         4   4.75652   4.07521
        16         5   3.75809
        16         6   4.10449   4.64854
        16         7   4.49849
        16         8   1.82679
        16         9   4.12609   3.96307
        16        10
        16        11
        16        12   4.87022
        16        13   3.92421
        16        14   3.11592
        16        15   3.79481
        17         0   2.23411
        17         1   4.69717   2.46219
        17         2
        17         3
        17         4   3.75809
        17         5   4.07521   4.75652
        17         6   4.49849
        17         7   4.64854   4.10449
        17         8   3.96307   4.12609
        17         9   1.82679
        17        10
        17        11
        17        12   3.92421
        17        13   4.87022
        17        14   3.79481
        17        15   3.11592
        18         0
        18         1
        18         2   2.46219   4.69717
        18         3   2.23411
        18         4   4.64854   4.10449
        18         5   4.49849
        18         6   4.75652   4.07521
        18         7   3.75809
        18         8
        18         9
        18        10   1.82679
        18        11   4.12609   3.96307
        18        12   3.11592
        18        13   3.79481
        18        14   4.87022
        18        15   3.92421
        19         0
        19         1
        19         2   2.23411
        19         3   4.69717   2.46219
        19         4   4.49849
        19         5   4.10449   4.64854
        19         6   3.75809
        19         7   4.07521   4.75652
        19         8
        19         9
        19        10   3.96307   4.12609
        19        11   1.82679
        19        12   3.79481
        19        13   3.11592
        19        14   3.92421
        19        15   4.87022
        20         0   2.50324
        20         1   4.08708
        20         2   4.91151   4.70741
        20         3   4.21380
        20         4   1.90745   4.82939
        20         5
        20         6   3.42410   4.35895
        20         7
        20         8   4.21798   3.95070
        20         9   4.08296
        20        10   3.33517
        20        11   4.45052
        20        12   4.21962   3.87101
        20        13
        20        14   1.77473
        20        15
        21         0   4.08708
        21         1   2.50324
        21         2   4.21380
        21         3   4.70741   4.91151
        21         4
        21         5   4.82939   1.90745
        21         6
        21         7   4.35895   3.42410
        21         8   4.08296
        21         9   3.95070   4.21798
        21        10   4.45052
        21        11   3.33517
        21        12
        21        13   3.87101   4.21962
        21        14
        21        15   1.77473
        22         0   4.91151   4.70741
        22         1   4.21380
        22         2   2.50324
        22         3   4.08708
        22         4   4.35895   3.42410
        22         5
        22         6   1.90745   4.82939
        22         7
        22         8   3.33517
        22         9   4.45052
        22        10   4.21798   3.95070
        22        11   4.08296
        22        12   1.77473
        22        13
        22        14   3.87101   4.21962
        22        15
        23         0   4.21380
        23         1   4.70741   4.91151
        23         2   4.08708
        23         3   2.50324
        23         4
        23         5   3.42410   4.35895
        23         6
        23         7   4.82939   1.90745
        23         8   4.45052
        23         9   3.33517
        23        10   4.08296
        23        11   3.95070   4.21798
        23        12
        23        13   1.77473
        23        14
        23        15   4.21962   3.87101
        24         0   4.72232
        24         1   4.85508
        24         2   4.70380   4.22689
        24         3   2.57160
        24         4   1.95899
        24         5
        24         6   4.08562   3.90530
        24         7
        24         8   4.74212
        24         9   3.92082
        24        10   4.51114   4.13097
        24        11   4.08936   4.46994
        24        12   1.67262
        24        13
        24        14   3.68262   3.38094
        24        15
        25         0   4.85508
        25         1   4.72232
        25         2   2.57160
        25         3   4.22689   4.70380
        25         4
        25         5   1.95899
        25         6
        25         7   3.90530   4.08562
        25         8   3.92082
        25         9   4.74212
        25        10   4.46994   4.08936
        25        11   4.13097   4.51114
        25        12
        25        13   1.67262
        25        14
        25        15   3.38094   3.68262
        26         0   4.22689   4.70380
        26         1   2.57160
        26         2   4.72232
        26         3   4.85508
        26         4   4.08562   3.90530
        26         5
        26         6   1.95899
        26         7
        26         8   4.13097   4.51114
        26         9   4.08936   4.46994
        26        10   4.74212
        26        11   3.92082
        26        12   3.68262   3.38094
        26        13
        26        14   1.67262
        26        15
        27         0   2.57160
        27         1   4.70380   4.22689
        27         2   4.85508
        27         3   4.72232
        27         4
        27         5   3.90530   4.08562
        27         6
        27         7   1.95899
        27         8   4.46994   4.08936
        27         9   4.51114   4.13097
        27        10   3.92082
        27        11   4.74212
        27        12
        27        13   3.38094   3.68262
        27        14
        27        15   1.67262
        28         0   4.80354
        28         1
        28         2   2.44535   4.88450
        28         3   4.95757   2.62891
        28         4   1.88763
        28         5   3.89801
        28         6   4.94375   4.50567
        28         7
        28         8   4.88447
        28         9
        28        10   1.90298
        28        11   4.19571   4.26180
        28        12   4.00219   4.57180
        28        13
        28        14   4.23730   3.62288
        28        15   3.85741
        29         0
        29         1   4.80354
        29         2   2.62891   4.95757
        29         3   4.88450   2.44535
        29         4   3.89801
        29         5   1.88763
        29         6
        29         7   4.50567   4.94375
        29         8
        29         9   4.88447
        29        10   4.26180   4.19571
        29        11   1.90298
        29        12
        29        13   4.57180   4.00219
        29        14   3.85741
        29        15   3.62288   4.23730
        30         0   2.44535   4.88450
        30         1   2.62891   4.95757
        30         2   4.80354
        30         3
        30         4   4.94375   4.50567
        30         5
        30         6   1.88763
        30         7   3.89801
        30         8   1.90298
        30         9   4.19571   4.26180
        30        10   4.88447
        30        11
        30        12   4.23730   3.62288
        30        13   3.85741
        30        14   4.57180   4.00219
        30        15
        31         0   4.95757   2.62891
        31         1   4.88450   2.44535
        31         2
        31         3   4.80354
        31         4
        31         5   4.50567   4.94375
        31         6   3.89801
        31         7   1.88763
        31         8   4.26180   4.19571
        31         9   1.90298
        31        10
        31        11   4.88447
        31        12   3.85741
        31        13   3.62288   4.23730
        31        14
        31        15   4.00219   4.57180
        32         0
        32         1
        32         2   4.07691   4.55071
        32         3   2.69197   4.46185
        32         4   3.42974   4.46611
        32         5   4.73814
        32         6   3.46438
        32         7   4.43055
        32         8
        32         9
        32        10   3.44107   4.11126
        32        11   1.74406
        32        12   4.03480   4.87573
        32        13
        32        14   1.77841
        32        15   4.23563
        33         0
        33         1
        33         2   4.46185   2.69197
        33         3   4.55071   4.07691
        33         4   4.73814
        33         5   4.46611   3.42974
        33         6   4.43055
        33         7   3.46438
        33         8
        33         9
        33        10   1.74406
        33        11   4.11126   3.44107
        33        12
        33        13   4.87573   4.03480
        33        14   4.23563
        33        15   1.77841
        34         0   4.55071   4.07691
        34         1   2.69197   4.46185
        34         2
        34         3
        34         4   3.46438
        34         5   4.43055
        34         6   3.42974   4.46611
        34         7   4.73814
        34         8   4.11126   3.44107
        34         9   1.74406
        34        10
        34        11
        34        12   1.77841
        34        13   4.23563
        34        14   4.03480   4.87573
        34        15
        35         0   4.46185   2.69197
        35         1   4.07691   4.55071
        35         2
        35         3
        35         4   4.43055
        35         5   3.46438
        35         6   4.73814
        35         7   4.46611   3.42974
        35         8   1.74406
        35         9   3.44107   4.11126
        35        10
        35        11
        35        12   4.23563
        35        13   1.77841
        35        14
        35        15   4.87573   4.03480
        36         0   4.58738   2.54877
        36         1   4.31956
        36         2   4.26114
        36         3
        36         4   1.87109
        36         5
        36         6   3.79936   4.64060
        36         7
        36         8   1.61359
        36         9   4.54054   3.81308
        36        10   4.51871
        36        11
        36        12   3.25386   4.28550
        36        13   4.34202
        36        14   3.62482   4.42148
        36        15
        37         0   4.31956
        37         1   2.54877   4.58738
        37         2
        37         3   4.26114
        37         4
        37         5   1.87109
        37         6
        37         7   4.64060   3.79936
        37         8   3.81308   4.54054
        37         9   1.61359
        37        10
        37        11   4.51871
        37        12   4.34202
        37        13   4.28550   3.25386
        37        14
        37        15   4.42148   3.62482
        38         0   4.26114
        38         1
        38         2   4.58738   2.54877
        38         3   4.31956
        38         4   3.79936   4.64060
        38         5
        38         6   1.87109
        38         7
        38         8   4.51871
        38         9
        38        10   1.61359
        38        11   3.81308   4.54054
        38        12   3.62482   4.42148
        38        13
        38        14   4.28550   3.25386
        38        15   4.34202
        39         0
        39         1   4.26114
        39         2   4.31956
        39         3   2.54877   4.58738
        39         4
        39         5   4.64060   3.79936
        39         6
        39         7   1.87109
        39         8
        39         9   4.51871
        39        10   4.54054   3.81308
        39        11   1.61359
        39        12
        39        13   4.42148   3.62482
        39        14   4.34202
        39        15   3.25386   4.28550
        40         0   2.64216
        40         1   3.71282
        40         2   4.71253   4.85870
        40         3   4.69322
        40         4   4.51303   3.54287
        40         5
        40         6   4.88843   1.81042
        40         7   4.83273
        40         8   4.06418   4.20672
        40         9   3.37698
        40        10   3.34366
        40        11
        40        12   1.84829
        40        13
        40        14   3.95870   4.23701
        40        15
        41         0   3.71282
        41         1   2.64216
        41         2   4.69322
        41         3   4.85870   4.71253
        41         4
        41         5   3.54287   4.51303
        41         6   4.83273
        41         7   1.81042   4.88843
        41         8   3.37698
        41         9   4.20672   4.06418
        41        10
        41        11   3.34366
        41        12
        41        13   1.84829
        41        14
        41        15   4.23701   3.95870
        42         0   4.71253   4.85870
        42         1   4.69322
        42         2   2.64216
        42         3   3.71282
        42         4   4.88843   1.81042
        42         5   4.83273
        42         6   3.54287   4.51303
        42         7
        42         8   3.34366
        42         9
        42        10   4.06418   4.20672
        42        11   3.37698
        42        12   4.23701   3.95870
        42        13
        42        14   1.84829
        42        15
        43         0   4.69322
        43         1   4.85870   4.71253
        43         2   3.71282
        43         3   2.64216
        43         4   4.83273
        43         5   1.81042   4.88843
        43         6
        43         7   4.51303   3.54287
        43         8
        43         9   3.34366
        43        10   3.37698
        43        11   4.20672   4.06418
        43        12
        43        13   3.95870   4.23701
        43        14
        43        15   1.84829
