         0        24   4.03839   4.03839
         0        25   4.64157   3.32762
         0        26   3.32762   4.64157
         0        27
         0        28   3.85833   4.98668
         0        29   4.98668   3.85833
         0        30   4.80134
         0        31   4.16743
         0        32   3.61460
         0        33   3.61460
         0        34   4.80134
         0        35   4.16743
         0        36   4.09591
         0        37
         0        38   4.30369
         0        39   2.43720
         0        40   3.61737
         0        41   3.30110
         0        42   1.77919
         0        43   2.30601
         0        44   2.91551
         0        45   4.43414
         0        46   3.62336
         0        47   4.71952
         0        48   4.09592
         0        49   4.30368
         0        50
         0        51   2.43720
         0        52   3.30109
         0        53   3.61737
         0        54   3.62336
         0        55   4.71952
         0        56   4.43414
         0        57   2.91551
         0        58   1.77918
         0        59   2.30602
         1        24   4.09592
         1        25   4.30368
         1        26
         1        27   2.43720
         1        28   3.30109
         1        29   3.61737
         1        30   3.62336
         1        31   4.71952
         1        32   4.43414
         1        33   2.91551
         1        34   1.77918
         1        35   2.30602
         1        36   4.03839   4.03839
         1        37   4.64157   3.32762
         1        38   3.32762   4.64157
         1        39
         1        40   3.85833   4.98668
         1        41   4.98668   3.85833
         1        42   4.80134
         1        43   4.16743
         1        44   3.61460
         1        45   3.61460
         1        46   4.80134
         1        47   4.16743
         1        48   4.09593
         1        49
         1        50   4.30368
         1        51   2.43721
         1        52   3.61736
         1        53   3.30108
         1        54   1.77918
         1        55   2.30602
         1        56   2.91549
         1        57   4.43414
         1        58   3.62337
         1        59   4.71950
         2        24   4.09591
         2        25
         2        26   4.30369
         2        27   2.43720
         2        28   3.61737
         2        29   3.30110
         2        30   1.77919
         2        31   2.30601
         2        32   2.91551
         2        33   4.43414
         2        34   3.62336
         2        35   4.71952
         2        36   4.09591
         2        37   4.30370
         2        38
         2        39   2.43721
         2        40   3.30109
         2        41   3.61735
         2        42   3.62337
         2        43   4.71952
         2        44   4.43413
         2        45   2.91550
         2        46   1.77919
         2        47   2.30600
         2        48   4.03839   4.03839
         2        49   4.64157   3.32762
         2        50   3.32762   4.64157
         2        51
         2        52   3.85833   4.98668
         2        53   4.98668   3.85833
         2        54   4.80134
         2        55   4.16743
         2        56   3.61460
         2        57   3.61460
         2        58   4.80134
         2        59   4.16743
         3        24   2.93945
         3        25   1.34599
         3        26   3.39364
         3        27   4.95125
         3        28   2.26230
         3        29   4.48849
         3        30   4.66967
         3        31   4.01906
         3        32   2.27150
         3        33   4.51323
         3        34   3.44131
         3        35   3.57723
         3        36   4.79245   4.79245
         3        37
         3        38
         3        39   3.81520   3.81520
         3        40   4.68486   4.36895
         3        41   4.36895   4.68486
         3        42   3.52860   4.99138
         3        43   3.35357
         3        44   4.99343   4.04546
         3        45   4.04546   4.99343
         3        46   4.99138   3.52860
         3        47   3.35357
         3        48   2.93946
         3        49   3.39365
         3        50   1.34600
         3        51   4.95125
         3        52   4.48848
         3        53   2.26229
         3        54   3.44131
         3        55   3.57722
         3        56   4.51322
         3        57   2.27149
         3        58   4.66968
         3        59   4.01904
         4        24   4.46290
         4        25   4.12809
         4        26   2.23087
         4        27   4.43359
         4        28
         4        29   1.36344
         4        30   2.15115
         4        31   4.64500
         4        32   2.93758
         4        33   3.34576
         4        34   4.23731
         4        35   3.34717
         4        36   4.09378   4.94401
         4        37   3.44409
         4        38   4.68984   4.38266
         4        39   4.10527   4.91757
         4        40   3.61746   4.00319
         4        41
         4        42   4.72226   4.37224
         4        43   3.21926
         4        44   4.70647   4.88074
         4        45   4.80465   3.76351
         4        46   3.53798
         4        47
         4        48   2.34811
         4        49   3.51318
         4        50   4.52265
         4        51   2.36808
         4        52
         4        53   3.36199
         4        54   4.58448
         4        55   4.46966
         4        56   2.94428
         4        57   4.22780
         4        58   3.45235
         4        59   1.33094
         5        24   2.34812
         5        25   4.52265
         5        26   3.51317
         5        27   2.36810
         5        28   3.36198
         5        29
         5        30   3.45236
         5        31   1.33094
         5        32   4.22780
         5        33   2.94427
         5        34   4.58450
         5        35   4.46967
         5        36   4.94401   4.09378
         5        37   4.38266   4.68984
         5        38   3.44409
         5        39   4.91757   4.10527
         5        40
         5        41   4.00319   3.61746
         5        42   3.53798
         5        43
         5        44   3.76351   4.80465
         5        45   4.88074   4.70647
         5        46   4.37224   4.72226
         5        47   3.21926
         5        48   4.46289
         5        49   2.23085
         5        50   4.12807
         5        51   4.43358
         5        52   1.36344
         5        53
         5        54   4.23730
         5        55   3.34718
         5        56   3.34575
         5        57   2.93759
         5        58   2.15115
         5        59   4.64501
         6        24   2.93946
         6        25   3.39364
         6        26   1.34599
         6        27   4.95126
         6        28   4.48850
         6        29   2.26229
         6        30   3.44130
         6        31   3.57724
         6        32   4.51322
         6        33   2.27150
         6        34   4.66967
         6        35   4.01905
         6        36   2.93947
         6        37   1.34599
         6        38   3.39365
         6        39   4.95127
         6        40   2.26228
         6        41   4.48849
         6        42   4.66967
         6        43   4.01904
         6        44   2.27150
         6        45   4.51321
         6        46   3.44130
         6        47   3.57724
         6        48   4.79245   4.79245
         6        49
         6        50
         6        51   3.81520   3.81520
         6        52   4.68486   4.36895
         6        53   4.36895   4.68486
         6        54   3.52860   4.99138
         6        55   3.35357
         6        56   4.99343   4.04546
         6        57   4.04546   4.99343
         6        58   4.99138   3.52860
         6        59   3.35357
         7        24   2.34812
         7        25   3.51317
         7        26   4.52265
         7        27   2.36810
         7        28
         7        29   3.36198
         7        30   4.58450
         7        31   4.46967
         7        32   2.94426
         7        33   4.22780
         7        34   3.45237
         7        35   1.33094
         7        36   4.46290
         7        37   4.12808
         7        38   2.23087
         7        39   4.43357
         7        40
         7        41   1.36345
         7        42   2.15113
         7        43   4.64499
         7        44   2.93758
         7        45   3.34577
         7        46   4.23729
         7        47   3.34718
         7        48   4.09378   4.94401
         7        49   3.44409
         7        50   4.68984   4.38266
         7        51   4.10527   4.91757
         7        52   3.61746   4.00319
         7        53
         7        54   4.72226   4.37224
         7        55   3.21926
         7        56   4.70647   4.88074
         7        57   4.80465   3.76351
         7        58   3.53798
         7        59
         8        24   4.46291
         8        25   2.23087
         8        26   4.12809
         8        27   4.43358
         8        28   1.36344
         8        29
         8        30   4.23731
         8        31   3.34717
         8        32   3.34576
         8        33   2.93757
         8        34   2.15115
         8        35   4.64499
         8        36   2.34810
         8        37   4.52263
         8        38   3.51316
         8        39   2.36809
         8        40   3.36199
         8        41
         8        42   3.45237
         8        43   1.33095
         8        44   4.22782
         8        45   2.94427
         8        46   4.58450
         8        47   4.46966
         8        48   4.94401   4.09378
         8        49   4.38266   4.68984
         8        50   3.44409
         8        51   4.91757   4.10527
         8        52
         8        53   4.00319   3.61746
         8        54   3.53798
         8        55
         8        56   3.76351   4.80465
         8        57   4.88074   4.70647
         8        58   4.37224   4.72226
         8        59   3.21926
         9        24   4.79245   4.79245
         9        25
         9        26
         9        27   3.81520   3.81520
         9        28   4.68486   4.36895
         9        29   4.36895   4.68486
         9        30   3.52860   4.99138
         9        31   3.35357
         9        32   4.99343   4.04546
         9        33   4.04546   4.99343
         9        34   4.99138   3.52860
         9        35   3.35357
         9        36   2.93946
         9        37   3.39364
         9        38   1.34599
         9        39   4.95126
         9        40   4.48850
         9        41   2.26229
         9        42   3.44130
         9        43   3.57724
         9        44   4.51322
         9        45   2.27150
         9        46   4.66967
         9        47   4.01905
         9        48   2.93945
         9        49   1.34599
         9        50   3.39364
         9        51   4.95125
         9        52   2.26230
         9        53   4.48849
         9        54   4.66967
         9        55   4.01906
         9        56   2.27150
         9        57   4.51323
         9        58   3.44131
         9        59   3.57723
        10        24   4.09378   4.94401
        10        25   3.44409
        10        26   4.68984   4.38266
        10        27   4.10527   4.91757
        10        28   3.61746   4.00319
        10        29
        10        30   4.72226   4.37224
        10        31   3.21926
        10        32   4.70647   4.88074
        10        33   4.80465   3.76351
        10        34   3.53798
        10        35
        10        36   2.34812
        10        37   3.51317
        10        38   4.52265
        10        39   2.36810
        10        40
        10        41   3.36198
        10        42   4.58450
        10        43   4.46967
        10        44   2.94426
        10        45   4.22780
        10        46   3.45237
        10        47   1.33094
        10        48   4.46290
        10        49   4.12809
        10        50   2.23087
        10        51   4.43359
        10        52
        10        53   1.36344
        10        54   2.15115
        10        55   4.64500
        10        56   2.93758
        10        57   3.34576
        10        58   4.23731
        10        59   3.34717
        11        24   4.94401   4.09378
        11        25   4.38266   4.68984
        11        26   3.44409
        11        27   4.91757   4.10527
        11        28
        11        29   4.00319   3.61746
        11        30   3.53798
        11        31
        11        32   3.76351   4.80465
        11        33   4.88074   4.70647
        11        34   4.37224   4.72226
        11        35   3.21926
        11        36   4.46291
        11        37   2.23087
        11        38   4.12809
        11        39   4.43358
        11        40   1.36344
        11        41
        11        42   4.23731
        11        43   3.34717
        11        44   3.34576
        11        45   2.93757
        11        46   2.15115
        11        47   4.64499
        11        48   2.34812
        11        49   4.52265
        11        50   3.51317
        11        51   2.36810
        11        52   3.36198
        11        53
        11        54   3.45236
        11        55   1.33094
        11        56   4.22780
        11        57   2.94427
        11        58   4.58450
        11        59   4.46967
        12        24   1.37942
        12        25   1.37942
        12        26   1.37942
        12        27   3.91823
        12        28   3.91823
        12        29   3.91823
        12        30   3.85727
        12        31   3.88218
        12        32   3.76371
        12        33   3.76371
        12        34   3.85727
        12        35   3.88218
        12        36   4.76145
        12        37   3.60087
        12        38
        12        39   4.77959   4.22458
        12        40   2.92468
        12        41   3.59584
        12        42   3.72002   4.61563
        12        43   3.18002
        12        44   2.14545
        12        45   4.58912
        12        46   4.33641
        12        47   3.87044
        12        48   4.76145
        12        49
        12        50   3.60087
        12        51   4.22458   4.77959
        12        52   3.59583
        12        53   2.92468
        12        54   4.33641
        12        55   3.87043
        12        56   4.58913
        12        57   2.14545
        12        58   4.61563   3.72002
        12        59   3.18003
        13        24   3.89910
        13        25   3.79092
        13        26   3.79092
        13        27   1.36029
        13        28   4.11530
        13        29   4.11530
        13        30   1.43726
        13        31   3.56415
        13        32   4.61217
        13        33   4.61217
        13        34   1.43726
        13        35   3.56415
        13        36   4.78309   4.22854
        13        37   4.42132
        13        38   3.85232   4.50712
        13        39   4.75594
        13        40   3.18385
        13        41   3.31375
        13        42
        13        43   3.46931
        13        44   4.92855
        13        45   2.25138
        13        46   3.58763
        13        47   3.55135
        13        48   4.22854   4.78308
        13        49   4.50713   3.85232
        13        50   4.42133
        13        51   4.75594
        13        52   3.31376
        13        53   3.18385
        13        54   3.58763
        13        55   3.55135
        13        56   2.25137
        13        57   4.92856
        13        58
        13        59   3.46931
        14        24   3.79092
        14        25   3.89910
        14        26   3.79092
        14        27   4.11530
        14        28   1.36029
        14        29   4.11530
        14        30   4.50116
        14        31   1.31330
        14        32   3.52909
        14        33   1.37350
        14        34   3.44285
        14        35   4.50887
        14        36   2.23033
        14        37   3.60720
        14        38   3.83138
        14        39   2.74573
        14        40
        14        41   4.19066
        14        42   4.90871   4.56367
        14        43   3.63149
        14        44   4.10384   4.57180
        14        45   4.77713
        14        46   4.45903
        14        47   3.22046   4.60695
        14        48   4.54725
        14        49   2.92212
        14        50   3.31246
        14        51   3.68496
        14        52   3.61227
        14        53   4.21505   4.46778
        14        54   4.89662   2.98174
        14        55
        14        56   4.31866
        14        57   4.74228
        14        58   2.33391
        14        59   4.98200   4.65320
        15        24   3.79092
        15        25   3.79092
        15        26   3.89910
        15        27   4.11530
        15        28   4.11530
        15        29   1.36029
        15        30   3.44285
        15        31   4.50887
        15        32   1.37350
        15        33   3.52909
        15        34   4.50116
        15        35   1.31330
        15        36   4.54726
        15        37   3.31246
        15        38   2.92213
        15        39   3.68495
        15        40   4.46778   4.21505
        15        41   3.61227
        15        42   2.33391
        15        43   4.65320   4.98199
        15        44   4.74228
        15        45   4.31866
        15        46   2.98174   4.89662
        15        47
        15        48   2.23033
        15        49   3.83139
        15        50   3.60721
        15        51   2.74572
        15        52   4.19066
        15        53
        15        54   4.45903
        15        55   4.60695   3.22046
        15        56   4.77713
        15        57   4.57180   4.10384
        15        58   4.56366   4.90871
        15        59   3.63149
        16        24   4.76145
        16        25
        16        26   3.60087
        16        27   4.22458   4.77959
        16        28   3.59583
        16        29   2.92468
        16        30   4.33641
        16        31   3.87043
        16        32   4.58913
        16        33   2.14545
        16        34   4.61563   3.72002
        16        35   3.18003
        16        36   1.37942
        16        37   1.37942
        16        38   1.37942
        16        39   3.91823
        16        40   3.91823
        16        41   3.91823
        16        42   3.85727
        16        43   3.88218
        16        44   3.76371
        16        45   3.76371
        16        46   3.85727
        16        47   3.88218
        16        48   4.76144
        16        49   3.60087
        16        50
        16        51   4.77960   4.22458
        16        52   2.92469
        16        53   3.59584
        16        54   3.72003   4.61562
        16        55   3.18004
        16        56   2.14545
        16        57   4.58914
        16        58   4.33640
        16        59   3.87043
        17        24   4.22854   4.78308
        17        25   4.50713   3.85232
        17        26   4.42133
        17        27   4.75594
        17        28   3.31376
        17        29   3.18385
        17        30   3.58763
        17        31   3.55135
        17        32   2.25137
        17        33   4.92856
        17        34
        17        35   3.46931
        17        36   3.89910
        17        37   3.79092
        17        38   3.79092
        17        39   1.36029
        17        40   4.11530
        17        41   4.11530
        17        42   1.43726
        17        43   3.56415
        17        44   4.61217
        17        45   4.61217
        17        46   1.43726
        17        47   3.56415
        17        48   4.78310   4.22853
        17        49   4.42132
        17        50   3.85233   4.50712
        17        51   4.75594
        17        52   3.18384
        17        53   3.31377
        17        54
        17        55   3.46931
        17        56   4.92857
        17        57   2.25138
        17        58   3.58762
        17        59   3.55135
        18        24   4.54725
        18        25   2.92212
        18        26   3.31246
        18        27   3.68496
        18        28   3.61227
        18        29   4.21505   4.46778
        18        30   4.89662   2.98174
        18        31
        18        32   4.31866
        18        33   4.74228
        18        34   2.33391
        18        35   4.98200   4.65320
        18        36   3.79092
        18        37   3.89910
        18        38   3.79092
        18        39   4.11530
        18        40   1.36029
        18        41   4.11530
        18        42   4.50116
        18        43   1.31330
        18        44   3.52909
        18        45   1.37350
        18        46   3.44285
        18        47   4.50887
        18        48   2.23033
        18        49   3.60722
        18        50   3.83139
        18        51   2.74572
        18        52
        18        53   4.19065
        18        54   4.90871   4.56366
        18        55   3.63148
        18        56   4.10385   4.57179
        18        57   4.77713
        18        58   4.45903
        18        59   3.22047   4.60693
        19        24   2.23033
        19        25   3.83139
        19        26   3.60721
        19        27   2.74572
        19        28   4.19066
        19        29
        19        30   4.45903
        19        31   4.60695   3.22046
        19        32   4.77713
        19        33   4.57180   4.10384
        19        34   4.56366   4.90871
        19        35   3.63149
        19        36   3.79092
        19        37   3.79092
        19        38   3.89910
        19        39   4.11530
        19        40   4.11530
        19        41   1.36029
        19        42   3.44285
        19        43   4.50887
        19        44   1.37350
        19        45   3.52909
        19        46   4.50116
        19        47   1.31330
        19        48   4.54725
        19        49   3.31246
        19        50   2.92212
        19        51   3.68496
        19        52   4.46779   4.21504
        19        53   3.61226
        19        54   2.33392
        19        55   4.65320   4.98200
        19        56   4.74228
        19        57   4.31866
        19        58   2.98176   4.89661
        19        59
        20        24   4.76145
        20        25   3.60087
        20        26
        20        27   4.77959   4.22458
        20        28   2.92468
        20        29   3.59584
        20        30   3.72002   4.61563
        20        31   3.18002
        20        32   2.14545
        20        33   4.58912
        20        34   4.33641
        20        35   3.87044
        20        36   4.76145
        20        37
        20        38   3.60086
        20        39   4.22457   4.77960
        20        40   3.59585
        20        41   2.92468
        20        42   4.33641
        20        43   3.87044
        20        44   4.58912
        20        45   2.14546
        20        46   4.61563   3.72004
        20        47   3.18003
        20        48   1.37942
        20        49   1.37942
        20        50   1.37942
        20        51   3.91823
        20        52   3.91823
        20        53   3.91823
        20        54   3.85727
        20        55   3.88218
        20        56   3.76371
        20        57   3.76371
        20        58   3.85727
        20        59   3.88218
        21        24   4.78309   4.22854
        21        25   4.42132
        21        26   3.85232   4.50712
        21        27   4.75594
        21        28   3.18385
        21        29   3.31375
        21        30
        21        31   3.46931
        21        32   4.92855
        21        33   2.25138
        21        34   3.58763
        21        35   3.55135
        21        36   4.22854   4.78310
        21        37   4.50711   3.85233
        21        38   4.42132
        21        39   4.75593
        21        40   3.31375
        21        41   3.18386
        21        42   3.58762
        21        43   3.55134
        21        44   2.25139
        21        45   4.92855
        21        46
        21        47   3.46933
        21        48   3.89910
        21        49   3.79092
        21        50   3.79092
        21        51   1.36029
        21        52   4.11530
        21        53   4.11530
        21        54   1.43726
        21        55   3.56415
        21        56   4.61217
        21        57   4.61217
        21        58   1.43726
        21        59   3.56415
        22        24   2.23033
        22        25   3.60720
        22        26   3.83138
        22        27   2.74573
        22        28
        22        29   4.19066
        22        30   4.90871   4.56367
        22        31   3.63149
        22        32   4.10384   4.57180
        22        33   4.77713
        22        34   4.45903
        22        35   3.22046   4.60695
        22        36   4.54727
        22        37   2.92213
        22        38   3.31247
        22        39   3.68495
        22        40   3.61226
        22        41   4.21505   4.46779
        22        42   4.89660   2.98175
        22        43
        22        44   4.31866
        22        45   4.74227
        22        46   2.33391
        22        47   4.98198   4.65320
        22        48   3.79092
        22        49   3.89910
        22        50   3.79092
        22        51   4.11530
        22        52   1.36029
        22        53   4.11530
        22        54   4.50116
        22        55   1.31330
        22        56   3.52909
        22        57   1.37350
        22        58   3.44285
        22        59   4.50887
        23        24   4.54726
        23        25   3.31246
        23        26   2.92213
        23        27   3.68495
        23        28   4.46778   4.21505
        23        29   3.61227
        23        30   2.33391
        23        31   4.65320   4.98199
        23        32   4.74228
        23        33   4.31866
        23        34   2.98174   4.89662
        23        35
        23        36   2.23033
        23        37   3.83137
        23        38   3.60720
        23        39   2.74573
        23        40   4.19065
        23        41
        23        42   4.45904
        23        43   4.60694   3.22048
        23        44   4.77712
        23        45   4.57179   4.10385
        23        46   4.56367   4.90871
        23        47   3.63149
        23        48   3.79092
        23        49   3.79092
        23        50   3.89910
        23        51   4.11530
        23        52   4.11530
        23        53   1.36029
        23        54   3.44285
        23        55   4.50887
        23        56   1.37350
        23        57   3.52909
        23        58   4.50116
        23        59   1.31330
        24         0   4.03839   4.03839
        24         1   4.09592
        24         2   4.09591
        24         3   2.93945
        24         4   4.46290
        24         5   2.34812
        24         6   2.93946
        24         7   2.34812
        24         8   4.46291
        24         9   4.79245   4.79245
        24        10   4.94401   4.09378
        24        11   4.09378   4.94401
        24        12   1.37942
        24        13   3.89910
        24        14   3.79092
        24        15   3.79092
        24        16   4.76145
        24        17   4.78308   4.22854
        24        18   4.54725
        24        19   2.23033
        24        20   4.76145
        24        21   4.22854   4.78309
        24        22   2.23033
        24        23   4.54726
        25         0   3.32762   4.64157
        25         1   4.30368
        25         2
        25         3   1.34599
        25         4   4.12809
        25         5   4.52265
        25         6   3.39364
        25         7   3.51317
        25         8   2.23087
        25         9
        25        10   3.44409
        25        11   4.68984   4.38266
        25        12   1.37942
        25        13   3.79092
        25        14   3.89910
        25        15   3.79092
        25        16
        25        17   3.85232   4.50713
        25        18   2.92212
        25        19   3.83139
        25        20   3.60087
        25        21   4.42132
        25        22   3.60720
        25        23   3.31246
        26         0   4.64157   3.32762
        26         1
        26         2   4.30369
        26         3   3.39364
        26         4   2.23087
        26         5   3.51317
        26         6   1.34599
        26         7   4.52265
        26         8   4.12809
        26         9
        26        10   4.38266   4.68984
        26        11   3.44409
        26        12   1.37942
        26        13   3.79092
        26        14   3.79092
        26        15   3.89910
        26        16   3.60087
        26        17   4.42133
        26        18   3.31246
        26        19   3.60721
        26        20
        26        21   4.50712   3.85232
        26        22   3.83138
        26        23   2.92213
        27         0
        27         1   2.43720
        27         2   2.43720
        27         3   4.95125
        27         4   4.43359
        27         5   2.36810
        27         6   4.95126
        27         7   2.36810
        27         8   4.43358
        27         9   3.81520   3.81520
        27        10   4.91757   4.10527
        27        11   4.10527   4.91757
        27        12   3.91823
        27        13   1.36029
        27        14   4.11530
        27        15   4.11530
        27        16   4.77959   4.22458
        27        17   4.75594
        27        18   3.68496
        27        19   2.74572
        27        20   4.22458   4.77959
        27        21   4.75594
        27        22   2.74573
        27        23   3.68495
        28         0   4.98668   3.85833
        28         1   3.30109
        28         2   3.61737
        28         3   2.26230
        28         4
        28         5   3.36198
        28         6   4.48850
        28         7
        28         8   1.36344
        28         9   4.36895   4.68486
        28        10   4.00319   3.61746
        28        11
        28        12   3.91823
        28        13   4.11530
        28        14   1.36029
        28        15   4.11530
        28        16   3.59583
        28        17   3.31376
        28        18   3.61227
        28        19   4.19066
        28        20   2.92468
        28        21   3.18385
        28        22
        28        23   4.21505   4.46778
        29         0   3.85833   4.98668
        29         1   3.61737
        29         2   3.30110
        29         3   4.48849
        29         4   1.36344
        29         5
        29         6   2.26229
        29         7   3.36198
        29         8
        29         9   4.68486   4.36895
        29        10
        29        11   3.61746   4.00319
        29        12   3.91823
        29        13   4.11530
        29        14   4.11530
        29        15   1.36029
        29        16   2.92468
        29        17   3.18385
        29        18   4.46778   4.21505
        29        19
        29        20   3.59584
        29        21   3.31375
        29        22   4.19066
        29        23   3.61227
        30         0   4.80134
        30         1   3.62336
        30         2   1.77919
        30         3   4.66967
        30         4   2.15115
        30         5   3.45236
        30         6   3.44130
        30         7   4.58450
        30         8   4.23731
        30         9   4.99138   3.52860
        30        10   4.37224   4.72226
        30        11   3.53798
        30        12   3.85727
        30        13   1.43726
        30        14   4.50116
        30        15   3.44285
        30        16   4.33641
        30        17   3.58763
        30        18   2.98174   4.89662
        30        19   4.45903
        30        20   4.61563   3.72002
        30        21
        30        22   4.56367   4.90871
        30        23   2.33391
        31         0   4.16743
        31         1   4.71952
        31         2   2.30601
        31         3   4.01906
        31         4   4.64500
        31         5   1.33094
        31         6   3.57724
        31         7   4.46967
        31         8   3.34717
        31         9   3.35357
        31        10   3.21926
        31        11
        31        12   3.88218
        31        13   3.56415
        31        14   1.31330
        31        15   4.50887
        31        16   3.87043
        31        17   3.55135
        31        18
        31        19   3.22046   4.60695
        31        20   3.18002
        31        21   3.46931
        31        22   3.63149
        31        23   4.98199   4.65320
        32         0   3.61460
        32         1   4.43414
        32         2   2.91551
        32         3   2.27150
        32         4   2.93758
        32         5   4.22780
        32         6   4.51322
        32         7   2.94426
        32         8   3.34576
        32         9   4.04546   4.99343
        32        10   4.88074   4.70647
        32        11   4.80465   3.76351
        32        12   3.76371
        32        13   4.61217
        32        14   3.52909
        32        15   1.37350
        32        16   4.58913
        32        17   2.25137
        32        18   4.31866
        32        19   4.77713
        32        20   2.14545
        32        21   4.92855
        32        22   4.57180   4.10384
        32        23   4.74228
        33         0   3.61460
        33         1   2.91551
        33         2   4.43414
        33         3   4.51323
        33         4   3.34576
        33         5   2.94427
        33         6   2.27150
        33         7   4.22780
        33         8   2.93757
        33         9   4.99343   4.04546
        33        10   3.76351   4.80465
        33        11   4.70647   4.88074
        33        12   3.76371
        33        13   4.61217
        33        14   1.37350
        33        15   3.52909
        33        16   2.14545
        33        17   4.92856
        33        18   4.74228
        33        19   4.10384   4.57180
        33        20   4.58912
        33        21   2.25138
        33        22   4.77713
        33        23   4.31866
        34         0   4.80134
        34         1   1.77918
        34         2   3.62336
        34         3   3.44131
        34         4   4.23731
        34         5   4.58450
        34         6   4.66967
        34         7   3.45237
        34         8   2.15115
        34         9   3.52860   4.99138
        34        10   3.53798
        34        11   4.72226   4.37224
        34        12   3.85727
        34        13   1.43726
        34        14   3.44285
        34        15   4.50116
        34        16   3.72002   4.61563
        34        17
        34        18   2.33391
        34        19   4.90871   4.56366
        34        20   4.33641
        34        21   3.58763
        34        22   4.45903
        34        23   4.89662   2.98174
        35         0   4.16743
        35         1   2.30602
        35         2   4.71952
        35         3   3.57723
        35         4   3.34717
        35         5   4.46967
        35         6   4.01905
        35         7   1.33094
        35         8   4.64499
        35         9   3.35357
        35        10
        35        11   3.21926
        35        12   3.88218
        35        13   3.56415
        35        14   4.50887
        35        15   1.31330
        35        16   3.18003
        35        17   3.46931
        35        18   4.65320   4.98200
        35        19   3.63149
        35        20   3.87044
        35        21   3.55135
        35        22   4.60695   3.22046
        35        23
        36         0   4.09591
        36         1   4.03839   4.03839
        36         2   4.09591
        36         3   4.79245   4.79245
        36         4   4.94401   4.09378
        36         5   4.09378   4.94401
        36         6   2.93947
        36         7   4.46290
        36         8   2.34810
        36         9   2.93946
        36        10   2.34812
        36        11   4.46291
        36        12   4.76145
        36        13   4.22854   4.78309
        36        14   2.23033
        36        15   4.54726
        36        16   1.37942
        36        17   3.89910
        36        18   3.79092
        36        19   3.79092
        36        20   4.76145
        36        21   4.78310   4.22854
        36        22   4.54727
        36        23   2.23033
        37         0
        37         1   3.32762   4.64157
        37         2   4.30370
        37         3
        37         4   3.44409
        37         5   4.68984   4.38266
        37         6   1.34599
        37         7   4.12808
        37         8   4.52263
        37         9   3.39364
        37        10   3.51317
        37        11   2.23087
        37        12   3.60087
        37        13   4.42132
        37        14   3.60720
        37        15   3.31246
        37        16   1.37942
        37        17   3.79092
        37        18   3.89910
        37        19   3.79092
        37        20
        37        21   3.85233   4.50711
        37        22   2.92213
        37        23   3.83137
        38         0   4.30369
        38         1   4.64157   3.32762
        38         2
        38         3
        38         4   4.38266   4.68984
        38         5   3.44409
        38         6   3.39365
        38         7   2.23087
        38         8   3.51316
        38         9   1.34599
        38        10   4.52265
        38        11   4.12809
        38        12
        38        13   4.50712   3.85232
        38        14   3.83138
        38        15   2.92213
        38        16   1.37942
        38        17   3.79092
        38        18   3.79092
        38        19   3.89910
        38        20   3.60086
        38        21   4.42132
        38        22   3.31247
        38        23   3.60720
        39         0   2.43720
        39         1
        39         2   2.43721
        39         3   3.81520   3.81520
        39         4   4.91757   4.10527
        39         5   4.10527   4.91757
        39         6   4.95127
        39         7   4.43357
        39         8   2.36809
        39         9   4.95126
        39        10   2.36810
        39        11   4.43358
        39        12   4.22458   4.77959
        39        13   4.75594
        39        14   2.74573
        39        15   3.68495
        39        16   3.91823
        39        17   1.36029
        39        18   4.11530
        39        19   4.11530
        39        20   4.77960   4.22457
        39        21   4.75593
        39        22   3.68495
        39        23   2.74573
        40         0   3.61737
        40         1   4.98668   3.85833
        40         2   3.30109
        40         3   4.36895   4.68486
