         0         9   4.57896
         0        10   4.64651   4.89850   2.60911
         0        11   4.64424   4.95910
         0        12   3.17765   2.50057
         0        13
         0        14   4.56838   2.42263   4.63065
         0        15   4.69659   2.90427   4.53292
         0        16   4.89308   3.31793   4.95322
         0        17
         0        18   2.63035   4.85519   4.70585
         0        19   2.56887
         0        20   2.58969   4.99400
         0        21   3.03966   4.97387
         0        22   4.36385
         0        23   4.75920
         0        24   2.49145   3.18406
         1         9   2.60911   4.89850   4.64651
         1        10   4.57896
         1        11   2.50057   3.17765
         1        12   4.95910   4.64424
         1        13   4.63065   2.42263   4.56838
         1        14
         1        15   4.95322   3.31793   4.89308
         1        16   4.53292   2.90427   4.69659
         1        17   4.70585   4.85519   2.63035
         1        18
         1        19   4.99400   2.58969
         1        20   2.56887
         1        21   4.36385
         1        22   4.97387   3.03966
         1        23   3.18406   2.49145
         1        24   4.75920
         2         9   4.28063   2.52598   4.97335
         2        10   4.97335   2.52598   4.28063
         2        11   3.33588
         2        12   3.33588
         2        13   2.41398   4.97343   4.97232
         2        14   4.97232   4.97343   2.41398
         2        15   4.96972
         2        16   4.96972
         2        17   4.23494   2.56986   4.94283
         2        18   4.94283   2.56986   4.23494
         2        19
         2        20
         2        21   2.61731   4.28515   4.33348
         2        22   4.33348   4.28515   2.61731
         2        23   4.99299   4.95683
         2        24   4.95683   4.99299
         3         9
         3        10   2.58306   4.76596   4.76290
         3        11   4.73343   4.92314
         3        12   3.21342   2.46023
         3        13
         3        14   4.54825   2.42442   4.62037
         3        15   4.93576   2.46815   4.78952
         3        16   2.83921
         3        17   4.52071
         3        18   4.97670   4.57247   2.61810
         3        19   3.17098   4.92246   4.61108
         3        20   4.83424   4.71118   3.11795
         3        21   3.03869   4.95179
         3        22   4.37586
         3        23   4.83170
         3        24   2.40637   3.25554
         4         9   4.76290   4.76596   2.58306
         4        10
         4        11   2.46023   3.21342
         4        12   4.92314   4.73343
         4        13   4.62037   2.42442   4.54825
         4        14
         4        15   2.83921
         4        16   4.78952   2.46815   4.93576
         4        17   2.61810   4.57247   4.97670
         4        18   4.52071
         4        19   3.11795   4.71118   4.83424
         4        20   4.61108   4.92246   3.17098
         4        21   4.37586
         4        22   4.95179   3.03869
         4        23   3.25554   2.40637
         4        24   4.83170
         5         9   4.15142
         5        10   4.15142
         5        11   4.01986   4.44475   4.40161   4.75879
         5        12   4.75879   4.40161   4.44475   4.01986
         5        13   3.81015
         5        14   3.81015
         5        15   2.11239   4.14096   4.76371
         5        16   4.76371   4.14096   2.11239
         5        17   4.18573
         5        18   4.18573
         5        19   4.78097   2.09188   4.07937
         5        20   4.07937   2.09188   4.78097
         5        21   4.77506
         5        22   4.77506
         5        23   2.09087
         5        24   2.09087
         6         9   4.27268
         6        10   4.27268
         6        11   1.89235
         6        12   1.89235
         6        13   3.87724
         6        14   3.87724
         6        15   4.20392   4.81865   1.98399
         6        16   1.98399   4.81865   4.20392
         6        17   4.29126
         6        18   4.29126
         6        19   4.82756   1.98186   4.13401
         6        20   4.13401   1.98186   4.82756
         6        21   4.86115
         6        22   4.86115
         6        23   4.91546   4.51300   4.51047   4.02804
         6        24   4.02804   4.51047   4.51300   4.91546
         7         9   4.62438   1.93958   4.37607
         7        10   3.25630   4.42255
         7        11   4.25962   4.52923   4.56155   4.78044
         7        12
         7        13   4.60226   4.59889   1.94326
         7        14   4.08235
         7        15   4.86202
         7        16   4.14159
         7        17   4.64926   1.86717   4.41190
         7        18   3.19177   4.43748
         7        19   4.48804
         7        20   4.52516
         7        21   1.99517
         7        22   2.03560   4.50414   4.45518
         7        23   2.05277
         7        24   4.15965
         8         9   4.42255   3.25630
         8        10   4.37607   1.93958   4.62438
         8        11
         8        12   4.78044   4.56155   4.52923   4.25962
         8        13   4.08235
         8        14   1.94326   4.59889   4.60226
         8        15   4.14159
         8        16   4.86202
         8        17   4.43748   3.19177
         8        18   4.41190   1.86717   4.64926
         8        19   4.52516
         8        20   4.48804
         8        21   4.45518   4.50414   2.03560
         8        22   1.99517
         8        23   4.15965
         8        24   2.05277
         9         0   4.57896
         9         1   4.64651   4.89850   2.60911
         9         2   4.97335   2.52598   4.28063
         9         3
         9         4   2.58306   4.76596   4.76290
         9         5   4.15142
         9         6   4.27268
         9         7   4.37607   1.93958   4.62438
         9         8   3.25630   4.42255
        10         0   2.60911   4.89850   4.64651
        10         1   4.57896
        10         2   4.28063   2.52598   4.97335
        10         3   4.76290   4.76596   2.58306
        10         4
        10         5   4.15142
        10         6   4.27268
        10         7   4.42255   3.25630
        10         8   4.62438   1.93958   4.37607
        11         0   4.95910   4.64424
        11         1   3.17765   2.50057
        11         2   3.33588
        11         3   4.92314   4.73343
        11         4   3.21342   2.46023
        11         5   4.75879   4.40161   4.44475   4.01986
        11         6   1.89235
        11         7   4.78044   4.56155   4.52923   4.25962
        11         8
        12         0   2.50057   3.17765
        12         1   4.64424   4.95910
        12         2   3.33588
        12         3   2.46023   3.21342
        12         4   4.73343   4.92314
        12         5   4.01986   4.44475   4.40161   4.75879
        12         6   1.89235
        12         7
        12         8   4.25962   4.52923   4.56155   4.78044
        13         0
        13         1   4.56838   2.42263   4.63065
        13         2   4.97232   4.97343   2.41398
        13         3
        13         4   4.54825   2.42442   4.62037
        13         5   3.81015
        13         6   3.87724
        13         7   1.94326   4.59889   4.60226
        13         8   4.08235
        14         0   4.63065   2.42263   4.56838
        14         1
        14         2   2.41398   4.97343   4.97232
        14         3   4.62037   2.42442   4.54825
        14         4
        14         5   3.81015
        14         6   3.87724
        14         7   4.08235
        14         8   4.60226   4.59889   1.94326
        15         0   4.53292   2.90427   4.69659
        15         1   4.89308   3.31793   4.95322
        15         2   4.96972
        15         3   4.78952   2.46815   4.93576
        15         4   2.83921
        15         5   4.76371   4.14096   2.11239
        15         6   1.98399   4.81865   4.20392
        15         7   4.86202
        15         8   4.14159
        16         0   4.95322   3.31793   4.89308
        16         1   4.69659   2.90427   4.53292
        16         2   4.96972
        16         3   2.83921
        16         4   4.93576   2.46815   4.78952
        16         5   2.11239   4.14096   4.76371
        16         6   4.20392   4.81865   1.98399
        16         7   4.14159
        16         8   4.86202
        17         0
        17         1   2.63035   4.85519   4.70585
        17         2   4.94283   2.56986   4.23494
        17         3   4.52071
        17         4   4.97670   4.57247   2.61810
        17         5   4.18573
        17         6   4.29126
        17         7   4.41190   1.86717   4.64926
        17         8   3.19177   4.43748
        18         0   4.70585   4.85519   2.63035
        18         1
        18         2   4.23494   2.56986   4.94283
        18         3   2.61810   4.57247   4.97670
        18         4   4.52071
        18         5   4.18573
        18         6   4.29126
        18         7   4.43748   3.19177
        18         8   4.64926   1.86717   4.41190
        19         0   2.56887
        19         1   2.58969   4.99400
        19         2
        19         3   4.61108   4.92246   3.17098
        19         4   4.83424   4.71118   3.11795
        19         5   4.07937   2.09188   4.78097
        19         6   4.13401   1.98186   4.82756
        19         7   4.48804
        19         8   4.52516
        20         0   4.99400   2.58969
        20         1   2.56887
        20         2
        20         3   3.11795   4.71118   4.83424
        20         4   3.17098   4.92246   4.61108
        20         5   4.78097   2.09188   4.07937
        20         6   4.82756   1.98186   4.13401
        20         7   4.52516
        20         8   4.48804
        21         0   4.97387   3.03966
        21         1   4.36385
        21         2   4.33348   4.28515   2.61731
        21         3   4.95179   3.03869
        21         4   4.37586
        21         5   4.77506
        21         6   4.86115
        21         7   1.99517
        21         8   2.03560   4.50414   4.45518
        22         0   4.36385
        22         1   3.03966   4.97387
        22         2   2.61731   4.28515   4.33348
        22         3   4.37586
        22         4   3.03869   4.95179
        22         5   4.77506
        22         6   4.86115
        22         7   4.45518   4.50414   2.03560
        22         8   1.99517
        23         0   4.75920
        23         1   2.49145   3.18406
        23         2   4.95683   4.99299
        23         3   4.83170
        23         4   2.40637   3.25554
        23         5   2.09087
        23         6   4.02804   4.51047   4.51300   4.91546
        23         7   2.05277
        23         8   4.15965
        24         0   3.18406   2.49145
        24         1   4.75920
        24         2   4.99299   4.95683
        24         3   3.25554   2.40637
        24         4   4.83170
        24         5   2.09087
        24         6   4.91546   4.51300   4.51047   4.02804
        24         7   4.15965
        24         8   2.05277
