         0        16   4.73089
         0        17
         0        18   4.70934
         0        19
         0        20   4.80631   4.56093
         0        21
         0        22   2.00175   4.53529
         0        23
         0        24   4.41211
         0        25   4.39749   4.69318
         0        26   3.94408   4.61805
         0        27   4.20657   2.05057
         0        28   4.63764   1.95658
         0        29   3.73589   4.89047
         0        30   2.09334   3.78707
         0        31   4.43033   4.64361
         0        32
         0        33   3.90041   4.81064
         0        34   2.06034   4.06593
         0        35   4.42342
         0        36   3.87975   2.03871
         0        37
         0        38
         0        39   4.91113   3.63636
         0        40   4.00792   3.27083
         0        41   4.57327   4.30817
         1        16
         1        17   4.73089
         1        18
         1        19   4.70934
         1        20
         1        21   4.56093   4.80631
         1        22
         1        23   4.53529   2.00175
         1        24   4.39749   4.69318
         1        25   4.41211
         1        26   2.05057   4.20657
         1        27   4.61805   3.94408
         1        28   4.89047   3.73589
         1        29   1.95658   4.63764
         1        30   4.43033   4.64361
         1        31   3.78707   2.09334
         1        32   4.81064   3.90041
         1        33
         1        34   4.42342
         1        35   4.06593   2.06034
         1        36
         1        37   2.03871   3.87975
         1        38   3.63636   4.91113
         1        39
         1        40   4.30817   4.57327
         1        41   3.27083   4.00792
         2        16   4.70934
         2        17
         2        18   4.73089
         2        19
         2        20
         2        21   4.56093   4.80631
         2        22   4.41211
         2        23   4.69318   4.39749
         2        24   4.53529   2.00175
         2        25
         2        26   2.05057   4.20657
         2        27   4.61805   3.94408
         2        28   3.78707   2.09334
         2        29   4.64361   4.43033
         2        30   1.95658   4.63764
         2        31   4.89047   3.73589
         2        32   4.81064   3.90041
         2        33
         2        34   4.42342
         2        35   4.06593   2.06034
         2        36
         2        37   3.63636   4.91113
         2        38   2.03871   3.87975
         2        39
         2        40   4.30817   4.57327
         2        41   3.27083   4.00792
         3        16
         3        17   4.70934
         3        18
         3        19   4.73089
         3        20   4.80631   4.56093
         3        21
         3        22   4.69318   4.39749
         3        23   4.41211
         3        24
         3        25   2.00175   4.53529
         3        26   3.94408   4.61805
         3        27   4.20657   2.05057
         3        28   4.64361   4.43033
         3        29   2.09334   3.78707
         3        30   3.73589   4.89047
         3        31   4.63764   1.95658
         3        32
         3        33   3.90041   4.81064
         3        34   2.06034   4.06593
         3        35   4.42342
         3        36   4.91113   3.63636
         3        37
         3        38
         3        39   3.87975   2.03871
         3        40   4.00792   3.27083
         3        41   4.57327   4.30817
         4        16   4.28813   1.95558
         4        17   3.95555
         4        18   1.92589   4.16315
         4        19   4.01109
         4        20   3.63866   2.83116
         4        21   4.23150   4.71052
         4        22   2.00837   4.20353
         4        23
         4        24   4.76206
         4        25   4.02218
         4        26
         4        27   4.37652
         4        28   4.51452
         4        29
         4        30   4.90859
         4        31
         4        32   4.68351   3.99886
         4        33   2.89290   3.65680
         4        34   3.60126   4.72548
         4        35
         4        36   4.19200   1.93677
         4        37
         4        38   4.67938
         4        39   3.99094
         4        40   4.72007   3.74008
         4        41
         5        16   3.95555
         5        17   1.95558   4.28813
         5        18   4.01109
         5        19   4.16315   1.92589
         5        20   4.71052   4.23150
         5        21   2.83116   3.63866
         5        22
         5        23   4.20353   2.00837
         5        24   4.02218
         5        25   4.76206
         5        26   4.37652
         5        27
         5        28
         5        29   4.51452
         5        30
         5        31   4.90859
         5        32   3.65680   2.89290
         5        33   3.99886   4.68351
         5        34
         5        35   4.72548   3.60126
         5        36
         5        37   1.93677   4.19200
         5        38   3.99094
         5        39   4.67938
         5        40
         5        41   3.74008   4.72007
         6        16   4.16315   1.92589
         6        17   4.01109
         6        18   1.95558   4.28813
         6        19   3.95555
         6        20   4.71052   4.23150
         6        21   2.83116   3.63866
         6        22   4.76206
         6        23   4.02218
         6        24   4.20353   2.00837
         6        25
         6        26   4.37652
         6        27
         6        28   4.90859
         6        29
         6        30   4.51452
         6        31
         6        32   3.65680   2.89290
         6        33   3.99886   4.68351
         6        34
         6        35   4.72548   3.60126
         6        36   4.67938
         6        37   3.99094
         6        38   1.93677   4.19200
         6        39
         6        40
         6        41   3.74008   4.72007
         7        16   4.01109
         7        17   1.92589   4.16315
         7        18   3.95555
         7        19   4.28813   1.95558
         7        20   3.63866   2.83116
         7        21   4.23150   4.71052
         7        22   4.02218
         7        23   4.76206
         7        24
         7        25   2.00837   4.20353
         7        26
         7        27   4.37652
         7        28
         7        29   4.90859
         7        30
         7        31   4.51452
         7        32   4.68351   3.99886
         7        33   2.89290   3.65680
         7        34   3.60126   4.72548
         7        35
         7        36   3.99094
         7        37   4.67938
         7        38
         7        39   4.19200   1.93677
         7        40   4.72007   3.74008
         7        41
         8        16   3.43456   4.98021
         8        17   4.39819
         8        18   4.39819
         8        19   3.43456   4.98021
         8        20   4.46650   4.46650
         8        21   4.49879
         8        22   4.17459   3.33608
         8        23
         8        24
         8        25   4.17459   3.33608
         8        26
         8        27   2.68813   4.28719
         8        28   4.48496
         8        29   3.67959
         8        30   3.67959
         8        31   4.48496
         8        32
         8        33   4.25215   1.77489
         8        34   3.68983   1.74412
         8        35
         8        36   1.74824   4.09934
         8        37
         8        38
         8        39   1.74824   4.09934
         8        40   4.46635   4.46635
         8        41   4.97940
         9        16   4.39819
         9        17   4.98021   3.43456
         9        18   4.98021   3.43456
         9        19   4.39819
         9        20   4.49879
         9        21   4.46650   4.46650
         9        22
         9        23   3.33608   4.17459
         9        24   3.33608   4.17459
         9        25
         9        26   4.28719   2.68813
         9        27
         9        28   3.67959
         9        29   4.48496
         9        30   4.48496
         9        31   3.67959
         9        32   1.77489   4.25215
         9        33
         9        34
         9        35   1.74412   3.68983
         9        36
         9        37   4.09934   1.74824
         9        38   4.09934   1.74824
         9        39
         9        40   4.97940
         9        41   4.46635   4.46635
        10        16
        10        17
        10        18
        10        19
        10        20   4.38712
        10        21
        10        22   3.86403   4.06219
        10        23   4.44884
        10        24   4.44884
        10        25   3.86403   4.06219
        10        26   3.50574   1.75203
        10        27   4.32662   4.32662
        10        28   1.75270   4.23144
        10        29   4.04815   3.36988
        10        30   4.04815   3.36988
        10        31   1.75270   4.23144
        10        32   4.85589
        10        33
        10        34
        10        35   2.46263   4.30939
        10        36   4.05800
        10        37   3.69234
        10        38   3.69234
        10        39   4.05800
        10        40   4.83394   1.73510
        10        41   4.74405   4.74405
        11        16
        11        17
        11        18
        11        19
        11        20
        11        21   4.38712
        11        22   4.44884
        11        23   4.06219   3.86403
        11        24   4.06219   3.86403
        11        25   4.44884
        11        26   4.32662   4.32662
        11        27   1.75203   3.50574
        11        28   3.36988   4.04815
        11        29   4.23144   1.75270
        11        30   4.23144   1.75270
        11        31   3.36988   4.04815
        11        32
        11        33   4.85589
        11        34   4.30939   2.46263
        11        35
        11        36   3.69234
        11        37   4.05800
        11        38   4.05800
        11        39   3.69234
        11        40   4.74405   4.74405
        11        41   1.73510   4.83394
        12        16   3.41055   4.10776
        12        17   4.13340   1.73475
        12        18   4.13340   1.73475
        12        19   3.41055   4.10776
        12        20   1.74715   4.19926
        12        21   4.54280   4.54280
        12        22   3.51193
        12        23   4.63664
        12        24   4.63664
        12        25   3.51193
        12        26
        12        27
        12        28
        12        29
        12        30
        12        31
        12        32   1.74721   4.11266
        12        33   4.44921   4.44921
        12        34
        12        35   4.30657
        12        36   4.46356
        12        37   3.47710
        12        38   3.47710
        12        39   4.46356
        12        40   4.29666
        12        41
        13        16   1.73475   4.13340
        13        17   4.10776   3.41055
        13        18   4.10776   3.41055
        13        19   1.73475   4.13340
        13        20   4.54280   4.54280
        13        21   4.19926   1.74715
        13        22   4.63664
        13        23   3.51193
        13        24   3.51193
        13        25   4.63664
        13        26
        13        27
        13        28
        13        29
        13        30
        13        31
        13        32   4.44921   4.44921
        13        33   4.11266   1.74721
        13        34   4.30657
        13        35
        13        36   3.47710
        13        37   4.46356
        13        38   4.46356
        13        39   3.47710
        13        40
        13        41   4.29666
        14        16   4.59757
        14        17   3.46513
        14        18   3.46513
        14        19   4.59757
        14        20   1.78269   4.20147
        14        21
        14        22   4.15134   1.75057
        14        23
        14        24
        14        25   4.15134   1.75057
        14        26   3.75181
        14        27
        14        28   4.15017   4.03947
        14        29   4.10538
        14        30   4.10538
        14        31   4.15017   4.03947
        14        32   4.51976
        14        33   4.57422   4.57422
        14        34   4.39214   4.39214
        14        35
        14        36   3.38236   4.16140
        14        37
        14        38
        14        39   3.38236   4.16140
        14        40   1.69704   3.77992
        14        41
        15        16   3.46513
        15        17   4.59757
        15        18   4.59757
        15        19   3.46513
        15        20
        15        21   4.20147   1.78269
        15        22
        15        23   1.75057   4.15134
        15        24   1.75057   4.15134
        15        25
        15        26
        15        27   3.75181
        15        28   4.10538
        15        29   4.03947   4.15017
        15        30   4.03947   4.15017
        15        31   4.10538
        15        32   4.57422   4.57422
        15        33   4.51976
        15        34
        15        35   4.39214   4.39214
        15        36
        15        37   4.16140   3.38236
        15        38   4.16140   3.38236
        15        39
        15        40
        15        41   3.77992   1.69704
        16         0   4.73089
        16         1
        16         2   4.70934
        16         3
        16         4   1.95558   4.28813
        16         5   3.95555
        16         6   1.92589   4.16315
        16         7   4.01109
        16         8   4.98021   3.43456
        16         9   4.39819
        16        10
        16        11
        16        12   4.10776   3.41055
        16        13   4.13340   1.73475
        16        14   4.59757
        16        15   3.46513
        17         0
        17         1   4.73089
        17         2
        17         3   4.70934
        17         4   3.95555
        17         5   4.28813   1.95558
        17         6   4.01109
        17         7   4.16315   1.92589
        17         8   4.39819
        17         9   3.43456   4.98021
        17        10
        17        11
        17        12   1.73475   4.13340
        17        13   3.41055   4.10776
        17        14   3.46513
        17        15   4.59757
        18         0   4.70934
        18         1
        18         2   4.73089
        18         3
        18         4   4.16315   1.92589
        18         5   4.01109
        18         6   4.28813   1.95558
        18         7   3.95555
        18         8   4.39819
        18         9   3.43456   4.98021
        18        10
        18        11
        18        12   1.73475   4.13340
        18        13   3.41055   4.10776
        18        14   3.46513
        18        15   4.59757
        19         0
        19         1   4.70934
        19         2
        19         3   4.73089
        19         4   4.01109
        19         5   1.92589   4.16315
        19         6   3.95555
        19         7   1.95558   4.28813
        19         8   4.98021   3.43456
        19         9   4.39819
        19        10
        19        11
        19        12   4.10776   3.41055
        19        13   4.13340   1.73475
        19        14   4.59757
        19        15   3.46513
        20         0   4.56093   4.80631
        20         1
        20         2
        20         3   4.56093   4.80631
        20         4   2.83116   3.63866
        20         5   4.23150   4.71052
        20         6   4.23150   4.71052
        20         7   2.83116   3.63866
        20         8   4.46650   4.46650
        20         9   4.49879
        20        10   4.38712
        20        11
        20        12   4.19926   1.74715
        20        13   4.54280   4.54280
        20        14   4.20147   1.78269
        20        15
        21         0
        21         1   4.80631   4.56093
        21         2   4.80631   4.56093
        21         3
        21         4   4.71052   4.23150
        21         5   3.63866   2.83116
        21         6   3.63866   2.83116
        21         7   4.71052   4.23150
        21         8   4.49879
        21         9   4.46650   4.46650
        21        10
        21        11   4.38712
        21        12   4.54280   4.54280
        21        13   1.74715   4.19926
        21        14
        21        15   1.78269   4.20147
        22         0   4.53529   2.00175
        22         1
        22         2   4.41211
        22         3   4.39749   4.69318
        22         4   4.20353   2.00837
        22         5
        22         6   4.76206
        22         7   4.02218
        22         8   3.33608   4.17459
        22         9
        22        10   4.06219   3.86403
        22        11   4.44884
        22        12   3.51193
        22        13   4.63664
        22        14   1.75057   4.15134
        22        15
        23         0
        23         1   2.00175   4.53529
        23         2   4.39749   4.69318
        23         3   4.41211
        23         4
        23         5   2.00837   4.20353
        23         6   4.02218
        23         7   4.76206
        23         8
        23         9   4.17459   3.33608
        23        10   4.44884
        23        11   3.86403   4.06219
        23        12   4.63664
        23        13   3.51193
        23        14
        23        15   4.15134   1.75057
        24         0   4.41211
        24         1   4.69318   4.39749
        24         2   2.00175   4.53529
        24         3
        24         4   4.76206
        24         5   4.02218
        24         6   2.00837   4.20353
        24         7
        24         8
        24         9   4.17459   3.33608
        24        10   4.44884
        24        11   3.86403   4.06219
        24        12   4.63664
        24        13   3.51193
        24        14
        24        15   4.15134   1.75057
        25         0   4.69318   4.39749
        25         1   4.41211
        25         2
        25         3   4.53529   2.00175
        25         4   4.02218
        25         5   4.76206
        25         6
        25         7   4.20353   2.00837
        25         8   3.33608   4.17459
        25         9
        25        10   4.06219   3.86403
        25        11   4.44884
        25        12   3.51193
        25        13   4.63664
        25        14   1.75057   4.15134
        25        15
        26         0   4.61805   3.94408
        26         1   4.20657   2.05057
        26         2   4.20657   2.05057
        26         3   4.61805   3.94408
        26         4
        26         5   4.37652
        26         6   4.37652
        26         7
        26         8
        26         9   2.68813   4.28719
        26        10   1.75203   3.50574
        26        11   4.32662   4.32662
        26        12
        26        13
        26        14   3.75181
        26        15
        27         0   2.05057   4.20657
        27         1   3.94408   4.61805
        27         2   3.94408   4.61805
        27         3   2.05057   4.20657
        27         4   4.37652
        27         5
        27         6
        27         7   4.37652
        27         8   4.28719   2.68813
        27         9
        27        10   4.32662   4.32662
        27        11   3.50574   1.75203
        27        12
        27        13
        27        14
        27        15   3.75181
        28         0   1.95658   4.63764
        28         1   3.73589   4.89047
        28         2   2.09334   3.78707
        28         3   4.43033   4.64361
        28         4   4.51452
        28         5
        28         6   4.90859
        28         7
        28         8   4.48496
        28         9   3.67959
        28        10   4.23144   1.75270
        28        11   4.04815   3.36988
        28        12
        28        13
        28        14   4.03947   4.15017
        28        15   4.10538
        29         0   4.89047   3.73589
        29         1   4.63764   1.95658
        29         2   4.43033   4.64361
        29         3   3.78707   2.09334
        29         4
        29         5   4.51452
        29         6
        29         7   4.90859
        29         8   3.67959
        29         9   4.48496
        29        10   3.36988   4.04815
        29        11   1.75270   4.23144
        29        12
        29        13
        29        14   4.10538
        29        15   4.15017   4.03947
        30         0   3.78707   2.09334
        30         1   4.64361   4.43033
        30         2   4.63764   1.95658
        30         3   4.89047   3.73589
        30         4   4.90859
        30         5
        30         6   4.51452
        30         7
        30         8   3.67959
        30         9   4.48496
        30        10   3.36988   4.04815
        30        11   1.75270   4.23144
        30        12
        30        13
        30        14   4.10538
        30        15   4.15017   4.03947
        31         0   4.64361   4.43033
        31         1   2.09334   3.78707
        31         2   3.73589   4.89047
        31         3   1.95658   4.63764
        31         4
        31         5   4.90859
        31         6
        31         7   4.51452
        31         8   4.48496
        31         9   3.67959
        31        10   4.23144   1.75270
        31        11   4.04815   3.36988
        31        12
        31        13
        31        14   4.03947   4.15017
        31        15   4.10538
        32         0
        32         1   3.90041   4.81064
        32         2   3.90041   4.81064
        32         3
        32         4   3.99886   4.68351
        32         5   2.89290   3.65680
        32         6   2.89290   3.65680
        32         7   3.99886   4.68351
        32         8
        32         9   4.25215   1.77489
        32        10   4.85589
        32        11
        32        12   4.11266   1.74721
        32        13   4.44921   4.44921
        32        14   4.51976
        32        15   4.57422   4.57422
        33         0   4.81064   3.90041
        33         1
        33         2
        33         3   4.81064   3.90041
        33         4   3.65680   2.89290
        33         5   4.68351   3.99886
        33         6   4.68351   3.99886
        33         7   3.65680   2.89290
        33         8   1.77489   4.25215
        33         9
        33        10
        33        11   4.85589
        33        12   4.44921   4.44921
        33        13   1.74721   4.11266
        33        14   4.57422   4.57422
        33        15   4.51976
        34         0   4.06593   2.06034
        34         1   4.42342
        34         2   4.42342
        34         3   4.06593   2.06034
        34         4   4.72548   3.60126
        34         5
        34         6
        34         7   4.72548   3.60126
        34         8   1.74412   3.68983
        34         9
        34        10
        34        11   2.46263   4.30939
        34        12
        34        13   4.30657
        34        14   4.39214   4.39214
        34        15
        35         0   4.42342
        35         1   2.06034   4.06593
        35         2   2.06034   4.06593
        35         3   4.42342
        35         4
        35         5   3.60126   4.72548
        35         6   3.60126   4.72548
        35         7
        35         8
        35         9   3.68983   1.74412
        35        10   4.30939   2.46263
        35        11
        35        12   4.30657
        35        13
        35        14
        35        15   4.39214   4.39214
        36         0   2.03871   3.87975
        36         1
        36         2
        36         3   3.63636   4.91113
        36         4   1.93677   4.19200
        36         5
        36         6   4.67938
        36         7   3.99094
        36         8   4.09934   1.74824
        36         9
        36        10   4.05800
        36        11   3.69234
        36        12   4.46356
        36        13   3.47710
        36        14   4.16140   3.38236
        36        15
        37         0
        37         1   3.87975   2.03871
        37         2   4.91113   3.63636
        37         3
        37         4
        37         5   4.19200   1.93677
        37         6   3.99094
        37         7   4.67938
        37         8
        37         9   1.74824   4.09934
        37        10   3.69234
        37        11   4.05800
        37        12   3.47710
        37        13   4.46356
        37        14
        37        15   3.38236   4.16140
        38         0
        38         1   4.91113   3.63636
        38         2   3.87975   2.03871
        38         3
        38         4   4.67938
        38         5   3.99094
        38         6   4.19200   1.93677
        38         7
        38         8
        38         9   1.74824   4.09934
        38        10   3.69234
        38        11   4.05800
        38        12   3.47710
        38        13   4.46356
        38        14
        38        15   3.38236   4.16140
        39         0   3.63636   4.91113
        39         1
        39         2
        39         3   2.03871   3.87975
        39         4   3.99094
        39         5   4.67938
        39         6
        39         7   1.93677   4.19200
        39         8   4.09934   1.74824
        39         9
        39        10   4.05800
        39        11   3.69234
        39        12   4.46356
        39        13   3.47710
        39        14   4.16140   3.38236
        39        15
        40         0   3.27083   4.00792
        40         1   4.57327   4.30817
        40         2   4.57327   4.30817
        40         3   3.27083   4.00792
        40         4   3.74008   4.72007
        40         5
        40         6
        40         7   3.74008   4.72007
        40         8   4.46635   4.46635
        40         9   4.97940
        40        10   1.73510   4.83394
        40        11   4.74405   4.74405
        40        12   4.29666
        40        13
        40        14   3.77992   1.69704
        40        15
        41         0   4.30817   4.57327
        41         1   4.00792   3.27083
        41         2   4.00792   3.27083
        41         3   4.30817   4.57327
        41         4
        41         5   4.72007   3.74008
        41         6   4.72007   3.74008
        41         7
        41         8   4.97940
        41         9   4.46635   4.46635
        41        10   4.74405   4.74405
        41        11   4.83394   1.73510
        41        12
        41        13   4.29666
        41        14
        41        15   1.69704   3.77992
