         0        20   3.81476
         0        21   4.50728   4.64505
         0        22   4.63508   4.53204
         0        23
         0        24   3.42151
         0        25   4.77538   4.70943
         0        26
         0        27   4.41309   4.98239
         0        28   2.02021
         0        29   3.93027
         0        30   1.97614
         0        31
         0        32   4.71060   4.67048
         0        33   2.16903
         0        34   4.28640
         0        35   3.58235
         0        36   1.98155
         0        37   3.72655
         0        38   4.75082   4.45810
         0        39   4.92750   4.27990
         0        40   1.96159
         0        41
         0        42   3.60952
         0        43   4.41796
         0        44   2.06349
         0        45   4.67027
         0        46   4.39015
         0        47   3.57525
         0        48   4.67641   4.46664
         0        49   4.75991   4.85896
         0        50   3.39492
         0        51   4.71520
         1        20   4.64505   4.50728
         1        21   3.81476
         1        22
         1        23   4.53204   4.63508
         1        24   4.70943   4.77538
         1        25   3.42151
         1        26   4.98239   4.41309
         1        27
         1        28   3.93027
         1        29   2.02021
         1        30
         1        31   1.97614
         1        32   2.16903
         1        33   4.71060   4.67048
         1        34   3.58235
         1        35   4.28640
         1        36   3.72655
         1        37   1.98155
         1        38   4.27990   4.92750
         1        39   4.75082   4.45810
         1        40
         1        41   1.96159
         1        42   4.41796
         1        43   3.60952
         1        44   4.67027
         1        45   2.06349
         1        46   3.57525
         1        47   4.39015
         1        48   4.85896   4.75991
         1        49   4.67641   4.46664
         1        50   4.71520
         1        51   3.39492
         2        20   4.53204   4.63508
         2        21
         2        22   3.81476
         2        23   4.64505   4.50728
         2        24
         2        25   4.98239   4.41309
         2        26   3.42151
         2        27   4.70943   4.77538
         2        28   1.97614
         2        29
         2        30   2.02021
         2        31   3.93027
         2        32   4.28640
         2        33   3.58235
         2        34   4.67048   4.71060
         2        35   2.16903
         2        36   4.45810   4.75082
         2        37   4.27990   4.92750
         2        38   1.98155
         2        39   3.72655
         2        40   3.60952
         2        41   4.41796
         2        42   1.96159
         2        43
         2        44   4.39015
         2        45   3.57525
         2        46   2.06349
         2        47   4.67027
         2        48   3.39492
         2        49   4.71520
         2        50   4.46664   4.67641
         2        51   4.85896   4.75991
         3        20
         3        21   4.63508   4.53204
         3        22   4.50728   4.64505
         3        23   3.81476
         3        24   4.41309   4.98239
         3        25
         3        26   4.77538   4.70943
         3        27   3.42151
         3        28
         3        29   1.97614
         3        30   3.93027
         3        31   2.02021
         3        32   3.58235
         3        33   4.28640
         3        34   2.16903
         3        35   4.67048   4.71060
         3        36   4.92750   4.27990
         3        37   4.45810   4.75082
         3        38   3.72655
         3        39   1.98155
         3        40   4.41796
         3        41   3.60952
         3        42
         3        43   1.96159
         3        44   3.57525
         3        45   4.39015
         3        46   4.67027
         3        47   2.06349
         3        48   4.71520
         3        49   3.39492
         3        50   4.75991   4.85896
         3        51   4.46664   4.67641
         4        20   2.00203
         4        21
         4        22   3.66298
         4        23   4.56774
         4        24   4.52161   4.61373
         4        25   4.76013   4.54243
         4        26   3.84409
         4        27   4.40946
         4        28   2.01236
         4        29   4.67862   4.93518
         4        30   4.46213
         4        31   3.72621
         4        32   2.03608
         4        33   3.57997
         4        34
         4        35   4.66113   4.54924
         4        36   4.65932   4.55472
         4        37   2.04126
         4        38   4.66102
         4        39   3.74034
         4        40   3.67054
         4        41   4.68959   4.78233
         4        42   4.77023   4.40199
         4        43   4.66836   4.43433
         4        44   1.96346
         4        45   3.75707
         4        46   4.52458
         4        47
         4        48   3.57793
         4        49   4.73197   4.68451
         4        50
         4        51   1.97167
         5        20
         5        21   2.00203
         5        22   4.56774
         5        23   3.66298
         5        24   4.54243   4.76013
         5        25   4.52161   4.61373
         5        26   4.40946
         5        27   3.84409
         5        28   4.67862   4.93518
         5        29   2.01236
         5        30   3.72621
         5        31   4.46213
         5        32   3.57997
         5        33   2.03608
         5        34   4.54924   4.66113
         5        35
         5        36   2.04126
         5        37   4.65932   4.55472
         5        38   3.74034
         5        39   4.66102
         5        40   4.78233   4.68959
         5        41   3.67054
         5        42   4.66836   4.43433
         5        43   4.40199   4.77023
         5        44   3.75707
         5        45   1.96346
         5        46
         5        47   4.52458
         5        48   4.68451   4.73197
         5        49   3.57793
         5        50   1.97167
         5        51
         6        20   3.66298
         6        21   4.56774
         6        22   2.00203
         6        23
         6        24   3.84409
         6        25   4.40946
         6        26   4.61373   4.52161
         6        27   4.54243   4.76013
         6        28   4.46213
         6        29   3.72621
         6        30   2.01236
         6        31   4.93518   4.67862
         6        32
         6        33   4.54924   4.66113
         6        34   2.03608
         6        35   3.57997
         6        36   4.66102
         6        37   3.74034
         6        38   4.55472   4.65932
         6        39   2.04126
         6        40   4.40199   4.77023
         6        41   4.43433   4.66836
         6        42   3.67054
         6        43   4.78233   4.68959
         6        44   4.52458
         6        45
         6        46   1.96346
         6        47   3.75707
         6        48
         6        49   1.97167
         6        50   3.57793
         6        51   4.68451   4.73197
         7        20   4.56774
         7        21   3.66298
         7        22
         7        23   2.00203
         7        24   4.40946
         7        25   3.84409
         7        26   4.76013   4.54243
         7        27   4.61373   4.52161
         7        28   3.72621
         7        29   4.46213
         7        30   4.93518   4.67862
         7        31   2.01236
         7        32   4.66113   4.54924
         7        33
         7        34   3.57997
         7        35   2.03608
         7        36   3.74034
         7        37   4.66102
         7        38   2.04126
         7        39   4.55472   4.65932
         7        40   4.43433   4.66836
         7        41   4.77023   4.40199
         7        42   4.68959   4.78233
         7        43   3.67054
         7        44
         7        45   4.52458
         7        46   3.75707
         7        47   1.96346
         7        48   1.97167
         7        49
         7        50   4.73197   4.68451
         7        51   3.57793
         8        20   2.03091
         8        21   4.87764   4.35732
         8        22   4.51824
         8        23   3.39545
         8        24   4.52471   4.61287
         8        25   2.09325
         8        26   4.67959
         8        27   3.40701
         8        28   2.12731
         8        29
         8        30   3.76866
         8        31   4.77700
         8        32   3.69937
         8        33   4.65363   4.84160
         8        34
         8        35   2.19972
         8        36   4.89911   4.79598
         8        37   4.57497   4.69664
         8        38   3.77324
         8        39   4.57036
         8        40   2.10250
         8        41   3.57464
         8        42   4.48695   4.81642
         8        43
         8        44   3.42080
         8        45   4.43010
         8        46   4.44282   4.75095
         8        47   4.75354   4.72277
         8        48   2.15257
         8        49   3.50618
         8        50
         8        51   4.59340   4.63221
         9        20   4.87764   4.35732
         9        21   2.03091
         9        22   3.39545
         9        23   4.51824
         9        24   2.09325
         9        25   4.52471   4.61287
         9        26   3.40701
         9        27   4.67959
         9        28
         9        29   2.12731
         9        30   4.77700
         9        31   3.76866
         9        32   4.84160   4.65363
         9        33   3.69937
         9        34   2.19972
         9        35
         9        36   4.69664   4.57497
         9        37   4.89911   4.79598
         9        38   4.57036
         9        39   3.77324
         9        40   3.57464
         9        41   2.10250
         9        42
         9        43   4.81642   4.48695
         9        44   4.43010
         9        45   3.42080
         9        46   4.75354   4.72277
         9        47   4.75095   4.44282
         9        48   3.50618
         9        49   2.15257
         9        50   4.63221   4.59340
         9        51
        10        20   4.51824
        10        21   3.39545
        10        22   2.03091
        10        23   4.35732   4.87764
        10        24   4.67959
        10        25   3.40701
        10        26   4.61287   4.52471
        10        27   2.09325
        10        28   3.76866
        10        29   4.77700
        10        30   2.12731
        10        31
        10        32
        10        33   2.19972
        10        34   3.69937
        10        35   4.84160   4.65363
        10        36   3.77324
        10        37   4.57036
        10        38   4.79598   4.89911
        10        39   4.69664   4.57497
        10        40   4.81642   4.48695
        10        41
        10        42   2.10250
        10        43   3.57464
        10        44   4.75095   4.44282
        10        45   4.72277   4.75354
        10        46   3.42080
        10        47   4.43010
        10        48
        10        49   4.63221   4.59340
        10        50   2.15257
        10        51   3.50618
        11        20   3.39545
        11        21   4.51824
        11        22   4.35732   4.87764
        11        23   2.03091
        11        24   3.40701
        11        25   4.67959
        11        26   2.09325
        11        27   4.61287   4.52471
        11        28   4.77700
        11        29   3.76866
        11        30
        11        31   2.12731
        11        32   2.19972
        11        33
        11        34   4.65363   4.84160
        11        35   3.69937
        11        36   4.57036
        11        37   3.77324
        11        38   4.57497   4.69664
        11        39   4.79598   4.89911
        11        40
        11        41   4.48695   4.81642
        11        42   3.57464
        11        43   2.10250
        11        44   4.72277   4.75354
        11        45   4.44282   4.75095
        11        46   4.43010
        11        47   3.42080
        11        48   4.59340   4.63221
        11        49
        11        50   3.50618
        11        51   2.15257
        12        20   3.57139
        12        21   4.50060
        12        22   1.73475
        12        23   4.77918
        12        24   1.78996
        12        25
        12        26   3.47788
        12        27   3.48876
        12        28   4.20881
        12        29   3.75446
        12        30   4.46926
        12        31   4.33781
        12        32   3.60479
        12        33   4.33955
        12        34   3.57920
        12        35
        12        36   3.31427
        12        37   4.45336
        12        38
        12        39   3.70458
        12        40   3.47991
        12        41   4.56578
        12        42   4.73887
        12        43   1.73698
        12        44   1.74541
        12        45
        12        46   4.42936
        12        47   4.41474
        12        48   4.50264
        12        49   3.50785
        12        50   3.57591
        12        51   3.50895
        13        20   4.50060
        13        21   3.57139
        13        22   4.77918
        13        23   1.73475
        13        24
        13        25   1.78996
        13        26   3.48876
        13        27   3.47788
        13        28   3.75446
        13        29   4.20881
        13        30   4.33781
        13        31   4.46926
        13        32   4.33955
        13        33   3.60479
        13        34
        13        35   3.57920
        13        36   4.45336
        13        37   3.31427
        13        38   3.70458
        13        39
        13        40   4.56578
        13        41   3.47991
        13        42   1.73698
        13        43   4.73887
        13        44
        13        45   1.74541
        13        46   4.41474
        13        47   4.42936
        13        48   3.50785
        13        49   4.50264
        13        50   3.50895
        13        51   3.57591
        14        20   1.73475
        14        21   4.77918
        14        22   3.57139
        14        23   4.50060
        14        24   3.47788
        14        25   3.48876
        14        26   1.78996
        14        27
        14        28   4.46926
        14        29   4.33781
        14        30   4.20881
        14        31   3.75446
        14        32   3.57920
        14        33
        14        34   3.60479
        14        35   4.33955
        14        36
        14        37   3.70458
        14        38   3.31427
        14        39   4.45336
        14        40   4.73887
        14        41   1.73698
        14        42   3.47991
        14        43   4.56578
        14        44   4.42936
        14        45   4.41474
        14        46   1.74541
        14        47
        14        48   3.57591
        14        49   3.50895
        14        50   4.50264
        14        51   3.50785
        15        20   4.77918
        15        21   1.73475
        15        22   4.50060
        15        23   3.57139
        15        24   3.48876
        15        25   3.47788
        15        26
        15        27   1.78996
        15        28   4.33781
        15        29   4.46926
        15        30   3.75446
        15        31   4.20881
        15        32
        15        33   3.57920
        15        34   4.33955
        15        35   3.60479
        15        36   3.70458
        15        37
        15        38   4.45336
        15        39   3.31427
        15        40   1.73698
        15        41   4.73887
        15        42   4.56578
        15        43   3.47991
        15        44   4.41474
        15        45   4.42936
        15        46
        15        47   1.74541
        15        48   3.50895
        15        49   3.57591
        15        50   3.50785
        15        51   4.50264
        16        20   3.21524
        16        21   3.82998
        16        22   4.58909
        16        23   4.50482
        16        24   1.84365
        16        25   4.75677
        16        26   3.67049
        16        27
        16        28   3.35659
        16        29   3.54790
        16        30   4.69868
        16        31   4.31836
        16        32   1.79614
        16        33   4.36983
        16        34   4.91437
        16        35   4.24863
        16        36   1.77064
        16        37   4.26180
        16        38   3.18204
        16        39
        16        40   3.62999
        16        41   3.76176
        16        42   4.94578
        16        43   3.35926
        16        44   3.57176
        16        45   3.37641
        16        46
        16        47   3.55711
        16        48   1.75164
        16        49   4.90854
        16        50   4.22699
        16        51   4.38005
        17        20   3.82998
        17        21   3.21524
        17        22   4.50482
        17        23   4.58909
        17        24   4.75677
        17        25   1.84365
        17        26
        17        27   3.67049
        17        28   3.54790
        17        29   3.35659
        17        30   4.31836
        17        31   4.69868
        17        32   4.36983
        17        33   1.79614
        17        34   4.24863
        17        35   4.91437
        17        36   4.26180
        17        37   1.77064
        17        38
        17        39   3.18204
        17        40   3.76176
        17        41   3.62999
        17        42   3.35926
        17        43   4.94578
        17        44   3.37641
        17        45   3.57176
        17        46   3.55711
        17        47
        17        48   4.90854
        17        49   1.75164
        17        50   4.38005
        17        51   4.22699
        18        20   4.58909
        18        21   4.50482
        18        22   3.21524
        18        23   3.82998
        18        24   3.67049
        18        25
        18        26   1.84365
        18        27   4.75677
        18        28   4.69868
        18        29   4.31836
        18        30   3.35659
        18        31   3.54790
        18        32   4.91437
        18        33   4.24863
        18        34   1.79614
        18        35   4.36983
        18        36   3.18204
        18        37
        18        38   1.77064
        18        39   4.26180
        18        40   4.94578
        18        41   3.35926
        18        42   3.62999
        18        43   3.76176
        18        44
        18        45   3.55711
        18        46   3.57176
        18        47   3.37641
        18        48   4.22699
        18        49   4.38005
        18        50   1.75164
        18        51   4.90854
        19        20   4.50482
        19        21   4.58909
        19        22   3.82998
        19        23   3.21524
        19        24
        19        25   3.67049
        19        26   4.75677
        19        27   1.84365
        19        28   4.31836
        19        29   4.69868
        19        30   3.54790
        19        31   3.35659
        19        32   4.24863
        19        33   4.91437
        19        34   4.36983
        19        35   1.79614
        19        36
        19        37   3.18204
        19        38   4.26180
        19        39   1.77064
        19        40   3.35926
        19        41   4.94578
        19        42   3.76176
        19        43   3.62999
        19        44   3.55711
        19        45
        19        46   3.37641
        19        47   3.57176
        19        48   4.38005
        19        49   4.22699
        19        50   4.90854
        19        51   1.75164
        20         0   3.81476
        20         1   4.50728   4.64505
        20         2   4.63508   4.53204
        20         3
        20         4   2.00203
        20         5
        20         6   3.66298
        20         7   4.56774
        20         8   2.03091
        20         9   4.35732   4.87764
        20        10   4.51824
        20        11   3.39545
        20        12   3.57139
        20        13   4.50060
        20        14   1.73475
        20        15   4.77918
        20        16   3.21524
        20        17   3.82998
        20        18   4.58909
        20        19   4.50482
        21         0   4.64505   4.50728
        21         1   3.81476
        21         2
        21         3   4.53204   4.63508
        21         4
        21         5   2.00203
        21         6   4.56774
        21         7   3.66298
        21         8   4.35732   4.87764
        21         9   2.03091
        21        10   3.39545
        21        11   4.51824
        21        12   4.50060
        21        13   3.57139
        21        14   4.77918
        21        15   1.73475
        21        16   3.82998
        21        17   3.21524
        21        18   4.50482
        21        19   4.58909
        22         0   4.53204   4.63508
        22         1
        22         2   3.81476
        22         3   4.64505   4.50728
        22         4   3.66298
        22         5   4.56774
        22         6   2.00203
        22         7
        22         8   4.51824
        22         9   3.39545
        22        10   2.03091
        22        11   4.87764   4.35732
        22        12   1.73475
        22        13   4.77918
        22        14   3.57139
        22        15   4.50060
        22        16   4.58909
        22        17   4.50482
        22        18   3.21524
        22        19   3.82998
        23         0
        23         1   4.63508   4.53204
        23         2   4.50728   4.64505
        23         3   3.81476
        23         4   4.56774
        23         5   3.66298
        23         6
        23         7   2.00203
        23         8   3.39545
        23         9   4.51824
        23        10   4.87764   4.35732
        23        11   2.03091
        23        12   4.77918
        23        13   1.73475
        23        14   4.50060
        23        15   3.57139
        23        16   4.50482
        23        17   4.58909
        23        18   3.82998
        23        19   3.21524
        24         0   3.42151
        24         1   4.77538   4.70943
        24         2
        24         3   4.98239   4.41309
        24         4   4.61373   4.52161
        24         5   4.76013   4.54243
        24         6   3.84409
        24         7   4.40946
        24         8   4.61287   4.52471
        24         9   2.09325
        24        10   4.67959
        24        11   3.40701
        24        12   1.78996
        24        13
        24        14   3.47788
        24        15   3.48876
        24        16   1.84365
        24        17   4.75677
        24        18   3.67049
        24        19
        25         0   4.70943   4.77538
        25         1   3.42151
        25         2   4.41309   4.98239
        25         3
        25         4   4.54243   4.76013
        25         5   4.61373   4.52161
        25         6   4.40946
        25         7   3.84409
        25         8   2.09325
        25         9   4.61287   4.52471
        25        10   3.40701
        25        11   4.67959
        25        12
        25        13   1.78996
        25        14   3.48876
        25        15   3.47788
        25        16   4.75677
        25        17   1.84365
        25        18
        25        19   3.67049
        26         0
        26         1   4.41309   4.98239
        26         2   3.42151
        26         3   4.70943   4.77538
        26         4   3.84409
        26         5   4.40946
        26         6   4.52161   4.61373
        26         7   4.54243   4.76013
        26         8   4.67959
        26         9   3.40701
        26        10   4.52471   4.61287
        26        11   2.09325
        26        12   3.47788
        26        13   3.48876
        26        14   1.78996
        26        15
        26        16   3.67049
        26        17
        26        18   1.84365
        26        19   4.75677
        27         0   4.98239   4.41309
        27         1
        27         2   4.77538   4.70943
        27         3   3.42151
        27         4   4.40946
        27         5   3.84409
        27         6   4.76013   4.54243
        27         7   4.52161   4.61373
        27         8   3.40701
        27         9   4.67959
        27        10   2.09325
        27        11   4.52471   4.61287
        27        12   3.48876
        27        13   3.47788
        27        14
        27        15   1.78996
        27        16
        27        17   3.67049
        27        18   4.75677
        27        19   1.84365
        28         0   2.02021
        28         1   3.93027
        28         2   1.97614
        28         3
        28         4   2.01236
        28         5   4.93518   4.67862
        28         6   4.46213
        28         7   3.72621
        28         8   2.12731
        28         9
        28        10   3.76866
        28        11   4.77700
        28        12   4.20881
        28        13   3.75446
        28        14   4.46926
        28        15   4.33781
        28        16   3.35659
        28        17   3.54790
        28        18   4.69868
        28        19   4.31836
        29         0   3.93027
        29         1   2.02021
        29         2
        29         3   1.97614
        29         4   4.93518   4.67862
        29         5   2.01236
        29         6   3.72621
        29         7   4.46213
        29         8
        29         9   2.12731
        29        10   4.77700
        29        11   3.76866
        29        12   3.75446
        29        13   4.20881
        29        14   4.33781
        29        15   4.46926
        29        16   3.54790
        29        17   3.35659
        29        18   4.31836
        29        19   4.69868
        30         0   1.97614
        30         1
        30         2   2.02021
        30         3   3.93027
        30         4   4.46213
        30         5   3.72621
        30         6   2.01236
        30         7   4.67862   4.93518
        30         8   3.76866
        30         9   4.77700
        30        10   2.12731
        30        11
        30        12   4.46926
        30        13   4.33781
        30        14   4.20881
        30        15   3.75446
        30        16   4.69868
        30        17   4.31836
        30        18   3.35659
        30        19   3.54790
        31         0
        31         1   1.97614
        31         2   3.93027
        31         3   2.02021
        31         4   3.72621
        31         5   4.46213
        31         6   4.67862   4.93518
        31         7   2.01236
        31         8   4.77700
        31         9   3.76866
        31        10
        31        11   2.12731
        31        12   4.33781
        31        13   4.46926
        31        14   3.75446
        31        15   4.20881
        31        16   4.31836
        31        17   4.69868
        31        18   3.54790
        31        19   3.35659
        32         0   4.67048   4.71060
        32         1   2.16903
        32         2   4.28640
        32         3   3.58235
        32         4   2.03608
        32         5   3.57997
        32         6
        32         7   4.54924   4.66113
        32         8   3.69937
        32         9   4.65363   4.84160
        32        10
        32        11   2.19972
        32        12   3.60479
        32        13   4.33955
        32        14   3.57920
        32        15
        32        16   1.79614
        32        17   4.36983
        32        18   4.91437
        32        19   4.24863
        33         0   2.16903
        33         1   4.67048   4.71060
        33         2   3.58235
        33         3   4.28640
        33         4   3.57997
        33         5   2.03608
        33         6   4.66113   4.54924
        33         7
        33         8   4.84160   4.65363
        33         9   3.69937
        33        10   2.19972
        33        11
        33        12   4.33955
        33        13   3.60479
        33        14
        33        15   3.57920
        33        16   4.36983
        33        17   1.79614
        33        18   4.24863
        33        19   4.91437
        34         0   4.28640
        34         1   3.58235
        34         2   4.71060   4.67048
        34         3   2.16903
        34         4
        34         5   4.66113   4.54924
        34         6   2.03608
        34         7   3.57997
        34         8
        34         9   2.19972
        34        10   3.69937
        34        11   4.84160   4.65363
        34        12   3.57920
        34        13
        34        14   3.60479
        34        15   4.33955
        34        16   4.91437
        34        17   4.24863
        34        18   1.79614
        34        19   4.36983
        35         0   3.58235
        35         1   4.28640
        35         2   2.16903
        35         3   4.71060   4.67048
        35         4   4.54924   4.66113
        35         5
        35         6   3.57997
        35         7   2.03608
        35         8   2.19972
        35         9
        35        10   4.65363   4.84160
        35        11   3.69937
        35        12
        35        13   3.57920
        35        14   4.33955
        35        15   3.60479
        35        16   4.24863
        35        17   4.91437
        35        18   4.36983
        35        19   1.79614
        36         0   1.98155
        36         1   3.72655
        36         2   4.75082   4.45810
        36         3   4.27990   4.92750
        36         4   4.55472   4.65932
        36         5   2.04126
        36         6   4.66102
        36         7   3.74034
        36         8   4.79598   4.89911
        36         9   4.57497   4.69664
        36        10   3.77324
        36        11   4.57036
        36        12   3.31427
        36        13   4.45336
        36        14
        36        15   3.70458
        36        16   1.77064
        36        17   4.26180
        36        18   3.18204
        36        19
        37         0   3.72655
        37         1   1.98155
        37         2   4.92750   4.27990
        37         3   4.75082   4.45810
        37         4   2.04126
        37         5   4.55472   4.65932
        37         6   3.74034
        37         7   4.66102
        37         8   4.69664   4.57497
        37         9   4.79598   4.89911
        37        10   4.57036
        37        11   3.77324
        37        12   4.45336
        37        13   3.31427
        37        14   3.70458
        37        15
        37        16   4.26180
        37        17   1.77064
        37        18
        37        19   3.18204
        38         0   4.45810   4.75082
        38         1   4.92750   4.27990
        38         2   1.98155
        38         3   3.72655
        38         4   4.66102
        38         5   3.74034
        38         6   4.65932   4.55472
        38         7   2.04126
        38         8   3.77324
        38         9   4.57036
        38        10   4.89911   4.79598
        38        11   4.69664   4.57497
        38        12
        38        13   3.70458
        38        14   3.31427
        38        15   4.45336
        38        16   3.18204
        38        17
        38        18   1.77064
        38        19   4.26180
        39         0   4.27990   4.92750
        39         1   4.45810   4.75082
        39         2   3.72655
        39         3   1.98155
        39         4   3.74034
        39         5   4.66102
        39         6   2.04126
        39         7   4.65932   4.55472
        39         8   4.57036
        39         9   3.77324
        39        10   4.57497   4.69664
        39        11   4.89911   4.79598
        39        12   3.70458
        39        13
        39        14   4.45336
        39        15   3.31427
        39        16
        39        17   3.18204
        39        18   4.26180
        39        19   1.77064
        40         0   1.96159
        40         1
        40         2   3.60952
        40         3   4.41796
        40         4   3.67054
        40         5   4.68959   4.78233
        40         6   4.77023   4.40199
        40         7   4.66836   4.43433
        40         8   2.10250
        40         9   3.57464
        40        10   4.48695   4.81642
        40        11
        40        12   3.47991
        40        13   4.56578
        40        14   4.73887
        40        15   1.73698
        40        16   3.62999
        40        17   3.76176
        40        18   4.94578
        40        19   3.35926
        41         0
        41         1   1.96159
        41         2   4.41796
        41         3   3.60952
        41         4   4.78233   4.68959
        41         5   3.67054
        41         6   4.66836   4.43433
        41         7   4.40199   4.77023
        41         8   3.57464
        41         9   2.10250
        41        10
        41        11   4.81642   4.48695
        41        12   4.56578
        41        13   3.47991
        41        14   1.73698
        41        15   4.73887
        41        16   3.76176
        41        17   3.62999
        41        18   3.35926
        41        19   4.94578
        42         0   3.60952
        42         1   4.41796
        42         2   1.96159
        42         3
        42         4   4.40199   4.77023
        42         5   4.43433   4.66836
        42         6   3.67054
        42         7   4.78233   4.68959
        42         8   4.81642   4.48695
        42         9
        42        10   2.10250
        42        11   3.57464
        42        12   4.73887
        42        13   1.73698
        42        14   3.47991
        42        15   4.56578
        42        16   4.94578
        42        17   3.35926
        42        18   3.62999
        42        19   3.76176
        43         0   4.41796
        43         1   3.60952
        43         2
        43         3   1.96159
        43         4   4.43433   4.66836
        43         5   4.77023   4.40199
        43         6   4.68959   4.78233
        43         7   3.67054
        43         8
        43         9   4.48695   4.81642
        43        10   3.57464
        43        11   2.10250
        43        12   1.73698
        43        13   4.73887
        43        14   4.56578
        43        15   3.47991
        43        16   3.35926
        43        17   4.94578
        43        18   3.76176
        43        19   3.62999
        44         0   2.06349
        44         1   4.67027
        44         2   4.39015
        44         3   3.57525
        44         4   1.96346
        44         5   3.75707
        44         6   4.52458
        44         7
        44         8   3.42080
        44         9   4.43010
        44        10   4.44282   4.75095
        44        11   4.75354   4.72277
        44        12   1.74541
        44        13
        44        14   4.42936
        44        15   4.41474
        44        16   3.57176
        44        17   3.37641
        44        18
        44        19   3.55711
        45         0   4.67027
        45         1   2.06349
        45         2   3.57525
        45         3   4.39015
        45         4   3.75707
        45         5   1.96346
        45         6
        45         7   4.52458
        45         8   4.43010
        45         9   3.42080
        45        10   4.75354   4.72277
        45        11   4.75095   4.44282
        45        12
        45        13   1.74541
        45        14   4.41474
        45        15   4.42936
        45        16   3.37641
        45        17   3.57176
        45        18   3.55711
        45        19
        46         0   4.39015
        46         1   3.57525
        46         2   2.06349
        46         3   4.67027
        46         4   4.52458
        46         5
        46         6   1.96346
        46         7   3.75707
        46         8   4.75095   4.44282
        46         9   4.72277   4.75354
        46        10   3.42080
        46        11   4.43010
        46        12   4.42936
        46        13   4.41474
        46        14   1.74541
        46        15
        46        16
        46        17   3.55711
        46        18   3.57176
        46        19   3.37641
        47         0   3.57525
        47         1   4.39015
        47         2   4.67027
        47         3   2.06349
        47         4
        47         5   4.52458
        47         6   3.75707
        47         7   1.96346
        47         8   4.72277   4.75354
        47         9   4.44282   4.75095
        47        10   4.43010
        47        11   3.42080
        47        12   4.41474
        47        13   4.42936
        47        14
        47        15   1.74541
        47        16   3.55711
        47        17
        47        18   3.37641
        47        19   3.57176
        48         0   4.46664   4.67641
        48         1   4.75991   4.85896
        48         2   3.39492
        48         3   4.71520
        48         4   3.57793
        48         5   4.73197   4.68451
        48         6
        48         7   1.97167
        48         8   2.15257
        48         9   3.50618
        48        10
        48        11   4.63221   4.59340
        48        12   4.50264
        48        13   3.50785
        48        14   3.57591
        48        15   3.50895
        48        16   1.75164
        48        17   4.90854
        48        18   4.22699
        48        19   4.38005
        49         0   4.85896   4.75991
        49         1   4.46664   4.67641
        49         2   4.71520
        49         3   3.39492
        49         4   4.68451   4.73197
        49         5   3.57793
        49         6   1.97167
        49         7
        49         8   3.50618
        49         9   2.15257
        49        10   4.59340   4.63221
        49        11
        49        12   3.50785
        49        13   4.50264
        49        14   3.50895
        49        15   3.57591
        49        16   4.90854
        49        17   1.75164
        49        18   4.38005
        49        19   4.22699
        50         0   3.39492
        50         1   4.71520
        50         2   4.67641   4.46664
        50         3   4.85896   4.75991
        50         4
        50         5   1.97167
        50         6   3.57793
        50         7   4.68451   4.73197
        50         8
        50         9   4.59340   4.63221
        50        10   2.15257
        50        11   3.50618
        50        12   3.57591
        50        13   3.50895
        50        14   4.50264
        50        15   3.50785
        50        16   4.22699
        50        17   4.38005
        50        18   1.75164
        50        19   4.90854
        51         0   4.71520
        51         1   3.39492
        51         2   4.75991   4.85896
        51         3   4.67641   4.46664
        51         4   1.97167
        51         5
        51         6   4.73197   4.68451
        51         7   3.57793
        51         8   4.63221   4.59340
