         0        16   3.75959   4.93587   4.60239
         0        17   4.25868
         0        18
         0        19   2.54228   4.69975
         0        20   2.31322
         0        21   4.92318
         0        22
         0        23   4.69636   2.30879   4.47126
         0        24   2.42233   4.14750   3.98821
         0        25
         0        26
         0        27   3.97747   3.76673   2.59174
         1        16   4.25868
         1        17   4.60239   4.93587   3.75959
         1        18   4.69975   2.54228
         1        19
         1        20   4.92318
         1        21   2.31322
         1        22   4.47126   2.30879   4.69636
         1        23
         1        24
         1        25   3.98821   4.14750   2.42233
         1        26   2.59174   3.76673   3.97747
         1        27
         2        16
         2        17   4.69975   2.54228
         2        18   4.60239   4.93587   3.75959
         2        19   4.25868
         2        20
         2        21   4.47126   2.30879   4.69636
         2        22   2.31322
         2        23   4.92318
         2        24
         2        25   2.59174   3.76673   3.97747
         2        26   3.98821   4.14750   2.42233
         2        27
         3        16   2.54228   4.69975
         3        17
         3        18   4.25868
         3        19   3.75959   4.93587   4.60239
         3        20   4.69636   2.30879   4.47126
         3        21
         3        22   4.92318
         3        23   2.31322
         3        24   3.97747   3.76673   2.59174
         3        25
         3        26
         3        27   2.42233   4.14750   3.98821
         4        16   2.28638   4.73291   3.84021
         4        17
         4        18   3.79757   2.35842
         4        19
         4        20   4.90034   4.64982   2.29797
         4        21
         4        22   2.32860
         4        23   4.74535
         4        24   3.68893   4.52435
         4        25   4.55672
         4        26   3.79002
         4        27   4.83971   4.09779
         5        16
         5        17   3.84021   4.73291   2.28638
         5        18
         5        19   2.35842   3.79757
         5        20
         5        21   2.29797   4.64982   4.90034
         5        22   4.74535
         5        23   2.32860
         5        24   4.55672
         5        25   4.52435   3.68893
         5        26   4.09779   4.83971
         5        27   3.79002
         6        16   2.35842   3.79757
         6        17
         6        18   3.84021   4.73291   2.28638
         6        19
         6        20   2.32860
         6        21   4.74535
         6        22   2.29797   4.64982   4.90034
         6        23
         6        24   3.79002
         6        25   4.09779   4.83971
         6        26   4.52435   3.68893
         6        27   4.55672
         7        16
         7        17   3.79757   2.35842
         7        18
         7        19   2.28638   4.73291   3.84021
         7        20   4.74535
         7        21   2.32860
         7        22
         7        23   4.90034   4.64982   2.29797
         7        24   4.83971   4.09779
         7        25   3.79002
         7        26   4.55672
         7        27   3.68893   4.52435
         8        16   4.41395
         8        17   2.35949
         8        18
         8        19   4.47171   3.76948   2.53306
         8        20   4.36691
         8        21   4.87039   3.38624
         8        22
         8        23   4.25396   3.79487   2.43304
         8        24   2.72255
         8        25   4.72516
         8        26   4.67093
         8        27   2.40258   4.90571   4.98386
         9        16   2.35949
         9        17   4.41395
         9        18   2.53306   3.76948   4.47171
         9        19
         9        20   3.38624   4.87039
         9        21   4.36691
         9        22   2.43304   3.79487   4.25396
         9        23
         9        24   4.72516
         9        25   2.72255
         9        26   4.98386   4.90571   2.40258
         9        27   4.67093
        10        16
        10        17   2.53306   3.76948   4.47171
        10        18   4.41395
        10        19   2.35949
        10        20
        10        21   2.43304   3.79487   4.25396
        10        22   4.36691
        10        23   3.38624   4.87039
        10        24   4.67093
        10        25   4.98386   4.90571   2.40258
        10        26   2.72255
        10        27   4.72516
        11        16   4.47171   3.76948   2.53306
        11        17
        11        18   2.35949
        11        19   4.41395
        11        20   4.25396   3.79487   2.43304
        11        21
        11        22   4.87039   3.38624
        11        23   4.36691
        11        24   2.40258   4.90571   4.98386
        11        25   4.67093
        11        26   4.72516
        11        27   2.72255
        12        16   4.68546   1.86187
        12        17
        12        18   4.24369   4.26023
        12        19   4.54086
        12        20   1.85565   4.45789   4.39238
        12        21
        12        22   4.38857
        12        23   4.48320   4.37986   4.09967
        12        24   4.95152   4.53270   1.91621
        12        25
        12        26
        12        27   1.92391   4.97739
        13        16
        13        17   1.86187   4.68546
        13        18   4.54086
        13        19   4.26023   4.24369
        13        20
        13        21   4.39238   4.45789   1.85565
        13        22   4.09967   4.37986   4.48320
        13        23   4.38857
        13        24
        13        25   1.91621   4.53270   4.95152
        13        26   4.97739   1.92391
        13        27
        14        16   4.26023   4.24369
        14        17   4.54086
        14        18   1.86187   4.68546
        14        19
        14        20   4.38857
        14        21   4.09967   4.37986   4.48320
        14        22   4.39238   4.45789   1.85565
        14        23
        14        24
        14        25   4.97739   1.92391
        14        26   1.91621   4.53270   4.95152
        14        27
        15        16   4.54086
        15        17   4.24369   4.26023
        15        18
        15        19   4.68546   1.86187
        15        20   4.48320   4.37986   4.09967
        15        21   4.38857
        15        22
        15        23   1.85565   4.45789   4.39238
        15        24   1.92391   4.97739
        15        25
        15        26
        15        27   4.95152   4.53270   1.91621
        16         0   4.60239   4.93587   3.75959
        16         1   4.25868
        16         2
        16         3   4.69975   2.54228
        16         4   3.84021   4.73291   2.28638
        16         5
        16         6   3.79757   2.35842
        16         7
        16         8   4.41395
        16         9   2.35949
        16        10
        16        11   2.53306   3.76948   4.47171
        16        12   1.86187   4.68546
        16        13
        16        14   4.24369   4.26023
        16        15   4.54086
        17         0   4.25868
        17         1   3.75959   4.93587   4.60239
        17         2   2.54228   4.69975
        17         3
        17         4
        17         5   2.28638   4.73291   3.84021
        17         6
        17         7   2.35842   3.79757
        17         8   2.35949
        17         9   4.41395
        17        10   4.47171   3.76948   2.53306
        17        11
        17        12
        17        13   4.68546   1.86187
        17        14   4.54086
        17        15   4.26023   4.24369
        18         0
        18         1   2.54228   4.69975
        18         2   3.75959   4.93587   4.60239
        18         3   4.25868
        18         4   2.35842   3.79757
        18         5
        18         6   2.28638   4.73291   3.84021
        18         7
        18         8
        18         9   4.47171   3.76948   2.53306
        18        10   4.41395
        18        11   2.35949
        18        12   4.26023   4.24369
        18        13   4.54086
        18        14   4.68546   1.86187
        18        15
        19         0   4.69975   2.54228
        19         1
        19         2   4.25868
        19         3   4.60239   4.93587   3.75959
        19         4
        19         5   3.79757   2.35842
        19         6
        19         7   3.84021   4.73291   2.28638
        19         8   2.53306   3.76948   4.47171
        19         9
        19        10   2.35949
        19        11   4.41395
        19        12   4.54086
        19        13   4.24369   4.26023
        19        14
        19        15   1.86187   4.68546
        20         0   2.31322
        20         1   4.92318
        20         2
        20         3   4.47126   2.30879   4.69636
        20         4   2.29797   4.64982   4.90034
        20         5
        20         6   2.32860
        20         7   4.74535
        20         8   4.36691
        20         9   4.87039   3.38624
        20        10
        20        11   2.43304   3.79487   4.25396
        20        12   4.39238   4.45789   1.85565
        20        13
        20        14   4.38857
        20        15   4.09967   4.37986   4.48320
        21         0   4.92318
        21         1   2.31322
        21         2   4.69636   2.30879   4.47126
        21         3
        21         4
        21         5   4.90034   4.64982   2.29797
        21         6   4.74535
        21         7   2.32860
        21         8   3.38624   4.87039
        21         9   4.36691
        21        10   4.25396   3.79487   2.43304
        21        11
        21        12
        21        13   1.85565   4.45789   4.39238
        21        14   4.48320   4.37986   4.09967
        21        15   4.38857
        22         0
        22         1   4.69636   2.30879   4.47126
        22         2   2.31322
        22         3   4.92318
        22         4   2.32860
        22         5   4.74535
        22         6   4.90034   4.64982   2.29797
        22         7
        22         8
        22         9   4.25396   3.79487   2.43304
        22        10   4.36691
        22        11   3.38624   4.87039
        22        12   4.38857
        22        13   4.48320   4.37986   4.09967
        22        14   1.85565   4.45789   4.39238
        22        15
        23         0   4.47126   2.30879   4.69636
        23         1
        23         2   4.92318
        23         3   2.31322
        23         4   4.74535
        23         5   2.32860
        23         6
        23         7   2.29797   4.64982   4.90034
        23         8   2.43304   3.79487   4.25396
        23         9
        23        10   4.87039   3.38624
        23        11   4.36691
        23        12   4.09967   4.37986   4.48320
        23        13   4.38857
        23        14
        23        15   4.39238   4.45789   1.85565
        24         0   3.98821   4.14750   2.42233
        24         1
        24         2
        24         3   2.59174   3.76673   3.97747
        24         4   4.52435   3.68893
        24         5   4.55672
        24         6   3.79002
        24         7   4.09779   4.83971
        24         8   2.72255
        24         9   4.72516
        24        10   4.67093
        24        11   4.98386   4.90571   2.40258
        24        12   1.91621   4.53270   4.95152
        24        13
        24        14
        24        15   4.97739   1.92391
        25         0
        25         1   2.42233   4.14750   3.98821
        25         2   3.97747   3.76673   2.59174
        25         3
        25         4   4.55672
        25         5   3.68893   4.52435
        25         6   4.83971   4.09779
        25         7   3.79002
        25         8   4.72516
        25         9   2.72255
        25        10   2.40258   4.90571   4.98386
        25        11   4.67093
        25        12
        25        13   4.95152   4.53270   1.91621
        25        14   1.92391   4.97739
        25        15
        26         0
        26         1   3.97747   3.76673   2.59174
        26         2   2.42233   4.14750   3.98821
        26         3
        26         4   3.79002
        26         5   4.83971   4.09779
        26         6   3.68893   4.52435
        26         7   4.55672
        26         8   4.67093
        26         9   2.40258   4.90571   4.98386
        26        10   2.72255
        26        11   4.72516
        26        12
        26        13   1.92391   4.97739
        26        14   4.95152   4.53270   1.91621
        26        15
        27         0   2.59174   3.76673   3.97747
        27         1
        27         2
        27         3   3.98821   4.14750   2.42233
        27         4   4.09779   4.83971
        27         5   3.79002
        27         6   4.55672
        27         7   4.52435   3.68893
        27         8   4.98386   4.90571   2.40258
        27         9   4.67093
        27        10   4.72516
        27        11   2.72255
        27        12   4.97739   1.92391
        27        13
        27        14
        27        15   1.91621   4.53270   4.95152
