         0        20   2.06873
         0        21   4.47842   4.49910   4.42434
         0        22
         0        23
         0        24   4.91901
         0        25   2.59072
         0        26   4.53972
         0        27   3.06747   4.85450
         0        28   4.05624   2.33209
         0        29   2.34132
         0        30   4.44250   4.65681
         0        31   4.77352   4.43962
         0        32   4.21255
         0        33
         0        34   4.74714
         0        35
         1        20   4.42434   4.49910   4.47842
         1        21   2.06873
         1        22
         1        23
         1        24   2.59072
         1        25   4.91901
         1        26   4.85450   3.06747
         1        27   4.53972
         1        28   2.34132
         1        29   2.33209   4.05624
         1        30   4.43962   4.77352
         1        31   4.65681   4.44250
         1        32
         1        33   4.21255
         1        34
         1        35   4.74714
         2        20
         2        21
         2        22   3.50302   2.77902
         2        23   2.75332
         2        24   2.53585
         2        25   4.48072
         2        26   3.79118
         2        27   4.86379
         2        28
         2        29
         2        30   4.84944   4.99029
         2        31   3.58296
         2        32   3.00717
         2        33   2.39790   4.23614
         2        34   2.33194
         2        35   4.45158   4.38468   4.92256
         3        20
         3        21
         3        22   2.75332
         3        23   2.77902   3.50302
         3        24   4.48072
         3        25   2.53585
         3        26   4.86379
         3        27   3.79118
         3        28
         3        29
         3        30   3.58296
         3        31   4.99029   4.84944
         3        32   4.23614   2.39790
         3        33   3.00717
         3        34   4.92256   4.38468   4.45158
         3        35   2.33194
         4        20   2.35949   4.10056
         4        21   2.57999
         4        22
         4        23
         4        24   4.58166   4.96113
         4        25   3.71409
         4        26
         4        27
         4        28   2.36381
         4        29   4.80128   3.87424
         4        30   3.20380
         4        31   4.68082   2.50303
         4        32
         4        33   3.66392
         4        34
         4        35   4.38480
         5        20   2.57999
         5        21   4.10056   2.35949
         5        22
         5        23
         5        24   3.71409
         5        25   4.96113   4.58166
         5        26
         5        27
         5        28   3.87424   4.80128
         5        29   2.36381
         5        30   2.50303   4.68082
         5        31   3.20380
         5        32   3.66392
         5        33
         5        34   4.38480
         5        35
         6        20   4.50581
         6        21   2.68717
         6        22   4.98432   2.95624
         6        23   3.68490
         6        24
         6        25   2.51040
         6        26
         6        27   4.67537   3.79845
         6        28   4.94153
         6        29   4.72334   4.48086
         6        30   3.95509   2.33939
         6        31
         6        32   2.54190   3.98771
         6        33
         6        34   2.70449   4.95326
         6        35
         7        20   2.68717
         7        21   4.50581
         7        22   3.68490
         7        23   2.95624   4.98432
         7        24   2.51040
         7        25
         7        26   3.79845   4.67537
         7        27
         7        28   4.48086   4.72334
         7        29   4.94153
         7        30
         7        31   2.33939   3.95509
         7        32
         7        33   3.98771   2.54190
         7        34
         7        35   4.95326   2.70449
         8        20   4.57467   3.35263
         8        21   4.49894   4.49462   4.95175
         8        22   4.82822
         8        23   4.82606
         8        24
         8        25   2.31461   4.15487
         8        26
         8        27   2.64560
         8        28   2.52341
         8        29   4.67200   4.71586   4.76163
         8        30   2.69280
         8        31   4.15788
         8        32   2.60801
         8        33
         8        34   4.63766
         8        35
         9        20   4.95175   4.49462   4.49894
         9        21   3.35263   4.57467
         9        22   4.82606
         9        23   4.82822
         9        24   4.15487   2.31461
         9        25
         9        26   2.64560
         9        27
         9        28   4.76163   4.71586   4.67200
         9        29   2.52341
         9        30   4.15788
         9        31   2.69280
         9        32
         9        33   2.60801
         9        34
         9        35   4.63766
        10        20   2.77053
        10        21   4.93647
        10        22   4.76321
        10        23   4.59178   4.43292
        10        24   2.61746
        10        25
        10        26   2.73008   3.51277
        10        27
        10        28   4.79169   2.76664
        10        29   3.38471
        10        30
        10        31   4.37731   3.43409
        10        32
        10        33   4.77055   4.26160
        10        34   4.89400
        10        35   2.13216
        11        20   4.93647
        11        21   2.77053
        11        22   4.43292   4.59178
        11        23   4.76321
        11        24
        11        25   2.61746
        11        26
        11        27   3.51277   2.73008
        11        28   3.38471
        11        29   2.76664   4.79169
        11        30   3.43409   4.37731
        11        31
        11        32   4.26160   4.77055
        11        33
        11        34   2.13216
        11        35   4.89400
        12        20   4.70074
        12        21
        12        22   3.33865   4.79846
        12        23   2.26586
        12        24   4.48374   4.08973
        12        25   3.55528
        12        26   2.17806
        12        27   3.99344   4.63749
        12        28
        12        29
        12        30
        12        31   4.16430
        12        32   4.67122
        12        33   3.98393   4.98292
        12        34   2.67394
        12        35   4.18383   2.39460
        13        20
        13        21   4.70074
        13        22   2.26586
        13        23   4.79846   3.33865
        13        24   3.55528
        13        25   4.08973   4.48374
        13        26   4.63749   3.99344
        13        27   2.17806
        13        28
        13        29
        13        30   4.16430
        13        31
        13        32   4.98292   3.98393
        13        33   4.67122
        13        34   2.39460   4.18383
        13        35   2.67394
        14        20
        14        21   4.63200
        14        22   2.00857
        14        23   4.75005   4.42199
        14        24   1.82311   4.43778
        14        25
        14        26   2.08171
        14        27   4.86473
        14        28   4.67691
        14        29
        14        30
        14        31   4.72877   4.41195
        14        32   4.59491
        14        33   1.86104
        14        34   4.58341   3.88365
        14        35   4.10845   4.46716   4.98570
        15        20   4.63200
        15        21
        15        22   4.42199   4.75005
        15        23   2.00857
        15        24
        15        25   4.43778   1.82311
        15        26   4.86473
        15        27   2.08171
        15        28
        15        29   4.67691
        15        30   4.41195   4.72877
        15        31
        15        32   1.86104
        15        33   4.59491
        15        34   4.98570   4.46716   4.10845
        15        35   3.88365   4.58341
        16        20   4.50645   1.93450
        16        21   4.37671
        16        22
        16        23   3.87389
        16        24   4.34162   4.76840
        16        25
        16        26   2.27780
        16        27   4.83653
        16        28   1.79673   4.76532
        16        29   4.82716   4.15556
        16        30
        16        31   1.79749
        16        32
        16        33   4.44571
        16        34
        16        35   4.06738   4.07080
        17        20   4.37671
        17        21   1.93450   4.50645
        17        22   3.87389
        17        23
        17        24
        17        25   4.76840   4.34162
        17        26   4.83653
        17        27   2.27780
        17        28   4.15556   4.82716
        17        29   4.76532   1.79673
        17        30   1.79749
        17        31
        17        32   4.44571
        17        33
        17        34   4.07080   4.06738
        17        35
        18        20
        18        21   4.52155   4.31436
        18        22   1.99518   4.80710
        18        23   4.15220
        18        24
        18        25   4.08874   4.80981   4.74482
        18        26   4.80388
        18        27   3.62949   4.98231
        18        28
        18        29   3.87116
        18        30   1.94312
        18        31
        18        32   1.90201
        18        33   3.54189
        18        34   4.69421   1.90032
        18        35   4.79719
        19        20   4.31436   4.52155
        19        21
        19        22   4.15220
        19        23   4.80710   1.99518
        19        24   4.74482   4.80981   4.08874
        19        25
        19        26   4.98231   3.62949
        19        27   4.80388
        19        28   3.87116
        19        29
        19        30
        19        31   1.94312
        19        32   3.54189
        19        33   1.90201
        19        34   4.79719
        19        35   1.90032   4.69421
        20         0   2.06873
        20         1   4.47842   4.49910   4.42434
        20         2
        20         3
        20         4   4.10056   2.35949
        20         5   2.57999
        20         6   4.50581
        20         7   2.68717
        20         8   3.35263   4.57467
        20         9   4.49894   4.49462   4.95175
        20        10   2.77053
        20        11   4.93647
        20        12   4.70074
        20        13
        20        14
        20        15   4.63200
        20        16   1.93450   4.50645
        20        17   4.37671
        20        18
        20        19   4.52155   4.31436
        21         0   4.42434   4.49910   4.47842
        21         1   2.06873
        21         2
        21         3
        21         4   2.57999
        21         5   2.35949   4.10056
        21         6   2.68717
        21         7   4.50581
        21         8   4.95175   4.49462   4.49894
        21         9   4.57467   3.35263
        21        10   4.93647
        21        11   2.77053
        21        12
        21        13   4.70074
        21        14   4.63200
        21        15
        21        16   4.37671
        21        17   4.50645   1.93450
        21        18   4.31436   4.52155
        21        19
        22         0
        22         1
        22         2   2.77902   3.50302
        22         3   2.75332
        22         4
        22         5
        22         6   2.95624   4.98432
        22         7   3.68490
        22         8   4.82822
        22         9   4.82606
        22        10   4.76321
        22        11   4.59178   4.43292
        22        12   4.79846   3.33865
        22        13   2.26586
        22        14   2.00857
        22        15   4.75005   4.42199
        22        16
        22        17   3.87389
        22        18   4.80710   1.99518
        22        19   4.15220
        23         0
        23         1
        23         2   2.75332
        23         3   3.50302   2.77902
        23         4
        23         5
        23         6   3.68490
        23         7   4.98432   2.95624
        23         8   4.82606
        23         9   4.82822
        23        10   4.43292   4.59178
        23        11   4.76321
        23        12   2.26586
        23        13   3.33865   4.79846
        23        14   4.42199   4.75005
        23        15   2.00857
        23        16   3.87389
        23        17
        23        18   4.15220
        23        19   1.99518   4.80710
        24         0   4.91901
        24         1   2.59072
        24         2   2.53585
        24         3   4.48072
        24         4   4.96113   4.58166
        24         5   3.71409
        24         6
        24         7   2.51040
        24         8
        24         9   2.31461   4.15487
        24        10   2.61746
        24        11
        24        12   4.08973   4.48374
        24        13   3.55528
        24        14   4.43778   1.82311
        24        15
        24        16   4.76840   4.34162
        24        17
        24        18
        24        19   4.08874   4.80981   4.74482
        25         0   2.59072
        25         1   4.91901
        25         2   4.48072
        25         3   2.53585
        25         4   3.71409
        25         5   4.58166   4.96113
        25         6   2.51040
        25         7
        25         8   4.15487   2.31461
        25         9
        25        10
        25        11   2.61746
        25        12   3.55528
        25        13   4.48374   4.08973
        25        14
        25        15   1.82311   4.43778
        25        16
        25        17   4.34162   4.76840
        25        18   4.74482   4.80981   4.08874
        25        19
        26         0   4.53972
        26         1   3.06747   4.85450
        26         2   3.79118
        26         3   4.86379
        26         4
        26         5
        26         6
        26         7   4.67537   3.79845
        26         8
        26         9   2.64560
        26        10   3.51277   2.73008
        26        11
        26        12   2.17806
        26        13   3.99344   4.63749
        26        14   2.08171
        26        15   4.86473
        26        16   2.27780
        26        17   4.83653
        26        18   4.80388
        26        19   3.62949   4.98231
        27         0   4.85450   3.06747
        27         1   4.53972
        27         2   4.86379
        27         3   3.79118
        27         4
        27         5
        27         6   3.79845   4.67537
        27         7
        27         8   2.64560
        27         9
        27        10
        27        11   2.73008   3.51277
        27        12   4.63749   3.99344
        27        13   2.17806
        27        14   4.86473
        27        15   2.08171
        27        16   4.83653
        27        17   2.27780
        27        18   4.98231   3.62949
        27        19   4.80388
        28         0   2.33209   4.05624
        28         1   2.34132
        28         2
        28         3
        28         4   2.36381
        28         5   4.80128   3.87424
        28         6   4.94153
        28         7   4.72334   4.48086
        28         8   2.52341
        28         9   4.67200   4.71586   4.76163
        28        10   2.76664   4.79169
        28        11   3.38471
        28        12
        28        13
        28        14   4.67691
        28        15
        28        16   4.76532   1.79673
        28        17   4.82716   4.15556
        28        18
        28        19   3.87116
        29         0   2.34132
        29         1   4.05624   2.33209
        29         2
        29         3
        29         4   3.87424   4.80128
        29         5   2.36381
        29         6   4.48086   4.72334
        29         7   4.94153
        29         8   4.76163   4.71586   4.67200
        29         9   2.52341
        29        10   3.38471
        29        11   4.79169   2.76664
        29        12
        29        13
        29        14
        29        15   4.67691
        29        16   4.15556   4.82716
        29        17   1.79673   4.76532
        29        18   3.87116
        29        19
        30         0   4.65681   4.44250
        30         1   4.77352   4.43962
        30         2   4.99029   4.84944
        30         3   3.58296
        30         4   3.20380
        30         5   4.68082   2.50303
        30         6   2.33939   3.95509
        30         7
        30         8   2.69280
        30         9   4.15788
        30        10
        30        11   4.37731   3.43409
        30        12
        30        13   4.16430
        30        14
        30        15   4.72877   4.41195
        30        16
        30        17   1.79749
        30        18   1.94312
        30        19
        31         0   4.43962   4.77352
        31         1   4.44250   4.65681
        31         2   3.58296
        31         3   4.84944   4.99029
        31         4   2.50303   4.68082
        31         5   3.20380
        31         6
        31         7   3.95509   2.33939
        31         8   4.15788
        31         9   2.69280
        31        10   3.43409   4.37731
        31        11
        31        12   4.16430
        31        13
        31        14   4.41195   4.72877
        31        15
        31        16   1.79749
        31        17
        31        18
        31        19   1.94312
        32         0   4.21255
        32         1
        32         2   3.00717
        32         3   2.39790   4.23614
        32         4
        32         5   3.66392
        32         6   3.98771   2.54190
        32         7
        32         8   2.60801
        32         9
        32        10
        32        11   4.77055   4.26160
        32        12   4.67122
        32        13   3.98393   4.98292
        32        14   4.59491
        32        15   1.86104
        32        16
        32        17   4.44571
        32        18   1.90201
        32        19   3.54189
        33         0
        33         1   4.21255
        33         2   4.23614   2.39790
        33         3   3.00717
        33         4   3.66392
        33         5
        33         6
        33         7   2.54190   3.98771
        33         8
        33         9   2.60801
        33        10   4.26160   4.77055
        33        11
        33        12   4.98292   3.98393
        33        13   4.67122
        33        14   1.86104
        33        15   4.59491
        33        16   4.44571
        33        17
        33        18   3.54189
        33        19   1.90201
        34         0   4.74714
        34         1
        34         2   2.33194
        34         3   4.45158   4.38468   4.92256
        34         4
        34         5   4.38480
        34         6   4.95326   2.70449
        34         7
        34         8   4.63766
        34         9
        34        10   4.89400
        34        11   2.13216
        34        12   2.67394
        34        13   4.18383   2.39460
        34        14   3.88365   4.58341
        34        15   4.10845   4.46716   4.98570
        34        16
        34        17   4.06738   4.07080
        34        18   1.90032   4.69421
        34        19   4.79719
        35         0
        35         1   4.74714
        35         2   4.92256   4.38468   4.45158
        35         3   2.33194
        35         4   4.38480
        35         5
        35         6
        35         7   2.70449   4.95326
        35         8
        35         9   4.63766
        35        10   2.13216
        35        11   4.89400
        35        12   2.39460   4.18383
        35        13   2.67394
        35        14   4.98570   4.46716   4.10845
        35        15   4.58341   3.88365
        35        16   4.07080   4.06738
        35        17
        35        18   4.79719
        35        19   4.69421   1.90032
