         0        24   4.09480
         0        25   4.68124
         0        26   2.54850
         0        27
         0        28   3.49576   3.46332
         0        29   3.67091
         0        30
         0        31
         0        32   2.40213   3.94237
         0        33
         0        34   2.58550
         0        35
         0        36   4.78543
         0        37   2.56222
         0        38   4.52485
         0        39   4.10939
         0        40   2.75447
         0        41
         0        42   3.98175
         0        43
         1        24   4.68124
         1        25   4.09480
         1        26
         1        27   2.54850
         1        28   3.67091
         1        29   3.49576   3.46332
         1        30
         1        31
         1        32
         1        33   2.40213   3.94237
         1        34
         1        35   2.58550
         1        36   2.56222
         1        37   4.78543
         1        38   4.10939
         1        39   4.52485
         1        40
         1        41   2.75447
         1        42
         1        43   3.98175
         2        24   2.54850
         2        25
         2        26   4.09480
         2        27   4.68124
         2        28
         2        29
         2        30   3.46332   3.49576
         2        31   3.67091
         2        32   2.58550
         2        33
         2        34   3.94237   2.40213
         2        35
         2        36   4.52485
         2        37   4.10939
         2        38   4.78543
         2        39   2.56222
         2        40   3.98175
         2        41
         2        42   2.75447
         2        43
         3        24
         3        25   2.54850
         3        26   4.68124
         3        27   4.09480
         3        28
         3        29
         3        30   3.67091
         3        31   3.46332   3.49576
         3        32
         3        33   2.58550
         3        34
         3        35   3.94237   2.40213
         3        36   4.10939
         3        37   4.52485
         3        38   2.56222
         3        39   4.78543
         3        40
         3        41   3.98175
         3        42
         3        43   2.75447
         4        24
         4        25
         4        26   4.33973
         4        27   2.55841   3.85986
         4        28   3.09308   4.77457
         4        29   2.58920
         4        30   4.98391
         4        31
         4        32   4.72345
         4        33
         4        34   4.20192
         4        35   4.13452
         4        36
         4        37   4.95470
         4        38   4.82782   4.56762
         4        39   2.46655
         4        40   3.80625   2.33055
         4        41   4.78022
         4        42   2.25133
         4        43
         5        24
         5        25
         5        26   2.55841   3.85986
         5        27   4.33973
         5        28   2.58920
         5        29   3.09308   4.77457
         5        30
         5        31   4.98391
         5        32
         5        33   4.72345
         5        34   4.13452
         5        35   4.20192
         5        36   4.95470
         5        37
         5        38   2.46655
         5        39   4.82782   4.56762
         5        40   4.78022
         5        41   3.80625   2.33055
         5        42
         5        43   2.25133
         6        24   4.33973
         6        25   3.85986   2.55841
         6        26
         6        27
         6        28   4.98391
         6        29
         6        30   4.77457   3.09308
         6        31   2.58920
         6        32   4.20192
         6        33   4.13452
         6        34   4.72345
         6        35
         6        36   4.56762   4.82782
         6        37   2.46655
         6        38
         6        39   4.95470
         6        40   2.25133
         6        41
         6        42   2.33055   3.80625
         6        43   4.78022
         7        24   3.85986   2.55841
         7        25   4.33973
         7        26
         7        27
         7        28
         7        29   4.98391
         7        30   2.58920
         7        31   4.77457   3.09308
         7        32   4.13452
         7        33   4.20192
         7        34
         7        35   4.72345
         7        36   2.46655
         7        37   4.56762   4.82782
         7        38   4.95470
         7        39
         7        40
         7        41   2.25133
         7        42   4.78022
         7        43   2.33055   3.80625
         8        24
         8        25   2.72210
         8        26   4.61350
         8        27   4.05605
         8        28   2.75556
         8        29   4.82567   4.90127
         8        30   4.30111
         8        31   4.41006
         8        32   2.41730
         8        33
         8        34   4.30523
         8        35
         8        36   3.72999
         8        37   3.09289   3.87426
         8        38
         8        39
         8        40   2.48844   4.11014
         8        41
         8        42   2.24719
         8        43
         9        24   2.72210
         9        25
         9        26   4.05605
         9        27   4.61350
         9        28   4.82567   4.90127
         9        29   2.75556
         9        30   4.41006
         9        31   4.30111
         9        32
         9        33   2.41730
         9        34
         9        35   4.30523
         9        36   3.09289   3.87426
         9        37   3.72999
         9        38
         9        39
         9        40
         9        41   2.48844   4.11014
         9        42
         9        43   2.24719
        10        24   4.61350
        10        25   4.05605
        10        26
        10        27   2.72210
        10        28   4.30111
        10        29   4.41006
        10        30   2.75556
        10        31   4.90127   4.82567
        10        32   4.30523
        10        33
        10        34   2.41730
        10        35
        10        36
        10        37
        10        38   3.72999
        10        39   3.87426   3.09289
        10        40   2.24719
        10        41
        10        42   4.11014   2.48844
        10        43
        11        24   4.05605
        11        25   4.61350
        11        26   2.72210
        11        27
        11        28   4.41006
        11        29   4.30111
        11        30   4.90127   4.82567
        11        31   2.75556
        11        32
        11        33   4.30523
        11        34
        11        35   2.41730
        11        36
        11        37
        11        38   3.87426   3.09289
        11        39   3.72999
        11        40
        11        41   2.24719
        11        42
        11        43   4.11014   2.48844
        12        24
        12        25   4.82274
        12        26   4.45984
        12        27   3.77813   2.72473
        12        28   4.83453
        12        29   2.37911
        12        30
        12        31   4.64512
        12        32
        12        33   2.22697
        12        34   4.57006
        12        35   2.36693   3.86218
        12        36   4.64654   4.93206
        12        37
        12        38   4.91888   2.55883
        12        39   3.10541   4.92411
        12        40   4.14154
        12        41   4.60080
        12        42
        12        43   4.93346
        13        24   4.82274
        13        25
        13        26   3.77813   2.72473
        13        27   4.45984
        13        28   2.37911
        13        29   4.83453
        13        30   4.64512
        13        31
        13        32   2.22697
        13        33
        13        34   2.36693   3.86218
        13        35   4.57006
        13        36
        13        37   4.64654   4.93206
        13        38   3.10541   4.92411
        13        39   4.91888   2.55883
        13        40   4.60080
        13        41   4.14154
        13        42   4.93346
        13        43
        14        24   4.45984
        14        25   2.72473   3.77813
        14        26
        14        27   4.82274
        14        28
        14        29   4.64512
        14        30   4.83453
        14        31   2.37911
        14        32   4.57006
        14        33   3.86218   2.36693
        14        34
        14        35   2.22697
        14        36   2.55883   4.91888
        14        37   4.92411   3.10541
        14        38   4.93206   4.64654
        14        39
        14        40
        14        41   4.93346
        14        42   4.14154
        14        43   4.60080
        15        24   2.72473   3.77813
        15        25   4.45984
        15        26   4.82274
        15        27
        15        28   4.64512
        15        29
        15        30   2.37911
        15        31   4.83453
        15        32   3.86218   2.36693
        15        33   4.57006
        15        34   2.22697
        15        35
        15        36   4.92411   3.10541
        15        37   2.55883   4.91888
        15        38
        15        39   4.93206   4.64654
        15        40   4.93346
        15        41
        15        42   4.60080
        15        43   4.14154
        16        24   1.85546
        16        25   3.85217   4.68205
        16        26
        16        27
        16        28
        16        29
        16        30   4.19362   4.44887
        16        31   4.82356   4.66183
        16        32   1.82682
        16        33   4.82864   3.77278
        16        34   4.86851   3.98880
        16        35
        16        36   1.90370   4.63724
        16        37   4.24069   1.90064
        16        38
        16        39
        16        40   4.90415
        16        41   4.59841
        16        42   4.49495
        16        43   4.46621
        17        24   3.85217   4.68205
        17        25   1.85546
        17        26
        17        27
        17        28
        17        29
        17        30   4.66183   4.82356
        17        31   4.19362   4.44887
        17        32   4.82864   3.77278
        17        33   1.82682
        17        34
        17        35   4.86851   3.98880
        17        36   4.24069   1.90064
        17        37   1.90370   4.63724
        17        38
        17        39
        17        40   4.59841
        17        41   4.90415
        17        42   4.46621
        17        43   4.49495
        18        24
        18        25
        18        26   1.85546
        18        27   4.68205   3.85217
        18        28   4.44887   4.19362
        18        29   4.66183   4.82356
        18        30
        18        31
        18        32   3.98880   4.86851
        18        33
        18        34   1.82682
        18        35   3.77278   4.82864
        18        36
        18        37
        18        38   4.63724   1.90370
        18        39   1.90064   4.24069
        18        40   4.49495
        18        41   4.46621
        18        42   4.90415
        18        43   4.59841
        19        24
        19        25
        19        26   4.68205   3.85217
        19        27   1.85546
        19        28   4.82356   4.66183
        19        29   4.44887   4.19362
        19        30
        19        31
        19        32
        19        33   3.98880   4.86851
        19        34   3.77278   4.82864
        19        35   1.82682
        19        36
        19        37
        19        38   1.90064   4.24069
        19        39   4.63724   1.90370
        19        40   4.46621
        19        41   4.49495
        19        42   4.59841
        19        43   4.90415
        20        24
        20        25
        20        26   1.86050
        20        27   3.53733   4.77907
        20        28   1.89444   4.33498
        20        29   4.54136   1.89105
        20        30
        20        31
        20        32   4.40519
        20        33   4.74813
        20        34   4.77641
        20        35   4.85107   4.96844
        20        36   4.90198
        20        37
        20        38   4.57347   4.52170
        20        39   4.42426
        20        40   4.83700   4.03909
        20        41   1.86320
        20        42   4.86137
        20        43   4.61970   3.95143
        21        24
        21        25
        21        26   3.53733   4.77907
        21        27   1.86050
        21        28   4.54136   1.89105
        21        29   1.89444   4.33498
        21        30
        21        31
        21        32   4.74813
        21        33   4.40519
        21        34   4.96844   4.85107
        21        35   4.77641
        21        36
        21        37   4.90198
        21        38   4.42426
        21        39   4.57347   4.52170
        21        40   1.86320
        21        41   4.83700   4.03909
        21        42   4.61970   3.95143
        21        43   4.86137
        22        24   1.86050
        22        25   4.77907   3.53733
        22        26
        22        27
        22        28
        22        29
        22        30   4.33498   1.89444
        22        31   1.89105   4.54136
        22        32   4.77641
        22        33   4.96844   4.85107
        22        34   4.40519
        22        35   4.74813
        22        36   4.52170   4.57347
        22        37   4.42426
        22        38   4.90198
        22        39
        22        40   4.86137
        22        41   3.95143   4.61970
        22        42   4.03909   4.83700
        22        43   1.86320
        23        24   4.77907   3.53733
        23        25   1.86050
        23        26
        23        27
        23        28
        23        29
        23        30   1.89105   4.54136
        23        31   4.33498   1.89444
        23        32   4.85107   4.96844
        23        33   4.77641
        23        34   4.74813
        23        35   4.40519
        23        36   4.42426
        23        37   4.52170   4.57347
        23        38
        23        39   4.90198
        23        40   3.95143   4.61970
        23        41   4.86137
        23        42   1.86320
        23        43   4.03909   4.83700
        24         0   4.09480
        24         1   4.68124
        24         2   2.54850
        24         3
        24         4
        24         5
        24         6   4.33973
        24         7   2.55841   3.85986
        24         8
        24         9   2.72210
        24        10   4.61350
        24        11   4.05605
        24        12
        24        13   4.82274
        24        14   4.45984
        24        15   3.77813   2.72473
        24        16   1.85546
        24        17   4.68205   3.85217
        24        18
        24        19
        24        20
        24        21
        24        22   1.86050
        24        23   3.53733   4.77907
        25         0   4.68124
        25         1   4.09480
        25         2
        25         3   2.54850
        25         4
        25         5
        25         6   2.55841   3.85986
        25         7   4.33973
        25         8   2.72210
        25         9
        25        10   4.05605
        25        11   4.61350
        25        12   4.82274
        25        13
        25        14   3.77813   2.72473
        25        15   4.45984
        25        16   4.68205   3.85217
        25        17   1.85546
        25        18
        25        19
        25        20
        25        21
        25        22   3.53733   4.77907
        25        23   1.86050
        26         0   2.54850
        26         1
        26         2   4.09480
        26         3   4.68124
        26         4   4.33973
        26         5   3.85986   2.55841
        26         6
        26         7
        26         8   4.61350
        26         9   4.05605
        26        10
        26        11   2.72210
        26        12   4.45984
        26        13   2.72473   3.77813
        26        14
        26        15   4.82274
        26        16
        26        17
        26        18   1.85546
        26        19   3.85217   4.68205
        26        20   1.86050
        26        21   4.77907   3.53733
        26        22
        26        23
        27         0
        27         1   2.54850
        27         2   4.68124
        27         3   4.09480
        27         4   3.85986   2.55841
        27         5   4.33973
        27         6
        27         7
        27         8   4.05605
        27         9   4.61350
        27        10   2.72210
        27        11
        27        12   2.72473   3.77813
        27        13   4.45984
        27        14   4.82274
        27        15
        27        16
        27        17
        27        18   3.85217   4.68205
        27        19   1.85546
        27        20   4.77907   3.53733
        27        21   1.86050
        27        22
        27        23
        28         0   3.46332   3.49576
        28         1   3.67091
        28         2
        28         3
        28         4   4.77457   3.09308
        28         5   2.58920
        28         6   4.98391
        28         7
        28         8   2.75556
        28         9   4.90127   4.82567
        28        10   4.30111
        28        11   4.41006
        28        12   4.83453
        28        13   2.37911
        28        14
        28        15   4.64512
        28        16
        28        17
        28        18   4.19362   4.44887
        28        19   4.66183   4.82356
        28        20   4.33498   1.89444
        28        21   1.89105   4.54136
        28        22
        28        23
        29         0   3.67091
        29         1   3.46332   3.49576
        29         2
        29         3
        29         4   2.58920
        29         5   4.77457   3.09308
        29         6
        29         7   4.98391
        29         8   4.90127   4.82567
        29         9   2.75556
        29        10   4.41006
        29        11   4.30111
        29        12   2.37911
        29        13   4.83453
        29        14   4.64512
        29        15
        29        16
        29        17
        29        18   4.82356   4.66183
        29        19   4.19362   4.44887
        29        20   1.89105   4.54136
        29        21   4.33498   1.89444
        29        22
        29        23
        30         0
        30         1
        30         2   3.49576   3.46332
        30         3   3.67091
        30         4   4.98391
        30         5
        30         6   3.09308   4.77457
        30         7   2.58920
        30         8   4.30111
        30         9   4.41006
        30        10   2.75556
        30        11   4.82567   4.90127
        30        12
        30        13   4.64512
        30        14   4.83453
        30        15   2.37911
        30        16   4.44887   4.19362
        30        17   4.82356   4.66183
        30        18
        30        19
        30        20
        30        21
        30        22   1.89444   4.33498
        30        23   4.54136   1.89105
        31         0
        31         1
        31         2   3.67091
        31         3   3.49576   3.46332
        31         4
        31         5   4.98391
        31         6   2.58920
        31         7   3.09308   4.77457
        31         8   4.41006
        31         9   4.30111
        31        10   4.82567   4.90127
        31        11   2.75556
        31        12   4.64512
        31        13
        31        14   2.37911
        31        15   4.83453
        31        16   4.66183   4.82356
        31        17   4.44887   4.19362
        31        18
        31        19
        31        20
        31        21
        31        22   4.54136   1.89105
        31        23   1.89444   4.33498
        32         0   3.94237   2.40213
        32         1
        32         2   2.58550
        32         3
        32         4   4.72345
        32         5
        32         6   4.20192
        32         7   4.13452
        32         8   2.41730
        32         9
        32        10   4.30523
        32        11
        32        12
        32        13   2.22697
        32        14   4.57006
        32        15   2.36693   3.86218
        32        16   1.82682
        32        17   3.77278   4.82864
        32        18   4.86851   3.98880
        32        19
        32        20   4.40519
        32        21   4.74813
        32        22   4.77641
        32        23   4.96844   4.85107
        33         0
        33         1   3.94237   2.40213
        33         2
        33         3   2.58550
        33         4
        33         5   4.72345
        33         6   4.13452
        33         7   4.20192
        33         8
        33         9   2.41730
        33        10
        33        11   4.30523
        33        12   2.22697
        33        13
        33        14   2.36693   3.86218
        33        15   4.57006
        33        16   3.77278   4.82864
        33        17   1.82682
        33        18
        33        19   4.86851   3.98880
        33        20   4.74813
        33        21   4.40519
        33        22   4.85107   4.96844
        33        23   4.77641
        34         0   2.58550
        34         1
        34         2   2.40213   3.94237
        34         3
        34         4   4.20192
        34         5   4.13452
        34         6   4.72345
        34         7
        34         8   4.30523
        34         9
        34        10   2.41730
        34        11
        34        12   4.57006
        34        13   3.86218   2.36693
        34        14
        34        15   2.22697
        34        16   3.98880   4.86851
        34        17
        34        18   1.82682
        34        19   4.82864   3.77278
        34        20   4.77641
        34        21   4.85107   4.96844
        34        22   4.40519
        34        23   4.74813
        35         0
        35         1   2.58550
        35         2
        35         3   2.40213   3.94237
        35         4   4.13452
        35         5   4.20192
        35         6
        35         7   4.72345
        35         8
        35         9   4.30523
        35        10
        35        11   2.41730
        35        12   3.86218   2.36693
        35        13   4.57006
        35        14   2.22697
        35        15
        35        16
        35        17   3.98880   4.86851
        35        18   4.82864   3.77278
        35        19   1.82682
        35        20   4.96844   4.85107
        35        21   4.77641
        35        22   4.74813
        35        23   4.40519
        36         0   4.78543
        36         1   2.56222
        36         2   4.52485
        36         3   4.10939
        36         4
        36         5   4.95470
        36         6   4.82782   4.56762
        36         7   2.46655
        36         8   3.72999
        36         9   3.87426   3.09289
        36        10
        36        11
        36        12   4.93206   4.64654
        36        13
        36        14   4.91888   2.55883
        36        15   3.10541   4.92411
        36        16   4.63724   1.90370
        36        17   1.90064   4.24069
        36        18
        36        19
        36        20   4.90198
        36        21
        36        22   4.57347   4.52170
        36        23   4.42426
        37         0   2.56222
        37         1   4.78543
        37         2   4.10939
        37         3   4.52485
        37         4   4.95470
        37         5
        37         6   2.46655
        37         7   4.82782   4.56762
        37         8   3.87426   3.09289
        37         9   3.72999
        37        10
        37        11
        37        12
        37        13   4.93206   4.64654
        37        14   3.10541   4.92411
        37        15   4.91888   2.55883
        37        16   1.90064   4.24069
        37        17   4.63724   1.90370
        37        18
        37        19
        37        20
        37        21   4.90198
        37        22   4.42426
        37        23   4.57347   4.52170
        38         0   4.52485
        38         1   4.10939
        38         2   4.78543
        38         3   2.56222
        38         4   4.56762   4.82782
        38         5   2.46655
        38         6
        38         7   4.95470
        38         8
        38         9
        38        10   3.72999
        38        11   3.09289   3.87426
        38        12   2.55883   4.91888
        38        13   4.92411   3.10541
        38        14   4.64654   4.93206
        38        15
        38        16
        38        17
        38        18   1.90370   4.63724
        38        19   4.24069   1.90064
        38        20   4.52170   4.57347
        38        21   4.42426
        38        22   4.90198
        38        23
        39         0   4.10939
        39         1   4.52485
        39         2   2.56222
        39         3   4.78543
        39         4   2.46655
        39         5   4.56762   4.82782
        39         6   4.95470
        39         7
        39         8
        39         9
        39        10   3.09289   3.87426
        39        11   3.72999
        39        12   4.92411   3.10541
        39        13   2.55883   4.91888
        39        14
        39        15   4.64654   4.93206
        39        16
        39        17
        39        18   4.24069   1.90064
        39        19   1.90370   4.63724
        39        20   4.42426
        39        21   4.52170   4.57347
        39        22
        39        23   4.90198
        40         0   2.75447
        40         1
        40         2   3.98175
        40         3
        40         4   2.33055   3.80625
        40         5   4.78022
        40         6   2.25133
        40         7
        40         8   4.11014   2.48844
        40         9
        40        10   2.24719
        40        11
        40        12   4.14154
        40        13   4.60080
        40        14
        40        15   4.93346
        40        16   4.90415
        40        17   4.59841
        40        18   4.49495
        40        19   4.46621
        40        20   4.03909   4.83700
        40        21   1.86320
        40        22   4.86137
        40        23   4.61970   3.95143
        41         0
        41         1   2.75447
        41         2
        41         3   3.98175
        41         4   4.78022
        41         5   2.33055   3.80625
        41         6
        41         7   2.25133
        41         8
        41         9   4.11014   2.48844
        41        10
        41        11   2.24719
        41        12   4.60080
        41        13   4.14154
        41        14   4.93346
        41        15
        41        16   4.59841
        41        17   4.90415
        41        18   4.46621
        41        19   4.49495
        41        20   1.86320
        41        21   4.03909   4.83700
        41        22   4.61970   3.95143
        41        23   4.86137
        42         0   3.98175
        42         1
        42         2   2.75447
        42         3
        42         4   2.25133
        42         5
        42         6   3.80625   2.33055
        42         7   4.78022
        42         8   2.24719
        42         9
        42        10   2.48844   4.11014
        42        11
        42        12
        42        13   4.93346
        42        14   4.14154
        42        15   4.60080
        42        16   4.49495
        42        17   4.46621
        42        18   4.90415
        42        19   4.59841
        42        20   4.86137
        42        21   3.95143   4.61970
        42        22   4.83700   4.03909
        42        23   1.86320
        43         0
        43         1   3.98175
        43         2
        43         3   2.75447
        43         4
        43         5   2.25133
        43         6   4.78022
        43         7   3.80625   2.33055
        43         8
        43         9   2.24719
        43        10
        43        11   2.48844   4.11014
        43        12   4.93346
        43        13
        43        14   4.60080
        43        15   4.14154
        43        16   4.46621
        43        17   4.49495
        43        18   4.59841
        43        19   4.90415
        43        20   3.95143   4.61970
        43        21   4.86137
        43        22   1.86320
        43        23   4.83700   4.03909
