         0        14   4.50102
         0        15
         0        16   4.83370
         0        17   4.48765
         0        18   2.78580   4.88871
         0        19   2.43403
         0        20   4.87000
         0        21   4.65237   4.97003
         0        22   4.64638
         0        23
         0        24   3.55361   4.94176
         0        25   4.52919   4.13081
         0        26   3.11824
         0        27   3.60574
         0        28   2.95304
         0        29   3.68227
         0        30   2.41100   4.99382
         0        31   2.61906
         0        32   3.67161
         0        33   2.66361
         0        34
         0        35
         0        36   4.47624
         0        37   3.25336
         1        14
         1        15
         1        16   4.31731   4.17466
         1        17   4.55396   4.42816
         1        18   2.16656
         1        19   2.35000
         1        20   3.55955
         1        21   3.96769
         1        22
         1        23
         1        24   4.94645   4.57274
         1        25   4.60933
         1        26   4.68747
         1        27   4.73067   4.54452
         1        28   3.93034
         1        29   3.53966
         1        30   2.45202
         1        31   2.35805
         1        32   2.52471
         1        33   3.29685
         1        34   4.37257
         1        35
         1        36   3.63437
         1        37   4.12851
         2        14   1.82729
         2        15   4.58097
         2        16   3.18356
         2        17   1.77576
         2        18   3.62045   4.88213
         2        19   4.21482   4.28959
         2        20
         2        21   3.13737
         2        22   4.18869
         2        23   4.21423
         2        24   1.65777
         2        25   4.27220   4.22733
         2        26   4.37936   4.00426
         2        27   4.27379
         2        28   3.33647
         2        29
         2        30   1.85055
         2        31   4.37383
         2        32
         2        33   4.93539   4.88016   4.92147
         2        34   4.81227
         2        35   3.59762
         2        36   4.92699
         2        37   3.78155   3.31361
         3        14   4.56016
         3        15   1.80427
         3        16   1.73146
         3        17   3.18502
         3        18   4.37026   4.27276
         3        19   4.95923   3.60296
         3        20   3.22027
         3        21
         3        22   4.24424
         3        23   4.12919
         3        24   4.27898   4.27551
         3        25   1.71717
         3        26   4.23933
         3        27   4.05614   4.35938
         3        28
         3        29   3.34028
         3        30   4.45637
         3        31   1.83869
         3        32   4.90293   4.82323   4.92848
         3        33
         3        34   3.52306
         3        35   4.72263
         3        36   3.39728   3.71435
         3        37   4.90090
         4        14   4.92465   3.66468
         4        15   4.87239
         4        16   4.99819
         4        17   4.01568   4.36710
         4        18   1.72530
         4        19
         4        20   4.97022
         4        21   1.70551
         4        22   4.67394
         4        23   4.26370   4.23352
         4        24   3.18826
         4        25   4.13324
         4        26   1.73733
         4        27
         4        28   1.90851
         4        29   4.52800
         4        30   3.34803
         4        31   4.56195   4.47465
         4        32
         4        33   3.55114   3.68323
         4        34   3.16891
         4        35   4.40665
         4        36   4.85725
         4        37   4.30906
         5        14   4.82626
         5        15   3.61893   4.95754
         5        16   4.40579   4.08551
         5        17
         5        18
         5        19   1.82606
         5        20   1.71645
         5        21
         5        22   4.17231   4.25455
         5        23   4.69450
         5        24   4.08708
         5        25   3.10283
         5        26
         5        27   1.75371
         5        28   4.49809
         5        29   1.84056
         5        30   4.44809   4.65315
         5        31   3.40993
         5        32   3.68864   3.54305
         5        33
         5        34   4.30772
         5        35   3.09185
         5        36   4.24830
         5        37   4.72313
         6        14   4.95276   4.90068
         6        15   4.08239   3.62342
         6        16   3.78317
         6        17
         6        18   4.11330
         6        19
         6        20   3.98600
         6        21   4.42725   4.38155
         6        22   3.99208   4.54318
         6        23   1.86084
         6        24
         6        25   4.15604
         6        26   3.73280
         6        27   4.52025   4.28486
         6        28   4.08908
         6        29   3.83039   3.50644
         6        30
         6        31   4.13698   4.64167
         6        32   2.02842
         6        33   4.12476
         6        34   1.69098
         6        35   4.37567
         6        36   1.49447
         6        37   4.94462
         7        14   3.58623   4.06239
         7        15   4.88380   4.94669
         7        16
         7        17   3.82929
         7        18
         7        19   4.01388
         7        20   4.34435   4.43929
         7        21   4.08309
         7        22   1.84702
         7        23   4.47993   4.09132
         7        24   4.09120
         7        25
         7        26   4.27583   4.56293
         7        27   3.68111
         7        28   3.41821   3.88877
         7        29   4.14891
         7        30   4.54188   4.16673
         7        31
         7        32   4.23754
         7        33   1.99833
         7        34   4.45286
         7        35   1.74995
         7        36   4.78257
         7        37   1.51562
         8        14   4.68982
         8        15   4.43757   3.83115
         8        16   2.05456   4.87109
         8        17   3.81083   4.60545
         8        18   2.49371
         8        19   3.52647
         8        20   4.96418   4.45470
         8        21   4.49380
         8        22   4.49940
         8        23   4.38093
         8        24   1.94094
         8        25   4.81095   1.99203
         8        26   3.86408
         8        27   2.45070
         8        28
         8        29   4.98445
         8        30   3.80367
         8        31   3.71844   4.09630
         8        32   3.99880   4.83640
         8        33
         8        34   4.01628
         8        35   4.62603
         8        36   1.79354
         8        37   4.31811
         9        14   3.87710   4.42781
         9        15   4.64455
         9        16   4.61621   3.79318
         9        17   4.90070   2.06811
         9        18   3.58245
         9        19   2.38199
         9        20   4.54271
         9        21   4.40591   4.90878
         9        22   4.43906
         9        23   4.48787
         9        24   2.02490   4.76230
         9        25   1.90086
         9        26   2.42007
         9        27   3.93744
         9        28   4.95499
         9        29
         9        30   4.07254   3.77494
         9        31   3.77159
         9        32
         9        33   4.83987   4.05654
         9        34   4.75130
         9        35   4.06161
         9        36   4.40804
         9        37   1.75940
        10        14   1.74352
        10        15   2.48832
        10        16   4.08572
        10        17   4.09652
        10        18
        10        19   4.66366
        10        20   1.89348
        10        21   4.16960   4.58947
        10        22   4.73897   2.08446
        10        23   3.97105
        10        24   4.34065
        10        25   4.53357
        10        26
        10        27   3.89486   4.66117
        10        28   2.37393
        10        29   3.79018
        10        30   3.82787
        10        31
        10        32   3.96838
        10        33   4.59916   4.47795
        10        34   4.10420   4.58186
        10        35   1.98927   4.78559
        10        36   4.67887
        10        37   4.35619   3.76180
        11        14   2.49944
        11        15   1.79837
        11        16   4.06590
        11        17   4.04272
        11        18   4.57926
        11        19
        11        20   4.51573   4.22949
        11        21   1.89135
        11        22   4.04083
        11        23   2.06479   4.73689
        11        24   4.55243
        11        25   4.39481
        11        26   4.73046   3.88926
        11        27
        11        28   3.81329
        11        29   2.43655
        11        30
        11        31   3.87697
        11        32   4.54832   4.61688
        11        33   3.90367
        11        34   4.82756   1.97264
        11        35   4.63169   4.05748
        11        36   3.77808   4.23465
        11        37   4.73996
        12        14   3.39232
        12        15   4.24241
        12        16   4.84443
        12        17   2.27578
        12        18   4.41853   3.75181
        12        19   4.90699
        12        20
        12        21   4.75967   2.03101
        12        22   4.41312
        12        23   1.88206
        12        24   4.81835   4.31071
        12        25   4.33239
        12        26   2.03304   4.88528
        12        27
        12        28   3.78919   4.31307
        12        29   4.27332
        12        30
        12        31   3.59052
        12        32   4.70365
        12        33   1.79504
        12        34   3.72393   4.63004
        12        35   4.49123   4.36840
        12        36   4.48094
        12        37   4.47424   4.04227
        13        14   4.20153
        13        15   3.35339
        13        16   2.34845
        13        17   4.89318
        13        18   4.93256
        13        19   3.81082   4.45398
        13        20   2.02506   4.77257
        13        21
        13        22   1.83591
        13        23   4.48076
        13        24   4.27921
        13        25   4.27119   4.74777
        13        26
        13        27   4.91579   1.97852
        13        28   4.19931
        13        29   4.24757   3.81766
        13        30   3.64300
        13        31
        13        32   1.84507
        13        33   4.60914
        13        34   4.37522   4.42300
        13        35   4.60225   3.64944
        13        36   3.90507   4.56549
        13        37   4.55013
        14         0   4.50102
        14         1
        14         2   1.82729
        14         3   4.56016
        14         4   3.66468   4.92465
        14         5   4.82626
        14         6   4.90068   4.95276
        14         7   4.06239   3.58623
        14         8   4.68982
        14         9   4.42781   3.87710
        14        10   1.74352
        14        11   2.49944
        14        12   3.39232
        14        13   4.20153
        15         0
        15         1
        15         2   4.58097
        15         3   1.80427
        15         4   4.87239
        15         5   4.95754   3.61893
        15         6   3.62342   4.08239
        15         7   4.94669   4.88380
        15         8   3.83115   4.43757
        15         9   4.64455
        15        10   2.48832
        15        11   1.79837
        15        12   4.24241
        15        13   3.35339
        16         0   4.83370
        16         1   4.17466   4.31731
        16         2   3.18356
        16         3   1.73146
        16         4   4.99819
        16         5   4.08551   4.40579
        16         6   3.78317
        16         7
        16         8   4.87109   2.05456
        16         9   3.79318   4.61621
        16        10   4.08572
        16        11   4.06590
        16        12   4.84443
        16        13   2.34845
        17         0   4.48765
        17         1   4.42816   4.55396
        17         2   1.77576
        17         3   3.18502
        17         4   4.36710   4.01568
        17         5
        17         6
        17         7   3.82929
        17         8   4.60545   3.81083
        17         9   2.06811   4.90070
        17        10   4.09652
        17        11   4.04272
        17        12   2.27578
        17        13   4.89318
        18         0   4.88871   2.78580
        18         1   2.16656
        18         2   4.88213   3.62045
        18         3   4.27276   4.37026
        18         4   1.72530
        18         5
        18         6   4.11330
        18         7
        18         8   2.49371
        18         9   3.58245
        18        10
        18        11   4.57926
        18        12   3.75181   4.41853
        18        13   4.93256
        19         0   2.43403
        19         1   2.35000
        19         2   4.28959   4.21482
        19         3   3.60296   4.95923
        19         4
        19         5   1.82606
        19         6
        19         7   4.01388
        19         8   3.52647
        19         9   2.38199
        19        10   4.66366
        19        11
        19        12   4.90699
        19        13   4.45398   3.81082
        20         0   4.87000
        20         1   3.55955
        20         2
        20         3   3.22027
        20         4   4.97022
        20         5   1.71645
        20         6   3.98600
        20         7   4.43929   4.34435
        20         8   4.45470   4.96418
        20         9   4.54271
        20        10   1.89348
        20        11   4.22949   4.51573
        20        12
        20        13   4.77257   2.02506
        21         0   4.97003   4.65237
        21         1   3.96769
        21         2   3.13737
        21         3
        21         4   1.70551
        21         5
        21         6   4.38155   4.42725
        21         7   4.08309
        21         8   4.49380
        21         9   4.90878   4.40591
        21        10   4.58947   4.16960
        21        11   1.89135
        21        12   2.03101   4.75967
        21        13
        22         0   4.64638
        22         1
        22         2   4.18869
        22         3   4.24424
        22         4   4.67394
        22         5   4.25455   4.17231
        22         6   4.54318   3.99208
        22         7   1.84702
        22         8   4.49940
        22         9   4.43906
        22        10   2.08446   4.73897
        22        11   4.04083
        22        12   4.41312
        22        13   1.83591
        23         0
        23         1
        23         2   4.21423
        23         3   4.12919
        23         4   4.23352   4.26370
        23         5   4.69450
        23         6   1.86084
        23         7   4.09132   4.47993
        23         8   4.38093
        23         9   4.48787
        23        10   3.97105
        23        11   4.73689   2.06479
        23        12   1.88206
        23        13   4.48076
        24         0   4.94176   3.55361
        24         1   4.57274   4.94645
        24         2   1.65777
        24         3   4.27551   4.27898
        24         4   3.18826
        24         5   4.08708
        24         6
        24         7   4.09120
        24         8   1.94094
        24         9   4.76230   2.02490
        24        10   4.34065
        24        11   4.55243
        24        12   4.31071   4.81835
        24        13   4.27921
        25         0   4.13081   4.52919
        25         1   4.60933
        25         2   4.22733   4.27220
        25         3   1.71717
        25         4   4.13324
        25         5   3.10283
        25         6   4.15604
        25         7
        25         8   1.99203   4.81095
        25         9   1.90086
        25        10   4.53357
        25        11   4.39481
        25        12   4.33239
        25        13   4.74777   4.27119
        26         0   3.11824
        26         1   4.68747
        26         2   4.00426   4.37936
        26         3   4.23933
        26         4   1.73733
        26         5
        26         6   3.73280
        26         7   4.56293   4.27583
        26         8   3.86408
        26         9   2.42007
        26        10
        26        11   3.88926   4.73046
        26        12   4.88528   2.03304
        26        13
        27         0   3.60574
        27         1   4.54452   4.73067
        27         2   4.27379
        27         3   4.35938   4.05614
        27         4
        27         5   1.75371
        27         6   4.28486   4.52025
        27         7   3.68111
        27         8   2.45070
        27         9   3.93744
        27        10   4.66117   3.89486
        27        11
        27        12
        27        13   1.97852   4.91579
        28         0   2.95304
        28         1   3.93034
        28         2   3.33647
        28         3
        28         4   1.90851
        28         5   4.49809
        28         6   4.08908
        28         7   3.88877   3.41821
        28         8
        28         9   4.95499
        28        10   2.37393
        28        11   3.81329
        28        12   4.31307   3.78919
        28        13   4.19931
        29         0   3.68227
        29         1   3.53966
        29         2
        29         3   3.34028
        29         4   4.52800
        29         5   1.84056
        29         6   3.50644   3.83039
        29         7   4.14891
        29         8   4.98445
        29         9
        29        10   3.79018
        29        11   2.43655
        29        12   4.27332
        29        13   3.81766   4.24757
        30         0   4.99382   2.41100
        30         1   2.45202
        30         2   1.85055
        30         3   4.45637
        30         4   3.34803
        30         5   4.65315   4.44809
        30         6
        30         7   4.16673   4.54188
        30         8   3.80367
        30         9   3.77494   4.07254
        30        10   3.82787
        30        11
        30        12
        30        13   3.64300
        31         0   2.61906
        31         1   2.35805
        31         2   4.37383
        31         3   1.83869
        31         4   4.47465   4.56195
        31         5   3.40993
        31         6   4.64167   4.13698
        31         7
        31         8   4.09630   3.71844
        31         9   3.77159
        31        10
        31        11   3.87697
        31        12   3.59052
        31        13
        32         0   3.67161
        32         1   2.52471
        32         2
        32         3   4.92848   4.82323   4.90293
        32         4
        32         5   3.54305   3.68864
        32         6   2.02842
        32         7   4.23754
        32         8   4.83640   3.99880
        32         9
        32        10   3.96838
        32        11   4.61688   4.54832
        32        12   4.70365
        32        13   1.84507
        33         0   2.66361
        33         1   3.29685
        33         2   4.92147   4.88016   4.93539
        33         3
        33         4   3.68323   3.55114
        33         5
        33         6   4.12476
        33         7   1.99833
        33         8
        33         9   4.05654   4.83987
        33        10   4.47795   4.59916
        33        11   3.90367
        33        12   1.79504
        33        13   4.60914
        34         0
        34         1   4.37257
        34         2   4.81227
        34         3   3.52306
        34         4   3.16891
        34         5   4.30772
        34         6   1.69098
        34         7   4.45286
        34         8   4.01628
        34         9   4.75130
        34        10   4.58186   4.10420
        34        11   1.97264   4.82756
        34        12   4.63004   3.72393
        34        13   4.42300   4.37522
        35         0
        35         1
        35         2   3.59762
        35         3   4.72263
        35         4   4.40665
        35         5   3.09185
        35         6   4.37567
        35         7   1.74995
        35         8   4.62603
        35         9   4.06161
        35        10   4.78559   1.98927
        35        11   4.05748   4.63169
        35        12   4.36840   4.49123
        35        13   3.64944   4.60225
        36         0   4.47624
        36         1   3.63437
        36         2   4.92699
        36         3   3.71435   3.39728
        36         4   4.85725
        36         5   4.24830
        36         6   1.49447
        36         7   4.78257
        36         8   1.79354
        36         9   4.40804
        36        10   4.67887
        36        11   4.23465   3.77808
        36        12   4.48094
        36        13   4.56549   3.90507
        37         0   3.25336
        37         1   4.12851
        37         2   3.31361   3.78155
        37         3   4.90090
        37         4   4.30906
        37         5   4.72313
        37         6   4.94462
        37         7   1.51562
        37         8   4.31811
        37         9   1.75940
        37        10   3.76180   4.35619
        37        11   4.73996
        37        12   4.04227   4.47424
        37        13   4.55013
