         0        20   2.57323
         0        21   4.37253
         0        22
         0        23
         0        24
         0        25
         0        26   4.72975
         0        27
         0        28   3.52137
         0        29
         0        30   4.18429
         0        31
         0        32
         0        33
         0        34   4.86161
         0        35
         0        36
         0        37
         0        38
         0        39   4.20848   4.63719
         0        40
         0        41   2.39085
         0        42
         0        43
         0        44   4.50470
         0        45
         0        46   2.85640
         0        47
         0        48
         0        49   2.66939
         0        50   4.50651
         0        51   4.90295   4.78520
         0        52
         0        53   2.47455
         0        54
         0        55   2.40498
         0        56
         0        57   4.88743   4.16199
         0        58
         0        59   4.82672   3.88669
         0        60
         0        61   2.54172
         0        62
         0        63   2.35375
         0        64
         0        65   4.51877
         0        66
         0        67   3.37361
         1        20   4.37253
         1        21   2.57323
         1        22
         1        23
         1        24
         1        25
         1        26
         1        27   4.72975
         1        28
         1        29   3.52137
         1        30
         1        31   4.18429
         1        32
         1        33
         1        34
         1        35   4.86161
         1        36
         1        37
         1        38   4.63719   4.20848
         1        39
         1        40   2.39085
         1        41
         1        42
         1        43
         1        44
         1        45   4.50470
         1        46
         1        47   2.85640
         1        48   2.66939
         1        49
         1        50   4.78520   4.90295
         1        51   4.50651
         1        52   2.47455
         1        53
         1        54   2.40498
         1        55
         1        56   4.16199   4.88743
         1        57
         1        58   3.88669   4.82672
         1        59
         1        60   2.54172
         1        61
         1        62   2.35375
         1        63
         1        64   4.51877
         1        65
         1        66   3.37361
         1        67
         2        20
         2        21   4.82207   4.75386
         2        22   4.38632
         2        23
         2        24
         2        25
         2        26
         2        27
         2        28   3.86256   4.86538
         2        29
         2        30   2.63699
         2        31
         2        32
         2        33
         2        34   2.52454
         2        35
         2        36
         2        37   4.76923
         2        38
         2        39   4.40411   4.33264
         2        40
         2        41   4.91857
         2        42
         2        43   4.94066
         2        44   4.97076
         2        45
         2        46   2.57482
         2        47
         2        48
         2        49   4.79552   4.59309
         2        50   2.48612
         2        51   4.69289
         2        52
         2        53   2.56347
         2        54
         2        55   2.55036
         2        56
         2        57   2.35295
         2        58   4.88926
         2        59   2.30069
         2        60
         2        61   3.83727   4.62385
         2        62
         2        63   4.42846   4.62560
         2        64
         2        65
         2        66
         2        67   3.60723
         3        20   4.75386   4.82207
         3        21
         3        22
         3        23   4.38632
         3        24
         3        25
         3        26
         3        27
         3        28
         3        29   4.86538   3.86256
         3        30
         3        31   2.63699
         3        32
         3        33
         3        34
         3        35   2.52454
         3        36   4.76923
         3        37
         3        38   4.33264   4.40411
         3        39
         3        40   4.91857
         3        41
         3        42   4.94066
         3        43
         3        44
         3        45   4.97076
         3        46
         3        47   2.57482
         3        48   4.59309   4.79552
         3        49
         3        50   4.69289
         3        51   2.48612
         3        52   2.56347
         3        53
         3        54   2.55036
         3        55
         3        56   2.35295
         3        57
         3        58   2.30069
         3        59   4.88926
         3        60   4.62385   3.83727
         3        61
         3        62   4.62560   4.42846
         3        63
         3        64
         3        65
         3        66   3.60723
         3        67
         4        20
         4        21
         4        22   3.31621
         4        23   4.10022   4.74740
         4        24   3.29280
         4        25   1.99837
         4        26   3.45206   4.53586
         4        27   4.78691   4.49643
         4        28   4.51278
         4        29   3.65846
         4        30
         4        31
         4        32   4.61587   4.38401
         4        33   2.12789
         4        34
         4        35   4.04218
         4        36   1.79423
         4        37   3.63669   4.38776
         4        38   4.96498
         4        39   4.51986
         4        40
         4        41   3.99505
         4        42   4.19270   3.90407
         4        43   4.59045   4.57379
         4        44   1.97306
         4        45   4.66097   3.24055
         4        46   3.89365
         4        47
         4        48   3.92786
         4        49   3.89397
         4        50
         4        51
         4        52
         4        53
         4        54
         4        55
         4        56
         4        57
         4        58
         4        59
         4        60
         4        61
         4        62
         4        63
         4        64   2.18774
         4        65   2.11815
         4        66   4.32086
         4        67
         5        20
         5        21
         5        22   4.74740   4.10022
         5        23   3.31621
         5        24   1.99837
         5        25   3.29280
         5        26   4.49643   4.78691
         5        27   4.53586   3.45206
         5        28   3.65846
         5        29   4.51278
         5        30
         5        31
         5        32   2.12789
         5        33   4.38401   4.61587
         5        34   4.04218
         5        35
         5        36   4.38776   3.63669
         5        37   1.79423
         5        38   4.51986
         5        39   4.96498
         5        40   3.99505
         5        41
         5        42   4.57379   4.59045
         5        43   3.90407   4.19270
         5        44   3.24055   4.66097
         5        45   1.97306
         5        46
         5        47   3.89365
         5        48   3.89397
         5        49   3.92786
         5        50
         5        51
         5        52
         5        53
         5        54
         5        55
         5        56
         5        57
         5        58
         5        59
         5        60
         5        61
         5        62
         5        63
         5        64   2.11815
         5        65   2.18774
         5        66
         5        67   4.32086
         6        20
         6        21
         6        22   2.26163
         6        23   2.13913
         6        24   4.31538   4.67364
         6        25   2.12187
         6        26   1.77700
         6        27   4.27358   3.71348
         6        28   4.91876
         6        29   4.48537
         6        30   3.82200
         6        31   3.91545
         6        32   3.32442
         6        33   1.98215
         6        34
         6        35   4.04565
         6        36   4.51890   3.49763
         6        37   4.46146   4.91474
         6        38   4.49060
         6        39   3.65001
         6        40
         6        41   4.04832
         6        42   1.96296
         6        43   3.20012   4.74458
         6        44   3.90204   4.18973
         6        45   4.61212   4.58250
         6        46   4.37965
         6        47
         6        48
         6        49
         6        50
         6        51
         6        52
         6        53
         6        54
         6        55
         6        56
         6        57
         6        58
         6        59
         6        60
         6        61
         6        62
         6        63
         6        64   3.29369
         6        65   4.72278   4.09983
         6        66   3.87005
         6        67
         7        20
         7        21
         7        22   2.13913
         7        23   2.26163
         7        24   2.12187
         7        25   4.67364   4.31538
         7        26   3.71348   4.27358
         7        27   1.77700
         7        28   4.48537
         7        29   4.91876
         7        30   3.91545
         7        31   3.82200
         7        32   1.98215
         7        33   3.32442
         7        34   4.04565
         7        35
         7        36   4.91474   4.46146
         7        37   3.49763   4.51890
         7        38   3.65001
         7        39   4.49060
         7        40   4.04832
         7        41
         7        42   4.74458   3.20012
         7        43   1.96296
         7        44   4.58250   4.61212
         7        45   4.18973   3.90204
         7        46
         7        47   4.37965
         7        48
         7        49
         7        50
         7        51
         7        52
         7        53
         7        54
         7        55
         7        56
         7        57
         7        58
         7        59
         7        60
         7        61
         7        62
         7        63
         7        64   4.09983   4.72278
         7        65   3.29369
         7        66
         7        67   3.87005
         8        20
         8        21
         8        22   3.05861   4.95734
         8        23   3.57427
         8        24   4.56673
         8        25   4.23437
         8        26   1.91101
         8        27
         8        28   1.70768
         8        29
         8        30   1.87855
         8        31
         8        32   1.88015
         8        33   4.88727
         8        34   4.47535   4.21790
         8        35
         8        36   4.30134
         8        37   3.67583
         8        38
         8        39   3.56958
         8        40
         8        41   2.01891
         8        42   4.70199
         8        43   4.43228   4.08597
         8        44   2.45879
         8        45   4.22966
         8        46   4.41635   3.61328
         8        47
         8        48
         8        49   4.56750   4.58156
         8        50
         8        51
         8        52
         8        53   4.12451
         8        54
         8        55
         8        56
         8        57
         8        58
         8        59   4.04617
         8        60
         8        61   4.47737
         8        62
         8        63   4.99724
         8        64
         8        65   3.87139   4.31700
         8        66
         8        67   4.61145   3.34880
         9        20
         9        21
         9        22   3.57427
         9        23   4.95734   3.05861
         9        24   4.23437
         9        25   4.56673
         9        26
         9        27   1.91101
         9        28
         9        29   1.70768
         9        30
         9        31   1.87855
         9        32   4.88727
         9        33   1.88015
         9        34
         9        35   4.21790   4.47535
         9        36   3.67583
         9        37   4.30134
         9        38   3.56958
         9        39
         9        40   2.01891
         9        41
         9        42   4.08597   4.43228
         9        43   4.70199
         9        44   4.22966
         9        45   2.45879
         9        46
         9        47   3.61328   4.41635
         9        48   4.58156   4.56750
         9        49
         9        50
         9        51
         9        52   4.12451
         9        53
         9        54
         9        55
         9        56
         9        57
         9        58   4.04617
         9        59
         9        60   4.47737
         9        61
         9        62   4.99724
         9        63
         9        64   4.31700   3.87139
         9        65
         9        66   3.34880   4.61145
         9        67
        10        20
        10        21
        10        22   1.98737
        10        23
        10        24
        10        25   3.31356   4.66118
        10        26   4.30750   4.44251
        10        27   4.06791
        10        28   2.22783
        10        29
        10        30   4.83232   3.13562
        10        31
        10        32   3.57584   4.51532
        10        33   3.73211
        10        34   1.82510
        10        35
        10        36   4.58133
        10        37   2.10973
        10        38
        10        39   4.26401   4.35160
        10        40
        10        41   3.64727
        10        42
        10        43   3.60684
        10        44   1.79258
        10        45   3.76147
        10        46   1.77091
        10        47
        10        48
        10        49   4.08927   4.02502
        10        50
        10        51
        10        52
        10        53   3.93388
        10        54
        10        55   4.38781
        10        56
        10        57   4.47876
        10        58
        10        59
        10        60
        10        61
        10        62
        10        63
        10        64   4.84317
        10        65   4.29204   4.62823
        10        66
        10        67   4.95364   4.41921
        11        20
        11        21
        11        22
        11        23   1.98737
        11        24   4.66118   3.31356
        11        25
        11        26   4.06791
        11        27   4.44251   4.30750
        11        28
        11        29   2.22783
        11        30
        11        31   3.13562   4.83232
        11        32   3.73211
        11        33   4.51532   3.57584
        11        34
        11        35   1.82510
        11        36   2.10973
        11        37   4.58133
        11        38   4.35160   4.26401
        11        39
        11        40   3.64727
        11        41
        11        42   3.60684
        11        43
        11        44   3.76147
        11        45   1.79258
        11        46
        11        47   1.77091
        11        48   4.02502   4.08927
        11        49
        11        50
        11        51
        11        52   3.93388
        11        53
        11        54   4.38781
        11        55
        11        56   4.47876
        11        57
        11        58
        11        59
        11        60
        11        61
        11        62
        11        63
        11        64   4.62823   4.29204
        11        65   4.84317
        11        66   4.41921   4.95364
        11        67
        12        20   1.82132
        12        21   3.85915   4.27636
        12        22
        12        23
        12        24
        12        25
        12        26
        12        27
        12        28
        12        29
        12        30
        12        31   4.46952
        12        32
        12        33
        12        34
        12        35   4.25228
        12        36
        12        37
        12        38   3.41063
        12        39
        12        40   4.63378
        12        41
        12        42
        12        43
        12        44
        12        45
        12        46
        12        47   4.10948
        12        48   3.79326
        12        49
        12        50   4.93825
        12        51   3.97808   3.95786
        12        52   4.55442   4.63966
        12        53   4.71210
        12        54   1.75896
        12        55   4.95072
        12        56   1.72449
        12        57
        12        58   4.06119   4.56706
        12        59   4.91416
        12        60   1.84239
        12        61   3.80452
        12        62   4.61269   3.47693
        12        63   4.31489
        12        64
        12        65
        12        66   4.38679
        12        67
        13        20   4.27636   3.85915
        13        21   1.82132
        13        22
        13        23
        13        24
        13        25
        13        26
        13        27
        13        28
        13        29
        13        30   4.46952
        13        31
        13        32
        13        33
        13        34   4.25228
        13        35
        13        36
        13        37
        13        38
        13        39   3.41063
        13        40
        13        41   4.63378
        13        42
        13        43
        13        44
        13        45
        13        46   4.10948
        13        47
        13        48
        13        49   3.79326
        13        50   3.95786   3.97808
        13        51   4.93825
        13        52   4.71210
        13        53   4.63966   4.55442
        13        54   4.95072
        13        55   1.75896
        13        56
        13        57   1.72449
        13        58   4.91416
        13        59   4.56706   4.06119
        13        60   3.80452
        13        61   1.84239
        13        62   4.31489
        13        63   3.47693   4.61269
        13        64
        13        65
        13        66
        13        67   4.38679
        14        20   4.43640
        14        21   4.12222   3.78121
        14        22
        14        23
        14        24
        14        25
        14        26
        14        27
        14        28
        14        29   3.55755
        14        30
        14        31   4.00628
        14        32
        14        33
        14        34
        14        35   4.56697
        14        36
        14        37
        14        38
        14        39
        14        40   4.70558
        14        41
        14        42
        14        43
        14        44
        14        45
        14        46
        14        47   4.71660
        14        48   4.17098
        14        49
        14        50   1.76444
        14        51   3.84236   4.21653
        14        52   1.89787
        14        53   4.23727
        14        54   4.80701   4.66802
        14        55   4.42335
        14        56   3.63327   4.58102
        14        57   4.30876
        14        58   1.69943
        14        59   4.35871
        14        60   4.45332   4.02227
        14        61
        14        62   1.77654
        14        63
        14        64
        14        65
        14        66   3.66661
        14        67
        15        20   3.78121   4.12222
        15        21   4.43640
        15        22
        15        23
        15        24
        15        25
        15        26
        15        27
        15        28   3.55755
        15        29
        15        30   4.00628
        15        31
        15        32
        15        33
        15        34   4.56697
        15        35
        15        36
        15        37
        15        38
        15        39
        15        40
        15        41   4.70558
        15        42
        15        43
        15        44
        15        45
        15        46   4.71660
        15        47
        15        48
        15        49   4.17098
        15        50   4.21653   3.84236
        15        51   1.76444
        15        52   4.23727
        15        53   1.89787
        15        54   4.42335
        15        55   4.66802   4.80701
        15        56   4.30876
        15        57   4.58102   3.63327
        15        58   4.35871
        15        59   1.69943
        15        60
        15        61   4.02227   4.45332
        15        62
        15        63   1.77654
        15        64
        15        65
        15        66
        15        67   3.66661
        16        20
        16        21
        16        22
        16        23   4.32989   3.88246
        16        24   1.88207
        16        25   4.99727
        16        26   4.27665
        16        27   3.69173
        16        28
        16        29   3.64407
        16        30
        16        31   4.33913   4.64691
        16        32   4.57315
        16        33   4.31271
        16        34
        16        35   2.03247
        16        36   1.92757
        16        37
        16        38   1.71106
        16        39
        16        40   4.24172   4.41827
        16        41
        16        42   2.43175
        16        43   4.32180
        16        44   4.73698
        16        45   4.10579   4.49864
        16        46
        16        47   3.40365   4.52131
        16        48   1.89783
        16        49
        16        50
        16        51
        16        52
        16        53
        16        54   4.16794
        16        55
        16        56   3.62210
        16        57
        16        58
        16        59
        16        60   4.64967
        16        61
        16        62   4.46666
        16        63
        16        64   4.96683   3.07679
        16        65   3.67219
        16        66   3.65239   4.38520
        16        67
        17        20
        17        21
        17        22   3.88246   4.32989
        17        23
        17        24   4.99727
        17        25   1.88207
        17        26   3.69173
        17        27   4.27665
        17        28   3.64407
        17        29
        17        30   4.64691   4.33913
        17        31
        17        32   4.31271
        17        33   4.57315
        17        34   2.03247
        17        35
        17        36
        17        37   1.92757
        17        38
        17        39   1.71106
        17        40
        17        41   4.41827   4.24172
        17        42   4.32180
        17        43   2.43175
        17        44   4.49864   4.10579
        17        45   4.73698
        17        46   4.52131   3.40365
        17        47
        17        48
        17        49   1.89783
        17        50
        17        51
        17        52
        17        53
        17        54
        17        55   4.16794
        17        56
        17        57   3.62210
        17        58
        17        59
        17        60
        17        61   4.64967
        17        62
        17        63   4.46666
        17        64   3.67219
        17        65   3.07679   4.96683
        17        66
        17        67   4.38520   3.65239
        18        20
        18        21
        18        22   4.92899
        18        23   4.75686   4.27825
        18        24   4.52486   3.62464
        18        25   3.80705
        18        26   4.58811
        18        27   2.20846
        18        28
        18        29   4.31965   4.16538
        18        30
        18        31   3.89708   4.15970
        18        32
        18        33   4.76658   3.27886
        18        34
        18        35   3.70232
        18        36   4.33466   4.34250
        18        37   4.21753
        18        38   2.19895
        18        39
        18        40   1.84636
        18        41
        18        42   1.81026
        18        43   3.91456
        18        44
        18        45   3.67870
        18        46
        18        47   4.39316
        18        48   3.10516   4.81966
        18        49
        18        50
        18        51
        18        52
        18        53
        18        54
        18        55
        18        56   4.59472
        18        57
        18        58
        18        59
        18        60   4.04487
        18        61
        18        62   4.27413
        18        63
        18        64   2.02535
        18        65
        18        66   1.73863
        18        67
        19        20
        19        21
        19        22   4.27825   4.75686
        19        23   4.92899
        19        24   3.80705
        19        25   3.62464   4.52486
        19        26   2.20846
        19        27   4.58811
        19        28   4.16538   4.31965
        19        29
        19        30   4.15970   3.89708
        19        31
        19        32   3.27886   4.76658
        19        33
        19        34   3.70232
        19        35
        19        36   4.21753
        19        37   4.34250   4.33466
        19        38
        19        39   2.19895
        19        40
        19        41   1.84636
        19        42   3.91456
        19        43   1.81026
        19        44   3.67870
        19        45
        19        46   4.39316
        19        47
        19        48
        19        49   4.81966   3.10516
        19        50
        19        51
        19        52
        19        53
        19        54
        19        55
        19        56
        19        57   4.59472
        19        58
        19        59
        19        60
        19        61   4.04487
        19        62
        19        63   4.27413
        19        64
        19        65   2.02535
        19        66
        19        67   1.73863
        20         0   2.57323
        20         1   4.37253
        20         2
        20         3   4.82207   4.75386
        20         4
        20         5
        20         6
        20         7
        20         8
        20         9
        20        10
        20        11
        20        12   1.82132
        20        13   3.85915   4.27636
        20        14   4.43640
        20        15   4.12222   3.78121
        20        16
        20        17
        20        18
        20        19
        21         0   4.37253
        21         1   2.57323
        21         2   4.75386   4.82207
        21         3
        21         4
        21         5
        21         6
        21         7
        21         8
        21         9
        21        10
        21        11
        21        12   4.27636   3.85915
        21        13   1.82132
        21        14   3.78121   4.12222
        21        15   4.43640
        21        16
        21        17
        21        18
        21        19
        22         0
        22         1
        22         2   4.38632
        22         3
        22         4   3.31621
        22         5   4.10022   4.74740
        22         6   2.26163
        22         7   2.13913
        22         8   4.95734   3.05861
        22         9   3.57427
        22        10   1.98737
        22        11
        22        12
        22        13
        22        14
        22        15
        22        16
        22        17   4.32989   3.88246
        22        18   4.92899
        22        19   4.75686   4.27825
        23         0
        23         1
        23         2
        23         3   4.38632
        23         4   4.74740   4.10022
        23         5   3.31621
        23         6   2.13913
        23         7   2.26163
        23         8   3.57427
        23         9   3.05861   4.95734
        23        10
        23        11   1.98737
        23        12
        23        13
        23        14
        23        15
        23        16   3.88246   4.32989
        23        17
        23        18   4.27825   4.75686
        23        19   4.92899
        24         0
        24         1
        24         2
        24         3
        24         4   3.29280
        24         5   1.99837
        24         6   4.67364   4.31538
        24         7   2.12187
        24         8   4.56673
        24         9   4.23437
        24        10
        24        11   3.31356   4.66118
        24        12
        24        13
        24        14
        24        15
        24        16   1.88207
        24        17   4.99727
        24        18   3.62464   4.52486
        24        19   3.80705
        25         0
        25         1
        25         2
        25         3
        25         4   1.99837
        25         5   3.29280
        25         6   2.12187
        25         7   4.31538   4.67364
        25         8   4.23437
        25         9   4.56673
        25        10   4.66118   3.31356
        25        11
        25        12
        25        13
        25        14
        25        15
        25        16   4.99727
        25        17   1.88207
        25        18   3.80705
        25        19   4.52486   3.62464
        26         0   4.72975
        26         1
        26         2
        26         3
        26         4   4.53586   3.45206
        26         5   4.78691   4.49643
        26         6   1.77700
        26         7   4.27358   3.71348
        26         8   1.91101
        26         9
        26        10   4.44251   4.30750
        26        11   4.06791
        26        12
        26        13
        26        14
        26        15
        26        16   4.27665
        26        17   3.69173
        26        18   4.58811
        26        19   2.20846
        27         0
        27         1   4.72975
        27         2
        27         3
        27         4   4.49643   4.78691
        27         5   3.45206   4.53586
        27         6   3.71348   4.27358
        27         7   1.77700
        27         8
        27         9   1.91101
        27        10   4.06791
        27        11   4.30750   4.44251
        27        12
        27        13
        27        14
        27        15
        27        16   3.69173
        27        17   4.27665
        27        18   2.20846
        27        19   4.58811
        28         0   3.52137
        28         1
        28         2   4.86538   3.86256
        28         3
        28         4   4.51278
        28         5   3.65846
        28         6   4.91876
        28         7   4.48537
        28         8   1.70768
        28         9
        28        10   2.22783
        28        11
        28        12
        28        13
        28        14
        28        15   3.55755
        28        16
        28        17   3.64407
        28        18
        28        19   4.31965   4.16538
        29         0
        29         1   3.52137
        29         2
        29         3   3.86256   4.86538
        29         4   3.65846
        29         5   4.51278
        29         6   4.48537
        29         7   4.91876
        29         8
        29         9   1.70768
        29        10
        29        11   2.22783
        29        12
        29        13
        29        14   3.55755
        29        15
        29        16   3.64407
        29        17
        29        18   4.16538   4.31965
        29        19
        30         0   4.18429
        30         1
        30         2   2.63699
        30         3
        30         4
        30         5
        30         6   3.82200
        30         7   3.91545
        30         8   1.87855
        30         9
        30        10   3.13562   4.83232
        30        11
        30        12
        30        13   4.46952
        30        14
        30        15   4.00628
        30        16
        30        17   4.33913   4.64691
        30        18
        30        19   3.89708   4.15970
        31         0
        31         1   4.18429
        31         2
        31         3   2.63699
        31         4
        31         5
        31         6   3.91545
        31         7   3.82200
        31         8
        31         9   1.87855
        31        10
        31        11   4.83232   3.13562
        31        12   4.46952
        31        13
        31        14   4.00628
        31        15
        31        16   4.64691   4.33913
        31        17
        31        18   4.15970   3.89708
        31        19
        32         0
        32         1
        32         2
        32         3
        32         4   4.38401   4.61587
        32         5   2.12789
        32         6   3.32442
        32         7   1.98215
        32         8   1.88015
        32         9   4.88727
        32        10   4.51532   3.57584
        32        11   3.73211
        32        12
        32        13
        32        14
        32        15
        32        16   4.57315
        32        17   4.31271
        32        18
        32        19   4.76658   3.27886
        33         0
        33         1
        33         2
        33         3
        33         4   2.12789
        33         5   4.61587   4.38401
        33         6   1.98215
        33         7   3.32442
        33         8   4.88727
        33         9   1.88015
        33        10   3.73211
        33        11   3.57584   4.51532
        33        12
        33        13
        33        14
        33        15
        33        16   4.31271
        33        17   4.57315
        33        18   3.27886   4.76658
        33        19
        34         0   4.86161
        34         1
        34         2   2.52454
        34         3
        34         4
        34         5   4.04218
        34         6
        34         7   4.04565
        34         8   4.21790   4.47535
        34         9
        34        10   1.82510
        34        11
        34        12
        34        13   4.25228
        34        14
        34        15   4.56697
        34        16
        34        17   2.03247
        34        18
        34        19   3.70232
        35         0
        35         1   4.86161
        35         2
        35         3   2.52454
        35         4   4.04218
        35         5
        35         6   4.04565
        35         7
        35         8
        35         9   4.47535   4.21790
        35        10
        35        11   1.82510
        35        12   4.25228
        35        13
        35        14   4.56697
        35        15
        35        16   2.03247
        35        17
        35        18   3.70232
        35        19
        36         0
        36         1
        36         2
        36         3   4.76923
        36         4   1.79423
        36         5   3.63669   4.38776
        36         6   3.49763   4.51890
        36         7   4.46146   4.91474
        36         8   4.30134
        36         9   3.67583
        36        10   4.58133
        36        11   2.10973
        36        12
        36        13
        36        14
        36        15
        36        16   1.92757
        36        17
        36        18   4.34250   4.33466
        36        19   4.21753
        37         0
        37         1
        37         2   4.76923
        37         3
        37         4   4.38776   3.63669
        37         5   1.79423
        37         6   4.91474   4.46146
        37         7   4.51890   3.49763
        37         8   3.67583
        37         9   4.30134
        37        10   2.10973
        37        11   4.58133
        37        12
        37        13
        37        14
        37        15
        37        16
        37        17   1.92757
        37        18   4.21753
        37        19   4.33466   4.34250
        38         0
        38         1   4.20848   4.63719
        38         2
        38         3   4.40411   4.33264
        38         4   4.96498
        38         5   4.51986
        38         6   4.49060
        38         7   3.65001
        38         8
        38         9   3.56958
        38        10
        38        11   4.26401   4.35160
        38        12   3.41063
        38        13
        38        14
        38        15
        38        16   1.71106
        38        17
        38        18   2.19895
        38        19
        39         0   4.63719   4.20848
        39         1
        39         2   4.33264   4.40411
        39         3
        39         4   4.51986
        39         5   4.96498
        39         6   3.65001
        39         7   4.49060
        39         8   3.56958
        39         9
        39        10   4.35160   4.26401
        39        11
        39        12
        39        13   3.41063
        39        14
        39        15
        39        16
        39        17   1.71106
        39        18
        39        19   2.19895
        40         0
        40         1   2.39085
        40         2
        40         3   4.91857
        40         4
        40         5   3.99505
        40         6
        40         7   4.04832
        40         8
        40         9   2.01891
        40        10
        40        11   3.64727
        40        12   4.63378
        40        13
        40        14   4.70558
        40        15
        40        16   4.41827   4.24172
        40        17
        40        18   1.84636
        40        19
        41         0   2.39085
        41         1
        41         2   4.91857
        41         3
        41         4   3.99505
        41         5
        41         6   4.04832
        41         7
        41         8   2.01891
        41         9
        41        10   3.64727
        41        11
        41        12
        41        13   4.63378
        41        14
        41        15   4.70558
        41        16
        41        17   4.24172   4.41827
        41        18
        41        19   1.84636
        42         0
        42         1
        42         2
        42         3   4.94066
        42         4   3.90407   4.19270
        42         5   4.59045   4.57379
        42         6   1.96296
        42         7   3.20012   4.74458
        42         8   4.70199
        42         9   4.43228   4.08597
        42        10
        42        11   3.60684
        42        12
        42        13
        42        14
        42        15
        42        16   2.43175
        42        17   4.32180
        42        18   1.81026
        42        19   3.91456
        43         0
        43         1
        43         2   4.94066
        43         3
        43         4   4.57379   4.59045
        43         5   4.19270   3.90407
        43         6   4.74458   3.20012
        43         7   1.96296
        43         8   4.08597   4.43228
        43         9   4.70199
        43        10   3.60684
        43        11
        43        12
        43        13
        43        14
        43        15
        43        16   4.32180
        43        17   2.43175
        43        18   3.91456
        43        19   1.81026
        44         0   4.50470
        44         1
        44         2   4.97076
        44         3
        44         4   1.97306
        44         5   4.66097   3.24055
        44         6   4.18973   3.90204
        44         7   4.61212   4.58250
        44         8   2.45879
        44         9   4.22966
        44        10   1.79258
        44        11   3.76147
        44        12
        44        13
