         0        24   4.61416   3.30666
         0        25   4.01401   4.01401
         0        26   3.30666   4.61416
         0        27   3.83283   4.96826
         0        28
         0        29   4.96826   3.83283
         0        30   3.59568
         0        31   4.78281
         0        32   4.15329
         0        33   4.15330
         0        34   4.78280
         0        35   3.59568
         0        36
         0        37   4.07650
         0        38   4.28297
         0        39   3.60240
         0        40   2.42886
         0        41   3.28504
         0        42   4.41824
         0        43   3.60732
         0        44   4.70101
         0        45   2.28545
         0        46   1.76195
         0        47   2.88782
         0        48   4.28298
         0        49   4.07649
         0        50
         0        51   3.28505
         0        52   2.42886
         0        53   3.60239
         0        54   2.88782
         0        55   1.76195
         0        56   2.28545
         0        57   4.70100
         0        58   3.60732
         0        59   4.41824
         1        24   4.28298
         1        25   4.07649
         1        26
         1        27   3.28505
         1        28   2.42886
         1        29   3.60239
         1        30   2.88782
         1        31   1.76195
         1        32   2.28545
         1        33   4.70102
         1        34   3.60731
         1        35   4.41824
         1        36   4.61416   3.30666
         1        37   4.01401   4.01401
         1        38   3.30666   4.61416
         1        39   3.83283   4.96826
         1        40
         1        41   4.96826   3.83283
         1        42   3.59568
         1        43   4.78279
         1        44   4.15330
         1        45   4.15330
         1        46   4.78280
         1        47   3.59568
         1        48
         1        49   4.07649
         1        50   4.28299
         1        51   3.60238
         1        52   2.42886
         1        53   3.28505
         1        54   4.41824
         1        55   3.60732
         1        56   4.70101
         1        57   2.28545
         1        58   1.76195
         1        59   2.88782
         2        24
         2        25   4.07650
         2        26   4.28297
         2        27   3.60240
         2        28   2.42886
         2        29   3.28504
         2        30   4.41825
         2        31   3.60730
         2        32   4.70101
         2        33   2.28545
         2        34   1.76195
         2        35   2.88782
         2        36   4.28297
         2        37   4.07650
         2        38
         2        39   3.28503
         2        40   2.42887
         2        41   3.60239
         2        42   2.88782
         2        43   1.76195
         2        44   2.28545
         2        45   4.70100
         2        46   3.60732
         2        47   4.41824
         2        48   4.61416   3.30666
         2        49   4.01401   4.01401
         2        50   3.30666   4.61416
         2        51   3.83283   4.96826
         2        52
         2        53   4.96826   3.83283
         2        54   3.59568
         2        55   4.78281
         2        56   4.15329
         2        57   4.15329
         2        58   4.78281
         2        59   3.59568
         3        24   1.33907
         3        25   2.92564
         3        26   3.37797
         3        27   2.24289
         3        28   4.92014
         3        29   4.47395
         3        30   4.48349
         3        31   3.42938
         3        32   3.56578
         3        33   3.99602
         3        34   4.65498
         3        35   2.26922
         3        36
         3        37   4.76525   4.76525
         3        38
         3        39   4.66150   4.35002
         3        40   3.79246   3.79246
         3        41   4.35002   4.66150
         3        42   4.02062   4.96901
         3        43   4.95890   3.50695
         3        44   3.33444
         3        45   3.33444
         3        46   3.50695   4.95888
         3        47   4.96901   4.02061
         3        48   3.37798
         3        49   2.92565
         3        50   1.33908
         3        51   4.47395
         3        52   4.92015
         3        53   2.24288
         3        54   2.26921
         3        55   4.65499
         3        56   3.99601
         3        57   3.56578
         3        58   3.42938
         3        59   4.48349
         4        24   4.50003
         4        25   2.33548
         4        26   3.49581
         4        27   3.35379
         4        28   2.35071
         4        29   4.97022
         4        30   2.93719
         4        31   4.55660
         4        32   4.44695
         4        33   1.32920
         4        34   3.42932
         4        35   4.20032
         4        36   4.36052   4.66532
         4        37   4.91857   4.07271
         4        38   3.42396
         4        39
         4        40   4.89837   4.08145
         4        41   3.98354   3.59123
         4        42   4.84443   4.68737
         4        43   4.35702   4.68902
         4        44   3.19566
         4        45
         4        46   3.51636
         4        47   3.74881   4.76672
         4        48   2.21891
         4        49   4.44065
         4        50   4.10707
         4        51   1.35235
         4        52   4.41824
         4        53
         4        54   2.91730
         4        55   2.14531
         4        56   4.61558
         4        57   3.33007
         4        58   4.21901
         4        59   3.33161
         5        24   4.10707
         5        25   4.44065
         5        26   2.21891
         5        27
         5        28   4.41825
         5        29   1.35235
         5        30   3.33161
         5        31   4.21901
         5        32   3.33008
         5        33   4.61558
         5        34   2.14532
         5        35   2.91730
         5        36   3.42396
         5        37   4.07270   4.91857
         5        38   4.66532   4.36052
         5        39   3.59123   3.98354
         5        40   4.08145   4.89837
         5        41
         5        42   4.76673   3.74881
         5        43   3.51637
         5        44
         5        45   3.19565
         5        46   4.68901   4.35702
         5        47   4.68737   4.84442
         5        48   3.49581
         5        49   2.33548
         5        50   4.50003
         5        51   4.97022
         5        52   2.35071
         5        53   3.35379
         5        54   4.20031
         5        55   3.42931
         5        56   1.32919
         5        57   4.44696
         5        58   4.55660
         5        59   2.93719
         6        24   3.37797
         6        25   2.92564
         6        26   1.33907
         6        27   4.47395
         6        28   4.92014
         6        29   2.24289
         6        30   2.26922
         6        31   4.65498
         6        32   3.99603
         6        33   3.56579
         6        34   3.42937
         6        35   4.48348
         6        36   1.33908
         6        37   2.92564
         6        38   3.37798
         6        39   2.24289
         6        40   4.92014
         6        41   4.47394
         6        42   4.48348
         6        43   3.42937
         6        44   3.56579
         6        45   3.99601
         6        46   4.65499
         6        47   2.26921
         6        48
         6        49   4.76524   4.76524
         6        50
         6        51   4.66151   4.35001
         6        52   3.79246   3.79246
         6        53   4.35001   4.66151
         6        54   4.02061   4.96901
         6        55   4.95888   3.50695
         6        56   3.33444
         6        57   3.33444
         6        58   3.50694   4.95889
         6        59   4.96902   4.02062
         7        24   2.21891
         7        25   4.44065
         7        26   4.10707
         7        27   1.35235
         7        28   4.41825
         7        29
         7        30   2.91730
         7        31   2.14532
         7        32   4.61559
         7        33   3.33008
         7        34   4.21900
         7        35   3.33162
         7        36   4.50003
         7        37   2.33548
         7        38   3.49582
         7        39   3.35379
         7        40   2.35070
         7        41   4.97023
         7        42   2.93718
         7        43   4.55661
         7        44   4.44696
         7        45   1.32919
         7        46   3.42931
         7        47   4.20031
         7        48   4.36053   4.66531
         7        49   4.91858   4.07270
         7        50   3.42396
         7        51
         7        52   4.89836   4.08145
         7        53   3.98355   3.59123
         7        54   4.84442   4.68737
         7        55   4.35702   4.68901
         7        56   3.19565
         7        57
         7        58   3.51637
         7        59   3.74881   4.76673
         8        24   3.49581
         8        25   2.33548
         8        26   4.50003
         8        27   4.97022
         8        28   2.35071
         8        29   3.35379
         8        30   4.20031
         8        31   3.42932
         8        32   1.32919
         8        33   4.44695
         8        34   4.55661
         8        35   2.93718
         8        36   4.10707
         8        37   4.44065
         8        38   2.21891
         8        39
         8        40   4.41825
         8        41   1.35235
         8        42   3.33162
         8        43   4.21901
         8        44   3.33008
         8        45   4.61558
         8        46   2.14531
         8        47   2.91730
         8        48   3.42396
         8        49   4.07270   4.91858
         8        50   4.66531   4.36052
         8        51   3.59123   3.98354
         8        52   4.08146   4.89836
         8        53
         8        54   4.76672   3.74881
         8        55   3.51636
         8        56
         8        57   3.19566
         8        58   4.68901   4.35702
         8        59   4.68736   4.84443
         9        24
         9        25   4.76525   4.76525
         9        26
         9        27   4.66150   4.35002
         9        28   3.79246   3.79246
         9        29   4.35002   4.66150
         9        30   4.02061   4.96902
         9        31   4.95888   3.50695
         9        32   3.33445
         9        33   3.33444
         9        34   3.50695   4.95888
         9        35   4.96901   4.02061
         9        36   3.37797
         9        37   2.92563
         9        38   1.33908
         9        39   4.47395
         9        40   4.92014
         9        41   2.24290
         9        42   2.26921
         9        43   4.65499
         9        44   3.99601
         9        45   3.56578
         9        46   3.42938
         9        47   4.48349
         9        48   1.33907
         9        49   2.92564
         9        50   3.37797
         9        51   2.24289
         9        52   4.92014
         9        53   4.47395
         9        54   4.48349
         9        55   3.42938
         9        56   3.56578
         9        57   3.99601
         9        58   4.65499
         9        59   2.26920
        10        24   4.36053   4.66531
        10        25   4.91858   4.07270
        10        26   3.42396
        10        27
        10        28   4.89836   4.08145
        10        29   3.98355   3.59123
        10        30   4.84442   4.68737
        10        31   4.35702   4.68901
        10        32   3.19565
        10        33
        10        34   3.51636
        10        35   3.74881   4.76671
        10        36   2.21891
        10        37   4.44065
        10        38   4.10707
        10        39   1.35235
        10        40   4.41825
        10        41
        10        42   2.91730
        10        43   2.14530
        10        44   4.61558
        10        45   3.33008
        10        46   4.21900
        10        47   3.33162
        10        48   4.50003
        10        49   2.33549
        10        50   3.49581
        10        51   3.35378
        10        52   2.35072
        10        53   4.97021
        10        54   2.93718
        10        55   4.55661
        10        56   4.44696
        10        57   1.32919
        10        58   3.42931
        10        59   4.20031
        11        24   3.42396
        11        25   4.07270   4.91858
        11        26   4.66531   4.36053
        11        27   3.59123   3.98355
        11        28   4.08145   4.89836
        11        29
        11        30   4.76672   3.74882
        11        31   3.51637
        11        32
        11        33   3.19565
        11        34   4.68901   4.35702
        11        35   4.68737   4.84443
        11        36   3.49582
        11        37   2.33549
        11        38   4.50004
        11        39   4.97022
        11        40   2.35071
        11        41   3.35378
        11        42   4.20032
        11        43   3.42932
        11        44   1.32919
        11        45   4.44696
        11        46   4.55661
        11        47   2.93718
        11        48   4.10708
        11        49   4.44066
        11        50   2.21892
        11        51
        11        52   4.41825
        11        53   1.35235
        11        54   3.33162
        11        55   4.21900
        11        56   3.33008
        11        57   4.61559
        11        58   2.14531
        11        59   2.91731
        12        24   1.37283
        12        25   1.37283
        12        26   1.37283
        12        27   3.89095
        12        28   3.89095
        12        29   3.89095
        12        30   3.75701
        12        31   3.84624
        12        32   3.86991
        12        33   3.86992
        12        34   3.84623
        12        35   3.75701
        12        36   3.58364
        12        37   4.73920
        12        38
        12        39   2.90795
        12        40   4.75520   4.20024
        12        41   3.58156
        12        42   4.56285
        12        43   4.31387
        12        44   3.85435
        12        45   3.15940
        12        46   3.69745   4.58182
        12        47   2.13442
        12        48
        12        49   4.73921
        12        50   3.58364
        12        51   3.58157
        12        52   4.20024   4.75519
        12        53   2.90795
        12        54   2.13442
        12        55   4.58182   3.69745
        12        56   3.15940
        12        57   3.85434
        12        58   4.31386
        12        59   4.56286
        13        24   3.88809
        13        25   3.76558
        13        26   3.76558
        13        27   1.36997
        13        28   4.08764
        13        29   4.08764
        13        30   1.36330
        13        31   3.43162
        13        32   4.47915
        13        33   1.30716
        13        34   4.47202
        13        35   3.51375
        13        36   3.58327
        13        37   2.21702
        13        38   3.81219
        13        39
        13        40   2.72843
        13        41   4.16634
        13        42   4.76748
        13        43   4.42995
        13        44   3.19730   4.58613
        13        45   3.62490
        13        46   4.87513   4.54342
        13        47   4.08638   4.53749
        13        48   2.90757
        13        49   4.52807
        13        50   3.29936
        13        51   3.58534
        13        52   3.67021
        13        53   4.19007   4.44377
        13        54   4.70521
        13        55   2.32452
        13        56   4.94748   4.62746
        13        57
        13        58   4.86578   2.96737
        13        59   4.29535
        14        24   3.76558
        14        25   3.88809
        14        26   3.76558
        14        27   4.08764
        14        28   1.36997
        14        29   4.08764
        14        30   4.57777
        14        31   1.42528
        14        32   3.54728
        14        33   3.54727
        14        34   1.42528
        14        35   4.57777
        14        36   4.39772
        14        37   4.75572   4.20083
        14        38   3.83305   4.48095
        14        39   3.16630
        14        40   4.73838
        14        41   3.29990
        14        42   2.22936
        14        43   3.56350
        14        44   3.53028
        14        45   3.45244
        14        46
        14        47   4.91245
        14        48   4.48094   3.83305
        14        49   4.20083   4.75572
        14        50   4.39772
        14        51   3.29989
        14        52   4.73838
        14        53   3.16631
        14        54   4.91245
        14        55
        14        56   3.45244
        14        57   3.53029
        14        58   3.56350
        14        59   2.22936
        15        24   3.76558
        15        25   3.76558
        15        26   3.88809
        15        27   4.08764
        15        28   4.08764
        15        29   1.36997
        15        30   3.51374
        15        31   4.47201
        15        32   1.30715
        15        33   4.47915
        15        34   3.43162
        15        35   1.36329
        15        36   3.29936
        15        37   4.52806
        15        38   2.90757
        15        39   4.44377   4.19007
        15        40   3.67021
        15        41   3.58534
        15        42   4.29535
        15        43   2.96737   4.86578
        15        44
        15        45   4.62746   4.94748
        15        46   2.32452
        15        47   4.70521
        15        48   3.81218
        15        49   2.21701
        15        50   3.58326
        15        51   4.16634
        15        52   2.72843
        15        53
        15        54   4.53749   4.08638
        15        55   4.54342   4.87513
        15        56   3.62490
        15        57   4.58613   3.19730
        15        58   4.42994
        15        59   4.76748
        16        24
        16        25   4.73921
        16        26   3.58364
        16        27   3.58157
        16        28   4.20024   4.75519
        16        29   2.90795
        16        30   2.13442
        16        31   4.58182   3.69745
        16        32   3.15940
        16        33   3.85436
        16        34   4.31387
        16        35   4.56284
        16        36   1.37283
        16        37   1.37283
        16        38   1.37283
        16        39   3.89095
        16        40   3.89095
        16        41   3.89095
        16        42   3.75700
        16        43   3.84623
        16        44   3.86993
        16        45   3.86992
        16        46   3.84623
        16        47   3.75701
        16        48   3.58363
        16        49   4.73920
        16        50
        16        51   2.90794
        16        52   4.75521   4.20023
        16        53   3.58158
        16        54   4.56285
        16        55   4.31387
        16        56   3.85435
        16        57   3.15940
        16        58   3.69745   4.58182
        16        59   2.13442
        17        24   2.90757
        17        25   4.52807
        17        26   3.29936
        17        27   3.58534
        17        28   3.67021
        17        29   4.19007   4.44377
        17        30   4.70521
        17        31   2.32452
        17        32   4.94748   4.62746
        17        33
        17        34   4.86579   2.96735
        17        35   4.29535
        17        36   3.88809
        17        37   3.76558
        17        38   3.76558
        17        39   1.36997
        17        40   4.08764
        17        41   4.08764
        17        42   1.36328
        17        43   3.43161
        17        44   4.47914
        17        45   1.30716
        17        46   4.47202
        17        47   3.51375
        17        48   3.58326
        17        49   2.21702
        17        50   3.81217
        17        51
        17        52   2.72844
        17        53   4.16633
        17        54   4.76748
        17        55   4.42995
        17        56   3.19730   4.58613
        17        57   3.62490
        17        58   4.87513   4.54342
        17        59   4.08638   4.53749
        18        24   4.48094   3.83305
        18        25   4.20083   4.75572
        18        26   4.39772
        18        27   3.29989
        18        28   4.73838
        18        29   3.16631
        18        30   4.91245
        18        31
        18        32   3.45244
        18        33   3.53028
        18        34   3.56351
        18        35   2.22936
        18        36   3.76558
        18        37   3.88809
        18        38   3.76558
        18        39   4.08764
        18        40   1.36997
        18        41   4.08764
        18        42   4.57778
        18        43   1.42529
        18        44   3.54728
        18        45   3.54727
        18        46   1.42528
        18        47   4.57777
        18        48   4.39771
        18        49   4.75573   4.20083
        18        50   3.83306   4.48093
        18        51   3.16631
        18        52   4.73837
        18        53   3.29989
        18        54   2.22936
        18        55   3.56350
        18        56   3.53028
        18        57   3.45244
        18        58
        18        59   4.91245
        19        24   3.81218
        19        25   2.21701
        19        26   3.58326
        19        27   4.16634
        19        28   2.72843
        19        29
        19        30   4.53749   4.08638
        19        31   4.54342   4.87513
        19        32   3.62490
        19        33   4.58614   3.19729
        19        34   4.42995
        19        35   4.76748
        19        36   3.76558
        19        37   3.76558
        19        38   3.88809
        19        39   4.08764
        19        40   4.08764
        19        41   1.36997
        19        42   3.51376
        19        43   4.47201
        19        44   1.30715
        19        45   4.47915
        19        46   3.43162
        19        47   1.36329
        19        48   3.29938
        19        49   4.52808
        19        50   2.90758
        19        51   4.44379   4.19006
        19        52   3.67021
        19        53   3.58533
        19        54   4.29535
        19        55   2.96737   4.86578
        19        56
        19        57   4.62746   4.94748
        19        58   2.32452
        19        59   4.70521
        20        24   3.58364
        20        25   4.73920
        20        26
        20        27   2.90795
        20        28   4.75520   4.20024
        20        29   3.58156
        20        30   4.56286
        20        31   4.31386
        20        32   3.85434
        20        33   3.15940
        20        34   3.69745   4.58182
        20        35   2.13442
        20        36
        20        37   4.73919
        20        38   3.58364
        20        39   3.58156
        20        40   4.20024   4.75521
        20        41   2.90796
        20        42   2.13442
        20        43   4.58182   3.69745
        20        44   3.15940
        20        45   3.85434
        20        46   4.31386
        20        47   4.56286
        20        48   1.37283
        20        49   1.37283
        20        50   1.37283
        20        51   3.89095
        20        52   3.89095
        20        53   3.89095
        20        54   3.75701
        20        55   3.84624
        20        56   3.86991
        20        57   3.86992
        20        58   3.84625
        20        59   3.75700
        21        24   3.58327
        21        25   2.21702
        21        26   3.81219
        21        27
        21        28   2.72843
        21        29   4.16634
        21        30   4.76749
        21        31   4.42993
        21        32   3.19729   4.58614
        21        33   3.62490
        21        34   4.87513   4.54342
        21        35   4.08638   4.53749
        21        36   2.90756
        21        37   4.52806
        21        38   3.29937
        21        39   3.58533
        21        40   3.67022
        21        41   4.19006   4.44378
        21        42   4.70521
        21        43   2.32452
        21        44   4.94748   4.62746
        21        45
        21        46   4.86578   2.96737
        21        47   4.29535
        21        48   3.88809
        21        49   3.76558
        21        50   3.76558
        21        51   1.36997
        21        52   4.08764
        21        53   4.08764
        21        54   1.36330
        21        55   3.43162
        21        56   4.47915
        21        57   1.30714
        21        58   4.47200
        21        59   3.51374
        22        24   4.39772
        22        25   4.75572   4.20083
        22        26   3.83305   4.48095
        22        27   3.16630
        22        28   4.73838
        22        29   3.29990
        22        30   2.22935
        22        31   3.56351
        22        32   3.53029
        22        33   3.45244
        22        34
        22        35   4.91245
        22        36   4.48094   3.83306
        22        37   4.20082   4.75573
        22        38   4.39772
        22        39   3.29991
        22        40   4.73837
        22        41   3.16630
        22        42   4.91245
        22        43
        22        44   3.45244
        22        45   3.53029
        22        46   3.56350
        22        47   2.22936
        22        48   3.76558
        22        49   3.88809
        22        50   3.76558
        22        51   4.08764
        22        52   1.36997
        22        53   4.08764
        22        54   4.57777
        22        55   1.42528
        22        56   3.54728
        22        57   3.54729
        22        58   1.42529
        22        59   4.57778
        23        24   3.29936
        23        25   4.52806
        23        26   2.90757
        23        27   4.44377   4.19007
        23        28   3.67021
        23        29   3.58534
        23        30   4.29536
        23        31   2.96736   4.86579
        23        32
        23        33   4.62746   4.94748
        23        34   2.32452
        23        35   4.70521
        23        36   3.81219
        23        37   2.21702
        23        38   3.58328
        23        39   4.16633
        23        40   2.72843
        23        41
        23        42   4.53749   4.08638
        23        43   4.54342   4.87513
        23        44   3.62490
        23        45   4.58613   3.19730
        23        46   4.42994
        23        47   4.76748
        23        48   3.76558
        23        49   3.76558
        23        50   3.88809
        23        51   4.08764
        23        52   4.08764
        23        53   1.36997
        23        54   3.51374
        23        55   4.47201
        23        56   1.30715
        23        57   4.47915
        23        58   3.43161
        23        59   1.36330
        24         0   3.30666   4.61416
        24         1   4.28298
        24         2
        24         3   1.33907
        24         4   4.50003
        24         5   4.10707
        24         6   3.37797
        24         7   2.21891
        24         8   3.49581
        24         9
        24        10   4.66531   4.36053
        24        11   3.42396
        24        12   1.37283
        24        13   3.88809
        24        14   3.76558
        24        15   3.76558
        24        16
        24        17   2.90757
        24        18   3.83305   4.48094
        24        19   3.81218
        24        20   3.58364
        24        21   3.58327
        24        22   4.39772
        24        23   3.29936
        25         0   4.01401   4.01401
        25         1   4.07649
        25         2   4.07650
        25         3   2.92564
        25         4   2.33548
        25         5   4.44065
        25         6   2.92564
        25         7   4.44065
        25         8   2.33548
        25         9   4.76525   4.76525
        25        10   4.07270   4.91858
        25        11   4.91858   4.07270
        25        12   1.37283
        25        13   3.76558
        25        14   3.88809
        25        15   3.76558
        25        16   4.73921
        25        17   4.52807
        25        18   4.75572   4.20083
        25        19   2.21701
        25        20   4.73920
        25        21   2.21702
        25        22   4.20083   4.75572
        25        23   4.52806
        26         0   4.61416   3.30666
        26         1
        26         2   4.28297
        26         3   3.37797
        26         4   3.49581
        26         5   2.21891
        26         6   1.33907
        26         7   4.10707
        26         8   4.50003
        26         9
        26        10   3.42396
        26        11   4.36053   4.66531
        26        12   1.37283
        26        13   3.76558
        26        14   3.76558
        26        15   3.88809
        26        16   3.58364
        26        17   3.29936
        26        18   4.39772
        26        19   3.58326
        26        20
        26        21   3.81219
        26        22   4.48095   3.83305
        26        23   2.90757
        27         0   4.96826   3.83283
        27         1   3.28505
        27         2   3.60240
        27         3   2.24289
        27         4   3.35379
        27         5
        27         6   4.47395
        27         7   1.35235
        27         8   4.97022
        27         9   4.35002   4.66150
        27        10
        27        11   3.98355   3.59123
        27        12   3.89095
        27        13   1.36997
        27        14   4.08764
        27        15   4.08764
        27        16   3.58157
        27        17   3.58534
        27        18   3.29989
        27        19   4.16634
        27        20   2.90795
        27        21
        27        22   3.16630
        27        23   4.19007   4.44377
        28         0
        28         1   2.42886
        28         2   2.42886
        28         3   4.92014
        28         4   2.35071
        28         5   4.41825
        28         6   4.92014
        28         7   4.41825
        28         8   2.35071
        28         9   3.79246   3.79246
        28        10   4.08145   4.89836
        28        11   4.89836   4.08145
        28        12   3.89095
        28        13   4.08764
        28        14   1.36997
        28        15   4.08764
        28        16   4.75519   4.20024
        28        17   3.67021
        28        18   4.73838
        28        19   2.72843
        28        20   4.20024   4.75520
        28        21   2.72843
        28        22   4.73838
        28        23   3.67021
        29         0   3.83283   4.96826
        29         1   3.60239
        29         2   3.28504
        29         3   4.47395
        29         4   4.97022
        29         5   1.35235
        29         6   2.24289
        29         7
        29         8   3.35379
        29         9   4.66150   4.35002
        29        10   3.59123   3.98355
        29        11
        29        12   3.89095
        29        13   4.08764
        29        14   4.08764
        29        15   1.36997
        29        16   2.90795
        29        17   4.44377   4.19007
        29        18   3.16631
        29        19
        29        20   3.58156
        29        21   4.16634
        29        22   3.29990
        29        23   3.58534
        30         0   3.59568
        30         1   2.88782
        30         2   4.41825
        30         3   4.48349
        30         4   2.93719
        30         5   3.33161
        30         6   2.26922
        30         7   2.91730
        30         8   4.20031
        30         9   4.96902   4.02061
        30        10   4.68737   4.84442
        30        11   3.74882   4.76672
        30        12   3.75701
        30        13   1.36330
        30        14   4.57777
        30        15   3.51374
        30        16   2.13442
        30        17   4.70521
        30        18   4.91245
        30        19   4.08638   4.53749
        30        20   4.56286
        30        21   4.76749
        30        22   2.22935
        30        23   4.29536
        31         0   4.78281
        31         1   1.76195
        31         2   3.60730
        31         3   3.42938
        31         4   4.55660
        31         5   4.21901
        31         6   4.65498
        31         7   2.14532
        31         8   3.42932
        31         9   3.50695   4.95888
        31        10   4.68901   4.35702
        31        11   3.51637
        31        12   3.84624
        31        13   3.43162
        31        14   1.42528
        31        15   4.47201
        31        16   3.69745   4.58182
        31        17   2.32452
        31        18
        31        19   4.87513   4.54342
        31        20   4.31386
        31        21   4.42993
        31        22   3.56351
        31        23   4.86579   2.96736
        32         0   4.15329
        32         1   2.28545
        32         2   4.70101
        32         3   3.56578
        32         4   4.44695
        32         5   3.33008
        32         6   3.99603
        32         7   4.61559
        32         8   1.32919
        32         9   3.33445
        32        10   3.19565
        32        11
        32        12   3.86991
        32        13   4.47915
        32        14   3.54728
        32        15   1.30715
        32        16   3.15940
        32        17   4.62746   4.94748
        32        18   3.45244
        32        19   3.62490
        32        20   3.85434
        32        21   4.58614   3.19729
        32        22   3.53029
        32        23
        33         0   4.15330
        33         1   4.70102
        33         2   2.28545
        33         3   3.99602
        33         4   1.32920
        33         5   4.61558
        33         6   3.56579
        33         7   3.33008
        33         8   4.44695
        33         9   3.33444
        33        10
        33        11   3.19565
        33        12   3.86992
        33        13   1.30716
        33        14   3.54727
        33        15   4.47915
        33        16   3.85436
        33        17
        33        18   3.53028
        33        19   3.19729   4.58614
        33        20   3.15940
        33        21   3.62490
        33        22   3.45244
        33        23   4.94748   4.62746
        34         0   4.78280
        34         1   3.60731
        34         2   1.76195
        34         3   4.65498
        34         4   3.42932
        34         5   2.14532
        34         6   3.42937
        34         7   4.21900
        34         8   4.55661
        34         9   4.95888   3.50695
        34        10   3.51636
        34        11   4.35702   4.68901
        34        12   3.84623
        34        13   4.47202
        34        14   1.42528
        34        15   3.43162
        34        16   4.31387
        34        17   2.96735   4.86579
        34        18   3.56351
        34        19   4.42995
        34        20   4.58182   3.69745
        34        21   4.54342   4.87513
        34        22
        34        23   2.32452
        35         0   3.59568
        35         1   4.41824
        35         2   2.88782
        35         3   2.26922
        35         4   4.20032
        35         5   2.91730
        35         6   4.48348
        35         7   3.33162
        35         8   2.93718
        35         9   4.02061   4.96901
        35        10   4.76671   3.74881
        35        11   4.84443   4.68737
        35        12   3.75701
        35        13   3.51375
        35        14   4.57777
        35        15   1.36329
        35        16   4.56284
        35        17   4.29535
        35        18   2.22936
        35        19   4.76748
        35        20   2.13442
        35        21   4.53749   4.08638
        35        22   4.91245
        35        23   4.70521
        36         0
        36         1   3.30666   4.61416
        36         2   4.28297
        36         3
        36         4   4.66532   4.36052
        36         5   3.42396
        36         6   1.33908
        36         7   4.50003
        36         8   4.10707
        36         9   3.37797
        36        10   2.21891
        36        11   3.49582
        36        12   3.58364
        36        13   3.58327
        36        14   4.39772
        36        15   3.29936
        36        16   1.37283
        36        17   3.88809
        36        18   3.76558
        36        19   3.76558
        36        20
        36        21   2.90756
        36        22   3.83306   4.48094
        36        23   3.81219
        37         0   4.07650
        37         1   4.01401   4.01401
        37         2   4.07650
        37         3   4.76525   4.76525
        37         4   4.07271   4.91857
        37         5   4.91857   4.07270
        37         6   2.92564
        37         7   2.33548
        37         8   4.44065
        37         9   2.92563
        37        10   4.44065
        37        11   2.33549
        37        12   4.73920
        37        13   2.21702
        37        14   4.20083   4.75572
        37        15   4.52806
        37        16   1.37283
        37        17   3.76558
        37        18   3.88809
        37        19   3.76558
        37        20   4.73919
        37        21   4.52806
        37        22   4.75573   4.20082
        37        23   2.21702
        38         0   4.28297
        38         1   4.61416   3.30666
        38         2
        38         3
        38         4   3.42396
        38         5   4.36052   4.66532
        38         6   3.37798
        38         7   3.49582
        38         8   2.21891
        38         9   1.33908
        38        10   4.10707
        38        11   4.50004
        38        12
        38        13   3.81219
        38        14   4.48095   3.83305
        38        15   2.90757
        38        16   1.37283
        38        17   3.76558
        38        18   3.76558
        38        19   3.88809
        38        20   3.58364
        38        21   3.29937
        38        22   4.39772
        38        23   3.58328
        39         0   3.60240
        39         1   4.96826   3.83283
        39         2   3.28503
        39         3   4.35002   4.66150
        39         4
        39         5   3.98354   3.59123
        39         6   2.24289
        39         7   3.35379
        39         8
        39         9   4.47395
        39        10   1.35235
        39        11   4.97022
        39        12   2.90795
        39        13
        39        14   3.16630
        39        15   4.19007   4.44377
        39        16   3.89095
        39        17   1.36997
        39        18   4.08764
        39        19   4.08764
        39        20   3.58156
        39        21   3.58533
        39        22   3.29991
        39        23   4.16633
        40         0   2.42886
        40         1
        40         2   2.42887
