         0        16   4.26228
         0        17   4.60840   4.20661
         0        18   4.19082
         0        19   3.38317   4.37618
         0        20
         0        21   3.49302   4.61437
         0        22   4.23325
         0        23   4.34959   1.78070
         0        24   3.30864   3.41795
         0        25   3.18140
         0        26   3.48766
         0        27   4.39320
         0        28   1.80436
         0        29   4.23404
         0        30   3.39285   3.51794
         0        31
         0        32   4.51552   3.44025
         0        33   3.17808
         0        34   3.49676
         0        35
         0        36   1.76961   3.35839
         0        37
         0        38   4.45944   1.78736
         0        39
         1        16   4.20661   4.60840
         1        17   4.26228
         1        18   4.37618   3.38317
         1        19   4.19082
         1        20   4.61437   3.49302
         1        21
         1        22   1.78070   4.34959
         1        23   4.23325
         1        24   3.18140
         1        25   3.41795   3.30864
         1        26   4.39320
         1        27   3.48766
         1        28   4.23404
         1        29   1.80436
         1        30
         1        31   3.51794   3.39285
         1        32   3.17808
         1        33   3.44025   4.51552
         1        34
         1        35   3.49676
         1        36
         1        37   3.35839   1.76961
         1        38
         1        39   1.78736   4.45944
         2        16   4.19082
         2        17   3.38317   4.37618
         2        18   4.26228
         2        19   4.20661   4.60840
         2        20   4.23325
         2        21   4.34959   1.78070
         2        22
         2        23   3.49302   4.61437
         2        24   3.48766
         2        25   4.39320
         2        26   3.30864   3.41795
         2        27   3.18140
         2        28   3.39285   3.51794
         2        29
         2        30   1.80436
         2        31   4.23404
         2        32   3.49676
         2        33
         2        34   4.51552   3.44025
         2        35   3.17808
         2        36   4.45944   1.78736
         2        37
         2        38   1.76961   3.35839
         2        39
         3        16   4.37618   3.38317
         3        17   4.19082
         3        18   4.60840   4.20661
         3        19   4.26228
         3        20   1.78070   4.34959
         3        21   4.23325
         3        22   4.61437   3.49302
         3        23
         3        24   4.39320
         3        25   3.48766
         3        26   3.18140
         3        27   3.41795   3.30864
         3        28
         3        29   3.51794   3.39285
         3        30   4.23404
         3        31   1.80436
         3        32
         3        33   3.49676
         3        34   3.17808
         3        35   3.44025   4.51552
         3        36
         3        37   1.78736   4.45944
         3        38
         3        39   3.35839   1.76961
         4        16   1.95336   4.51370
         4        17
         4        18   3.49900   1.99038
         4        19   4.79587
         4        20   4.62170   3.41946
         4        21   4.84700
         4        22   1.99125   4.37457
         4        23   3.84644
         4        24   4.51336   1.83045
         4        25   4.71816   4.57707
         4        26   3.49093   4.47281
         4        27   4.69378
         4        28   1.97005   3.43943
         4        29   4.55270
         4        30   4.56408   1.98498
         4        31
         4        32   3.41581
         4        33   3.49422   4.49310
         4        34   4.55688   4.39257
         4        35   4.58352   4.44903
         4        36   4.81488   3.68446
         4        37   4.58800   3.51087
         4        38   3.76905
         4        39   4.64906   4.44467
         5        16
         5        17   4.51370   1.95336
         5        18   4.79587
         5        19   1.99038   3.49900
         5        20   4.84700
         5        21   3.41946   4.62170
         5        22   3.84644
         5        23   4.37457   1.99125
         5        24   4.57707   4.71816
         5        25   1.83045   4.51336
         5        26   4.69378
         5        27   4.47281   3.49093
         5        28   4.55270
         5        29   3.43943   1.97005
         5        30
         5        31   1.98498   4.56408
         5        32   4.49310   3.49422
         5        33   3.41581
         5        34   4.44903   4.58352
         5        35   4.39257   4.55688
         5        36   3.51087   4.58800
         5        37   3.68446   4.81488
         5        38   4.44467   4.64906
         5        39   3.76905
         6        16   3.49900   1.99038
         6        17   4.79587
         6        18   1.95336   4.51370
         6        19
         6        20   1.99125   4.37457
         6        21   3.84644
         6        22   4.62170   3.41946
         6        23   4.84700
         6        24   3.49093   4.47281
         6        25   4.69378
         6        26   4.51336   1.83045
         6        27   4.71816   4.57707
         6        28   4.56408   1.98498
         6        29
         6        30   1.97005   3.43943
         6        31   4.55270
         6        32   4.55688   4.39257
         6        33   4.44903   4.58352
         6        34   3.41581
         6        35   3.49422   4.49310
         6        36   3.76905
         6        37   4.44467   4.64906
         6        38   4.81488   3.68446
         6        39   4.58800   3.51087
         7        16   4.79587
         7        17   1.99038   3.49900
         7        18
         7        19   4.51370   1.95336
         7        20   3.84644
         7        21   4.37457   1.99125
         7        22   4.84700
         7        23   3.41946   4.62170
         7        24   4.69378
         7        25   4.47281   3.49093
         7        26   4.57707   4.71816
         7        27   1.83045   4.51336
         7        28
         7        29   1.98498   4.56408
         7        30   4.55270
         7        31   3.43943   1.97005
         7        32   4.58352   4.44903
         7        33   4.39257   4.55688
         7        34   4.49310   3.49422
         7        35   3.41581
         7        36   4.64906   4.44467
         7        37   3.76905
         7        38   3.51087   4.58800
         7        39   3.68446   4.81488
         8        16   4.49011   2.32306
         8        17
         8        18   2.11440   3.81386
         8        19   4.52129
         8        20   3.61342   4.66322
         8        21   4.68040
         8        22   4.51793   2.06426
         8        23   3.61948
         8        24   4.43612   4.58426
         8        25   1.87758   4.53542
         8        26   4.61182
         8        27   4.56871   3.61642
         8        28   3.58897
         8        29   4.37310   3.34669
         8        30   4.56743   4.72514
         8        31   4.56299   4.38136
         8        32   3.39631   1.89246
         8        33   4.67724
         8        34   1.92270   4.53679
         8        35
         8        36   3.68721   4.72694
         8        37   3.42786   4.62416
         8        38   3.73923
         8        39   4.74414   4.41000
         9        16
         9        17   2.32306   4.49011
         9        18   4.52129
         9        19   3.81386   2.11440
         9        20   4.68040
         9        21   4.66322   3.61342
         9        22   3.61948
         9        23   2.06426   4.51793
         9        24   4.53542   1.87758
         9        25   4.58426   4.43612
         9        26   3.61642   4.56871
         9        27   4.61182
         9        28   3.34669   4.37310
         9        29   3.58897
         9        30   4.38136   4.56299
         9        31   4.72514   4.56743
         9        32   4.67724
         9        33   1.89246   3.39631
         9        34
         9        35   4.53679   1.92270
         9        36   4.62416   3.42786
         9        37   4.72694   3.68721
         9        38   4.41000   4.74414
         9        39   3.73923
        10        16   2.11440   3.81386
        10        17   4.52129
        10        18   4.49011   2.32306
        10        19
        10        20   4.51793   2.06426
        10        21   3.61948
        10        22   3.61342   4.66322
        10        23   4.68040
        10        24   4.61182
        10        25   4.56871   3.61642
        10        26   4.43612   4.58426
        10        27   1.87758   4.53542
        10        28   4.56743   4.72514
        10        29   4.38136   4.56299
        10        30   3.58897
        10        31   4.37310   3.34669
        10        32   1.92270   4.53679
        10        33
        10        34   3.39631   1.89246
        10        35   4.67724
        10        36   3.73923
        10        37   4.41000   4.74414
        10        38   3.68721   4.72694
        10        39   3.42786   4.62416
        11        16   4.52129
        11        17   3.81386   2.11440
        11        18
        11        19   2.32306   4.49011
        11        20   3.61948
        11        21   2.06426   4.51793
        11        22   4.68040
        11        23   4.66322   3.61342
        11        24   3.61642   4.56871
        11        25   4.61182
        11        26   4.53542   1.87758
        11        27   4.58426   4.43612
        11        28   4.56299   4.38136
        11        29   4.72514   4.56743
        11        30   3.34669   4.37310
        11        31   3.58897
        11        32
        11        33   4.53679   1.92270
        11        34   4.67724
        11        35   1.89246   3.39631
        11        36   4.74414   4.41000
        11        37   3.73923
        11        38   4.62416   3.42786
        11        39   4.72694   3.68721
        12        16   4.54478
        12        17   3.67919   4.60993
        12        18   3.81559
        12        19   4.71727   2.26461
        12        20
        12        21   4.34157   4.73655
        12        22   3.80535   4.75166
        12        23   2.02334   3.63250
        12        24   3.72828
        12        25   3.46653   1.90554
        12        26
        12        27   4.19343   4.71117
        12        28   4.52112   4.61680
        12        29   2.11249   4.55927
        12        30   4.49334
        12        31   4.70693   3.69328
        12        32   1.84706   4.43916
        12        33   4.55199   4.65025
        12        34   4.36734   3.24484
        12        35   4.66265
        12        36   4.52888   1.95672
        12        37   3.85147
        12        38   3.29558   4.36097
        12        39   4.78908
        13        16   4.60993   3.67919
        13        17   4.54478
        13        18   2.26461   4.71727
        13        19   3.81559
        13        20   4.73655   4.34157
        13        21
        13        22   3.63250   2.02334
        13        23   4.75166   3.80535
        13        24   1.90554   3.46653
        13        25   3.72828
        13        26   4.71117   4.19343
        13        27
        13        28   4.55927   2.11249
        13        29   4.61680   4.52112
        13        30   3.69328   4.70693
        13        31   4.49334
        13        32   4.65025   4.55199
        13        33   4.43916   1.84706
        13        34   4.66265
        13        35   3.24484   4.36734
        13        36   3.85147
        13        37   1.95672   4.52888
        13        38   4.78908
        13        39   4.36097   3.29558
        14        16   3.81559
        14        17   4.71727   2.26461
        14        18   4.54478
        14        19   3.67919   4.60993
        14        20   3.80535   4.75166
        14        21   2.02334   3.63250
        14        22
        14        23   4.73655   4.34157
        14        24
        14        25   4.71117   4.19343
        14        26   3.72828
        14        27   3.46653   1.90554
        14        28   4.49334
        14        29   4.70693   3.69328
        14        30   4.52112   4.61680
        14        31   2.11249   4.55927
        14        32   4.36734   3.24484
        14        33   4.66265
        14        34   1.84706   4.43916
        14        35   4.55199   4.65025
        14        36   3.29558   4.36097
        14        37   4.78908
        14        38   4.52888   1.95672
        14        39   3.85147
        15        16   2.26461   4.71727
        15        17   3.81559
        15        18   4.60993   3.67919
        15        19   4.54478
        15        20   3.63250   2.02334
        15        21   4.75166   3.80535
        15        22   4.34157   4.73655
        15        23
        15        24   4.19343   4.71117
        15        25
        15        26   1.90554   3.46653
        15        27   3.72828
        15        28   3.69328   4.70693
        15        29   4.49334
        15        30   4.55927   2.11249
        15        31   4.61680   4.52112
        15        32   4.66265
        15        33   3.24484   4.36734
        15        34   4.65025   4.55199
        15        35   4.43916   1.84706
        15        36   4.78908
        15        37   4.36097   3.29558
        15        38   3.85147
        15        39   1.95672   4.52888
        16         0   4.26228
        16         1   4.60840   4.20661
        16         2   4.19082
        16         3   3.38317   4.37618
        16         4   4.51370   1.95336
        16         5
        16         6   1.99038   3.49900
        16         7   4.79587
        16         8   2.32306   4.49011
        16         9
        16        10   3.81386   2.11440
        16        11   4.52129
        16        12   4.54478
        16        13   3.67919   4.60993
        16        14   3.81559
        16        15   4.71727   2.26461
        17         0   4.20661   4.60840
        17         1   4.26228
        17         2   4.37618   3.38317
        17         3   4.19082
        17         4
        17         5   1.95336   4.51370
        17         6   4.79587
        17         7   3.49900   1.99038
        17         8
        17         9   4.49011   2.32306
        17        10   4.52129
        17        11   2.11440   3.81386
        17        12   4.60993   3.67919
        17        13   4.54478
        17        14   2.26461   4.71727
        17        15   3.81559
        18         0   4.19082
        18         1   3.38317   4.37618
        18         2   4.26228
        18         3   4.20661   4.60840
        18         4   1.99038   3.49900
        18         5   4.79587
        18         6   4.51370   1.95336
        18         7
        18         8   3.81386   2.11440
        18         9   4.52129
        18        10   2.32306   4.49011
        18        11
        18        12   3.81559
        18        13   4.71727   2.26461
        18        14   4.54478
        18        15   3.67919   4.60993
        19         0   4.37618   3.38317
        19         1   4.19082
        19         2   4.60840   4.20661
        19         3   4.26228
        19         4   4.79587
        19         5   3.49900   1.99038
        19         6
        19         7   1.95336   4.51370
        19         8   4.52129
        19         9   2.11440   3.81386
        19        10
        19        11   4.49011   2.32306
        19        12   2.26461   4.71727
        19        13   3.81559
        19        14   4.60993   3.67919
        19        15   4.54478
        20         0
        20         1   3.49302   4.61437
        20         2   4.23325
        20         3   4.34959   1.78070
        20         4   3.41946   4.62170
        20         5   4.84700
        20         6   4.37457   1.99125
        20         7   3.84644
        20         8   4.66322   3.61342
        20         9   4.68040
        20        10   2.06426   4.51793
        20        11   3.61948
        20        12
        20        13   4.34157   4.73655
        20        14   4.75166   3.80535
        20        15   2.02334   3.63250
        21         0   4.61437   3.49302
        21         1
        21         2   1.78070   4.34959
        21         3   4.23325
        21         4   4.84700
        21         5   4.62170   3.41946
        21         6   3.84644
        21         7   1.99125   4.37457
        21         8   4.68040
        21         9   3.61342   4.66322
        21        10   3.61948
        21        11   4.51793   2.06426
        21        12   4.73655   4.34157
        21        13
        21        14   3.63250   2.02334
        21        15   3.80535   4.75166
        22         0   4.23325
        22         1   4.34959   1.78070
        22         2
        22         3   3.49302   4.61437
        22         4   4.37457   1.99125
        22         5   3.84644
        22         6   3.41946   4.62170
        22         7   4.84700
        22         8   2.06426   4.51793
        22         9   3.61948
        22        10   4.66322   3.61342
        22        11   4.68040
        22        12   4.75166   3.80535
        22        13   2.02334   3.63250
        22        14
        22        15   4.73655   4.34157
        23         0   1.78070   4.34959
        23         1   4.23325
        23         2   4.61437   3.49302
        23         3
        23         4   3.84644
        23         5   1.99125   4.37457
        23         6   4.84700
        23         7   4.62170   3.41946
        23         8   3.61948
        23         9   4.51793   2.06426
        23        10   4.68040
        23        11   3.61342   4.66322
        23        12   3.63250   2.02334
        23        13   3.80535   4.75166
        23        14   4.34157   4.73655
        23        15
        24         0   3.41795   3.30864
        24         1   3.18140
        24         2   3.48766
        24         3   4.39320
        24         4   1.83045   4.51336
        24         5   4.71816   4.57707
        24         6   4.47281   3.49093
        24         7   4.69378
        24         8   4.58426   4.43612
        24         9   1.87758   4.53542
        24        10   4.61182
        24        11   4.56871   3.61642
        24        12   3.72828
        24        13   3.46653   1.90554
        24        14
        24        15   4.71117   4.19343
        25         0   3.18140
        25         1   3.30864   3.41795
        25         2   4.39320
        25         3   3.48766
        25         4   4.57707   4.71816
        25         5   4.51336   1.83045
        25         6   4.69378
        25         7   3.49093   4.47281
        25         8   4.53542   1.87758
        25         9   4.43612   4.58426
        25        10   3.61642   4.56871
        25        11   4.61182
        25        12   1.90554   3.46653
        25        13   3.72828
        25        14   4.19343   4.71117
        25        15
        26         0   3.48766
        26         1   4.39320
        26         2   3.41795   3.30864
        26         3   3.18140
        26         4   4.47281   3.49093
        26         5   4.69378
        26         6   1.83045   4.51336
        26         7   4.71816   4.57707
        26         8   4.61182
        26         9   4.56871   3.61642
        26        10   4.58426   4.43612
        26        11   1.87758   4.53542
        26        12
        26        13   4.19343   4.71117
        26        14   3.72828
        26        15   3.46653   1.90554
        27         0   4.39320
        27         1   3.48766
        27         2   3.18140
        27         3   3.30864   3.41795
        27         4   4.69378
        27         5   3.49093   4.47281
        27         6   4.57707   4.71816
        27         7   4.51336   1.83045
        27         8   3.61642   4.56871
        27         9   4.61182
        27        10   4.53542   1.87758
        27        11   4.43612   4.58426
        27        12   4.71117   4.19343
        27        13
        27        14   1.90554   3.46653
        27        15   3.72828
        28         0   1.80436
        28         1   4.23404
        28         2   3.51794   3.39285
        28         3
        28         4   3.43943   1.97005
        28         5   4.55270
        28         6   1.98498   4.56408
        28         7
        28         8   3.58897
        28         9   4.37310   3.34669
        28        10   4.72514   4.56743
        28        11   4.38136   4.56299
        28        12   4.61680   4.52112
        28        13   2.11249   4.55927
        28        14   4.49334
        28        15   4.70693   3.69328
        29         0   4.23404
        29         1   1.80436
        29         2
        29         3   3.39285   3.51794
        29         4   4.55270
        29         5   1.97005   3.43943
        29         6
        29         7   4.56408   1.98498
        29         8   3.34669   4.37310
        29         9   3.58897
        29        10   4.56299   4.38136
        29        11   4.56743   4.72514
        29        12   4.55927   2.11249
        29        13   4.52112   4.61680
        29        14   3.69328   4.70693
        29        15   4.49334
        30         0   3.51794   3.39285
        30         1
        30         2   1.80436
        30         3   4.23404
        30         4   1.98498   4.56408
        30         5
        30         6   3.43943   1.97005
        30         7   4.55270
        30         8   4.72514   4.56743
        30         9   4.56299   4.38136
        30        10   3.58897
        30        11   4.37310   3.34669
        30        12   4.49334
        30        13   4.70693   3.69328
        30        14   4.61680   4.52112
        30        15   2.11249   4.55927
        31         0
        31         1   3.39285   3.51794
        31         2   4.23404
        31         3   1.80436
        31         4
        31         5   4.56408   1.98498
        31         6   4.55270
        31         7   1.97005   3.43943
        31         8   4.38136   4.56299
        31         9   4.56743   4.72514
        31        10   3.34669   4.37310
        31        11   3.58897
        31        12   3.69328   4.70693
        31        13   4.49334
        31        14   4.55927   2.11249
        31        15   4.52112   4.61680
        32         0   3.44025   4.51552
        32         1   3.17808
        32         2   3.49676
        32         3
        32         4   3.41581
        32         5   3.49422   4.49310
        32         6   4.39257   4.55688
        32         7   4.44903   4.58352
        32         8   1.89246   3.39631
        32         9   4.67724
        32        10   4.53679   1.92270
        32        11
        32        12   4.43916   1.84706
        32        13   4.55199   4.65025
        32        14   3.24484   4.36734
        32        15   4.66265
        33         0   3.17808
        33         1   4.51552   3.44025
        33         2
        33         3   3.49676
        33         4   4.49310   3.49422
        33         5   3.41581
        33         6   4.58352   4.44903
        33         7   4.55688   4.39257
        33         8   4.67724
        33         9   3.39631   1.89246
        33        10
        33        11   1.92270   4.53679
        33        12   4.65025   4.55199
        33        13   1.84706   4.43916
        33        14   4.66265
        33        15   4.36734   3.24484
        34         0   3.49676
        34         1
        34         2   3.44025   4.51552
        34         3   3.17808
        34         4   4.39257   4.55688
        34         5   4.58352   4.44903
        34         6   3.41581
        34         7   3.49422   4.49310
        34         8   4.53679   1.92270
        34         9
        34        10   1.89246   3.39631
        34        11   4.67724
        34        12   3.24484   4.36734
        34        13   4.66265
        34        14   4.43916   1.84706
        34        15   4.55199   4.65025
        35         0
        35         1   3.49676
        35         2   3.17808
        35         3   4.51552   3.44025
        35         4   4.44903   4.58352
        35         5   4.55688   4.39257
        35         6   4.49310   3.49422
        35         7   3.41581
        35         8
        35         9   1.92270   4.53679
        35        10   4.67724
        35        11   3.39631   1.89246
        35        12   4.66265
        35        13   4.36734   3.24484
        35        14   4.65025   4.55199
        35        15   1.84706   4.43916
        36         0   3.35839   1.76961
        36         1
        36         2   1.78736   4.45944
        36         3
        36         4   3.68446   4.81488
        36         5   4.58800   3.51087
        36         6   3.76905
        36         7   4.44467   4.64906
        36         8   4.72694   3.68721
        36         9   3.42786   4.62416
        36        10   3.73923
        36        11   4.41000   4.74414
        36        12   1.95672   4.52888
        36        13   3.85147
        36        14   4.36097   3.29558
        36        15   4.78908
        37         0
        37         1   1.76961   3.35839
        37         2
        37         3   4.45944   1.78736
        37         4   3.51087   4.58800
        37         5   4.81488   3.68446
        37         6   4.64906   4.44467
        37         7   3.76905
        37         8   4.62416   3.42786
        37         9   3.68721   4.72694
        37        10   4.74414   4.41000
        37        11   3.73923
        37        12   3.85147
        37        13   4.52888   1.95672
        37        14   4.78908
        37        15   3.29558   4.36097
        38         0   1.78736   4.45944
        38         1
        38         2   3.35839   1.76961
        38         3
        38         4   3.76905
        38         5   4.64906   4.44467
        38         6   3.68446   4.81488
        38         7   4.58800   3.51087
        38         8   3.73923
        38         9   4.74414   4.41000
        38        10   4.72694   3.68721
        38        11   3.42786   4.62416
        38        12   4.36097   3.29558
        38        13   4.78908
        38        14   1.95672   4.52888
        38        15   3.85147
        39         0
        39         1   4.45944   1.78736
        39         2
        39         3   1.76961   3.35839
        39         4   4.44467   4.64906
        39         5   3.76905
        39         6   3.51087   4.58800
        39         7   4.81488   3.68446
        39         8   4.41000   4.74414
        39         9   3.73923
        39        10   4.62416   3.42786
        39        11   3.68721   4.72694
        39        12   4.78908
        39        13   3.29558   4.36097
        39        14   3.85147
        39        15   4.52888   1.95672
