         0        16   2.05836   4.06158
         0        17   4.41107
         0        18   4.56755   4.29780
         0        19   4.00498   3.27034
         0        20   3.89680   4.81173
         0        21
         0        22   3.87320   2.03521
         0        23
         0        24
         0        25   4.90744   3.63640
         0        26
         0        27   4.79844   4.54888
         0        28   2.08954   3.78027
         0        29   4.43083   4.64052
         0        30   4.63521   1.95571
         0        31   3.73418   4.88552
         0        32   4.41284
         0        33   4.39707   4.69381
         0        34   2.00551   4.54034
         0        35
         0        36   4.19517   2.05478
         0        37   3.94590   4.60557
         0        38   4.72358
         0        39
         0        40   4.70418
         0        41
         1        16   4.41107
         1        17   4.06158   2.05836
         1        18   3.27034   4.00498
         1        19   4.29780   4.56755
         1        20
         1        21   4.81173   3.89680
         1        22
         1        23   2.03521   3.87320
         1        24   3.63640   4.90744
         1        25
         1        26   4.54888   4.79844
         1        27
         1        28   4.43083   4.64052
         1        29   3.78027   2.08954
         1        30   4.88552   3.73418
         1        31   1.95571   4.63521
         1        32   4.39707   4.69381
         1        33   4.41284
         1        34
         1        35   4.54034   2.00551
         1        36   4.60557   3.94590
         1        37   2.05478   4.19517
         1        38
         1        39   4.72358
         1        40
         1        41   4.70418
         2        16   4.41107
         2        17   4.06158   2.05836
         2        18   3.27034   4.00498
         2        19   4.29780   4.56755
         2        20
         2        21   4.81173   3.89680
         2        22
         2        23   3.63640   4.90744
         2        24   2.03521   3.87320
         2        25
         2        26   4.54888   4.79844
         2        27
         2        28   1.95571   4.63521
         2        29   4.88552   3.73418
         2        30   3.78027   2.08954
         2        31   4.64052   4.43083
         2        32   4.54034   2.00551
         2        33
         2        34   4.41284
         2        35   4.69381   4.39707
         2        36   4.60557   3.94590
         2        37   2.05478   4.19517
         2        38   4.70418
         2        39
         2        40   4.72358
         2        41
         3        16   2.05836   4.06158
         3        17   4.41107
         3        18   4.56755   4.29780
         3        19   4.00498   3.27034
         3        20   3.89680   4.81173
         3        21
         3        22   4.90744   3.63640
         3        23
         3        24
         3        25   3.87320   2.03521
         3        26
         3        27   4.79844   4.54888
         3        28   3.73418   4.88552
         3        29   4.63521   1.95571
         3        30   4.64052   4.43083
         3        31   2.08954   3.78027
         3        32
         3        33   2.00551   4.54034
         3        34   4.69381   4.39707
         3        35   4.41284
         3        36   4.19517   2.05478
         3        37   3.94590   4.60557
         3        38
         3        39   4.70418
         3        40
         3        41   4.72358
         4        16   3.60535   4.72340
         4        17
         4        18
         4        19   4.71934   3.73896
         4        20   2.89020   3.65695
         4        21   4.67916   3.99270
         4        22   4.19046   1.93719
         4        23
         4        24   4.67660
         4        25   3.99350
         4        26   4.23161   4.71743
         4        27   3.64254   2.82625
         4        28   4.90022
         4        29
         4        30   4.51112
         4        31
         4        32   4.74668
         4        33   4.01574
         4        34   1.99887   4.20006
         4        35
         4        36   4.37356
         4        37
         4        38   4.28921   1.95090
         4        39   3.95141
         4        40   1.92277   4.16599
         4        41   4.00566
         5        16
         5        17   4.72340   3.60535
         5        18   3.73896   4.71934
         5        19
         5        20   3.99270   4.67916
         5        21   3.65695   2.89020
         5        22
         5        23   1.93719   4.19046
         5        24   3.99350
         5        25   4.67660
         5        26   2.82625   3.64254
         5        27   4.71743   4.23161
         5        28
         5        29   4.90022
         5        30
         5        31   4.51112
         5        32   4.01574
         5        33   4.74668
         5        34
         5        35   4.20006   1.99887
         5        36
         5        37   4.37356
         5        38   3.95141
         5        39   1.95090   4.28921
         5        40   4.00566
         5        41   4.16599   1.92277
         6        16
         6        17   4.72340   3.60535
         6        18   3.73896   4.71934
         6        19
         6        20   3.99270   4.67916
         6        21   3.65695   2.89020
         6        22   4.67660
         6        23   3.99350
         6        24   1.93719   4.19046
         6        25
         6        26   2.82625   3.64254
         6        27   4.71743   4.23161
         6        28   4.51112
         6        29
         6        30   4.90022
         6        31
         6        32   4.20006   1.99887
         6        33
         6        34   4.74668
         6        35   4.01574
         6        36
         6        37   4.37356
         6        38   4.16599   1.92277
         6        39   4.00566
         6        40   1.95090   4.28921
         6        41   3.95141
         7        16   3.60535   4.72340
         7        17
         7        18
         7        19   4.71934   3.73896
         7        20   2.89020   3.65695
         7        21   4.67916   3.99270
         7        22   3.99350
         7        23   4.67660
         7        24
         7        25   4.19046   1.93719
         7        26   4.23161   4.71743
         7        27   3.64254   2.82625
         7        28
         7        29   4.51112
         7        30
         7        31   4.90022
         7        32
         7        33   1.99887   4.20006
         7        34   4.01574
         7        35   4.74668
         7        36   4.37356
         7        37
         7        38   4.00566
         7        39   1.92277   4.16599
         7        40   3.95141
         7        41   4.28921   1.95090
         8        16   3.69199   1.74748
         8        17
         8        18   4.96929
         8        19   4.46545   4.46545
         8        20   4.24558   1.77648
         8        21
         8        22   1.74882   4.10183
         8        23
         8        24
         8        25   1.74882   4.10183
         8        26   4.50361
         8        27   4.46100   4.46100
         8        28   3.67273
         8        29   4.48265
         8        30   4.48265
         8        31   3.67273
         8        32
         8        33   4.16947   3.33772
         8        34   4.16947   3.33772
         8        35
         8        36   2.68147   4.29409
         8        37
         8        38   3.42828   4.97350
         8        39   4.39882
         8        40   4.39882
         8        41   3.42828   4.97350
         9        16
         9        17   1.74748   3.69199
         9        18   4.46545   4.46545
         9        19   4.96929
         9        20
         9        21   1.77648   4.24558
         9        22
         9        23   4.10183   1.74882
         9        24   4.10183   1.74882
         9        25
         9        26   4.46100   4.46100
         9        27   4.50361
         9        28   4.48265
         9        29   3.67273
         9        30   3.67273
         9        31   4.48265
         9        32   3.33772   4.16947
         9        33
         9        34
         9        35   3.33772   4.16947
         9        36
         9        37   4.29409   2.68147
         9        38   4.39882
         9        39   4.97350   3.42828
         9        40   4.97350   3.42828
         9        41   4.39882
        10        16
        10        17   4.39186   4.39186
        10        18   3.77943   1.69777
        10        19
        10        20   4.51060
        10        21   4.57276   4.57276
        10        22
        10        23   4.15849   3.37732
        10        24   4.15849   3.37732
        10        25
        10        26   4.19049   1.77386
        10        27
        10        28   4.03838   4.15000
        10        29   4.09741
        10        30   4.09741
        10        31   4.03838   4.15000
        10        32   1.75083   4.14601
        10        33
        10        34
        10        35   1.75083   4.14601
        10        36   3.74564
        10        37
        10        38   3.46272
        10        39   4.59475
        10        40   4.59475
        10        41   3.46272
        11        16   4.39186   4.39186
        11        17
        11        18
        11        19   1.69777   3.77943
        11        20   4.57276   4.57276
        11        21   4.51060
        11        22   3.37732   4.15849
        11        23
        11        24
        11        25   3.37732   4.15849
        11        26
        11        27   1.77386   4.19049
        11        28   4.09741
        11        29   4.15000   4.03838
        11        30   4.15000   4.03838
        11        31   4.09741
        11        32
        11        33   4.14601   1.75083
        11        34   4.14601   1.75083
        11        35
        11        36
        11        37   3.74564
        11        38   4.59475
        11        39   3.46272
        11        40   3.46272
        11        41   4.59475
        12        16   4.30728
        12        17
        12        18   4.29465
        12        19
        12        20   4.10684   1.74490
        12        21   4.44651   4.44651
        12        22   3.47808
        12        23   4.46116
        12        24   4.46116
        12        25   3.47808
        12        26   4.19350   1.75828
        12        27   4.54439   4.54439
        12        28
        12        29
        12        30
        12        31
        12        32   3.50014
        12        33   4.62836
        12        34   4.62836
        12        35   3.50014
        12        36
        12        37
        12        38   1.73468   4.12787
        12        39   4.10325   3.41374
        12        40   4.10325   3.41374
        12        41   1.73468   4.12787
        13        16
        13        17   4.30728
        13        18
        13        19   4.29465
        13        20   4.44651   4.44651
        13        21   1.74490   4.10684
        13        22   4.46116
        13        23   3.47808
        13        24   3.47808
        13        25   4.46116
        13        26   4.54439   4.54439
        13        27   1.75828   4.19350
        13        28
        13        29
        13        30
        13        31
        13        32   4.62836
        13        33   3.50014
        13        34   3.50014
        13        35   4.62836
        13        36
        13        37
        13        38   3.41374   4.10325
        13        39   4.12787   1.73468
        13        40   4.12787   1.73468
        13        41   3.41374   4.10325
        14        16   4.30236   2.45176
        14        17
        14        18   1.72966   4.82748
        14        19   4.73942   4.73942
        14        20   4.85174
        14        21
        14        22   3.68350
        14        23   4.04824
        14        24   4.04824
        14        25   3.68350
        14        26   4.36957
        14        27
        14        28   4.23170   1.75293
        14        29   3.36601   4.04647
        14        30   3.36601   4.04647
        14        31   4.23170   1.75293
        14        32   4.06756   3.86271
        14        33   4.45314
        14        34   4.45314
        14        35   4.06756   3.86271
        14        36   1.74008   3.51494
        14        37   4.32356   4.32356
        14        38
        14        39
        14        40
        14        41
        15        16
        15        17   2.45176   4.30236
        15        18   4.73942   4.73942
        15        19   4.82748   1.72966
        15        20
        15        21   4.85174
        15        22   4.04824
        15        23   3.68350
        15        24   3.68350
        15        25   4.04824
        15        26
        15        27   4.36957
        15        28   4.04647   3.36601
        15        29   1.75293   4.23170
        15        30   1.75293   4.23170
        15        31   4.04647   3.36601
        15        32   4.45314
        15        33   3.86271   4.06756
        15        34   3.86271   4.06756
        15        35   4.45314
        15        36   4.32356   4.32356
        15        37   3.51494   1.74008
        15        38
        15        39
        15        40
        15        41
        16         0   4.06158   2.05836
        16         1   4.41107
        16         2   4.41107
        16         3   4.06158   2.05836
        16         4   4.72340   3.60535
        16         5
        16         6
        16         7   4.72340   3.60535
        16         8   1.74748   3.69199
        16         9
        16        10
        16        11   4.39186   4.39186
        16        12   4.30728
        16        13
        16        14   2.45176   4.30236
        16        15
        17         0   4.41107
        17         1   2.05836   4.06158
        17         2   2.05836   4.06158
        17         3   4.41107
        17         4
        17         5   3.60535   4.72340
        17         6   3.60535   4.72340
        17         7
        17         8
        17         9   3.69199   1.74748
        17        10   4.39186   4.39186
        17        11
        17        12
        17        13   4.30728
        17        14
        17        15   4.30236   2.45176
        18         0   4.29780   4.56755
        18         1   4.00498   3.27034
        18         2   4.00498   3.27034
        18         3   4.29780   4.56755
        18         4
        18         5   4.71934   3.73896
        18         6   4.71934   3.73896
        18         7
        18         8   4.96929
        18         9   4.46545   4.46545
        18        10   1.69777   3.77943
        18        11
        18        12   4.29465
        18        13
        18        14   4.82748   1.72966
        18        15   4.73942   4.73942
        19         0   3.27034   4.00498
        19         1   4.56755   4.29780
        19         2   4.56755   4.29780
        19         3   3.27034   4.00498
        19         4   3.73896   4.71934
        19         5
        19         6
        19         7   3.73896   4.71934
        19         8   4.46545   4.46545
        19         9   4.96929
        19        10
        19        11   3.77943   1.69777
        19        12
        19        13   4.29465
        19        14   4.73942   4.73942
        19        15   1.72966   4.82748
        20         0   4.81173   3.89680
        20         1
        20         2
        20         3   4.81173   3.89680
        20         4   3.65695   2.89020
        20         5   4.67916   3.99270
        20         6   4.67916   3.99270
        20         7   3.65695   2.89020
        20         8   1.77648   4.24558
        20         9
        20        10   4.51060
        20        11   4.57276   4.57276
        20        12   1.74490   4.10684
        20        13   4.44651   4.44651
        20        14   4.85174
        20        15
        21         0
        21         1   3.89680   4.81173
        21         2   3.89680   4.81173
        21         3
        21         4   3.99270   4.67916
        21         5   2.89020   3.65695
        21         6   2.89020   3.65695
        21         7   3.99270   4.67916
        21         8
        21         9   4.24558   1.77648
        21        10   4.57276   4.57276
        21        11   4.51060
        21        12   4.44651   4.44651
        21        13   4.10684   1.74490
        21        14
        21        15   4.85174
        22         0   2.03521   3.87320
        22         1
        22         2
        22         3   3.63640   4.90744
        22         4   1.93719   4.19046
        22         5
        22         6   4.67660
        22         7   3.99350
        22         8   4.10183   1.74882
        22         9
        22        10
        22        11   4.15849   3.37732
        22        12   3.47808
        22        13   4.46116
        22        14   3.68350
        22        15   4.04824
        23         0
        23         1   3.87320   2.03521
        23         2   4.90744   3.63640
        23         3
        23         4
        23         5   4.19046   1.93719
        23         6   3.99350
        23         7   4.67660
        23         8
        23         9   1.74882   4.10183
        23        10   3.37732   4.15849
        23        11
        23        12   4.46116
        23        13   3.47808
        23        14   4.04824
        23        15   3.68350
        24         0
        24         1   4.90744   3.63640
        24         2   3.87320   2.03521
        24         3
        24         4   4.67660
        24         5   3.99350
        24         6   4.19046   1.93719
        24         7
        24         8
        24         9   1.74882   4.10183
        24        10   3.37732   4.15849
        24        11
        24        12   4.46116
        24        13   3.47808
        24        14   4.04824
        24        15   3.68350
        25         0   3.63640   4.90744
        25         1
        25         2
        25         3   2.03521   3.87320
        25         4   3.99350
        25         5   4.67660
        25         6
        25         7   1.93719   4.19046
        25         8   4.10183   1.74882
        25         9
        25        10
        25        11   4.15849   3.37732
        25        12   3.47808
        25        13   4.46116
        25        14   3.68350
        25        15   4.04824
        26         0
        26         1   4.79844   4.54888
        26         2   4.79844   4.54888
        26         3
        26         4   4.71743   4.23161
        26         5   3.64254   2.82625
        26         6   3.64254   2.82625
        26         7   4.71743   4.23161
        26         8   4.50361
        26         9   4.46100   4.46100
        26        10   1.77386   4.19049
        26        11
        26        12   1.75828   4.19350
        26        13   4.54439   4.54439
        26        14   4.36957
        26        15
        27         0   4.54888   4.79844
        27         1
        27         2
        27         3   4.54888   4.79844
        27         4   2.82625   3.64254
        27         5   4.23161   4.71743
        27         6   4.23161   4.71743
        27         7   2.82625   3.64254
        27         8   4.46100   4.46100
        27         9   4.50361
        27        10
        27        11   4.19049   1.77386
        27        12   4.54439   4.54439
        27        13   4.19350   1.75828
        27        14
        27        15   4.36957
        28         0   3.78027   2.08954
        28         1   4.64052   4.43083
        28         2   4.63521   1.95571
        28         3   4.88552   3.73418
        28         4   4.90022
        28         5
        28         6   4.51112
        28         7
        28         8   3.67273
        28         9   4.48265
        28        10   4.15000   4.03838
        28        11   4.09741
        28        12
        28        13
        28        14   1.75293   4.23170
        28        15   3.36601   4.04647
        29         0   4.64052   4.43083
        29         1   2.08954   3.78027
        29         2   3.73418   4.88552
        29         3   1.95571   4.63521
        29         4
        29         5   4.90022
        29         6
        29         7   4.51112
        29         8   4.48265
        29         9   3.67273
        29        10   4.09741
        29        11   4.03838   4.15000
        29        12
        29        13
        29        14   4.04647   3.36601
        29        15   4.23170   1.75293
        30         0   1.95571   4.63521
        30         1   3.73418   4.88552
        30         2   2.08954   3.78027
        30         3   4.43083   4.64052
        30         4   4.51112
        30         5
        30         6   4.90022
        30         7
        30         8   4.48265
        30         9   3.67273
        30        10   4.09741
        30        11   4.03838   4.15000
        30        12
        30        13
        30        14   4.04647   3.36601
        30        15   4.23170   1.75293
        31         0   4.88552   3.73418
        31         1   4.63521   1.95571
        31         2   4.43083   4.64052
        31         3   3.78027   2.08954
        31         4
        31         5   4.51112
        31         6
        31         7   4.90022
        31         8   3.67273
        31         9   4.48265
        31        10   4.15000   4.03838
        31        11   4.09741
        31        12
        31        13
        31        14   1.75293   4.23170
        31        15   3.36601   4.04647
        32         0   4.41284
        32         1   4.69381   4.39707
        32         2   2.00551   4.54034
        32         3
        32         4   4.74668
        32         5   4.01574
        32         6   1.99887   4.20006
        32         7
        32         8
        32         9   4.16947   3.33772
        32        10   4.14601   1.75083
        32        11
        32        12   3.50014
        32        13   4.62836
        32        14   3.86271   4.06756
        32        15   4.45314
        33         0   4.69381   4.39707
        33         1   4.41284
        33         2
        33         3   4.54034   2.00551
        33         4   4.01574
        33         5   4.74668
        33         6
        33         7   4.20006   1.99887
        33         8   3.33772   4.16947
        33         9
        33        10
        33        11   1.75083   4.14601
        33        12   4.62836
        33        13   3.50014
        33        14   4.45314
        33        15   4.06756   3.86271
        34         0   4.54034   2.00551
        34         1
        34         2   4.41284
        34         3   4.39707   4.69381
        34         4   4.20006   1.99887
        34         5
        34         6   4.74668
        34         7   4.01574
        34         8   3.33772   4.16947
        34         9
        34        10
        34        11   1.75083   4.14601
        34        12   4.62836
        34        13   3.50014
        34        14   4.45314
        34        15   4.06756   3.86271
        35         0
        35         1   2.00551   4.54034
        35         2   4.39707   4.69381
        35         3   4.41284
        35         4
        35         5   1.99887   4.20006
        35         6   4.01574
        35         7   4.74668
        35         8
        35         9   4.16947   3.33772
        35        10   4.14601   1.75083
        35        11
        35        12   3.50014
        35        13   4.62836
        35        14   3.86271   4.06756
        35        15   4.45314
        36         0   2.05478   4.19517
        36         1   3.94590   4.60557
        36         2   3.94590   4.60557
        36         3   2.05478   4.19517
        36         4   4.37356
        36         5
        36         6
        36         7   4.37356
        36         8   4.29409   2.68147
        36         9
        36        10   3.74564
        36        11
        36        12
        36        13
        36        14   3.51494   1.74008
        36        15   4.32356   4.32356
        37         0   4.60557   3.94590
        37         1   4.19517   2.05478
        37         2   4.19517   2.05478
        37         3   4.60557   3.94590
        37         4
        37         5   4.37356
        37         6   4.37356
        37         7
        37         8
        37         9   2.68147   4.29409
        37        10
        37        11   3.74564
        37        12
        37        13
        37        14   4.32356   4.32356
        37        15   1.74008   3.51494
        38         0   4.72358
        38         1
        38         2   4.70418
        38         3
        38         4   1.95090   4.28921
        38         5   3.95141
        38         6   1.92277   4.16599
        38         7   4.00566
        38         8   4.97350   3.42828
        38         9   4.39882
        38        10   3.46272
        38        11   4.59475
        38        12   4.12787   1.73468
        38        13   4.10325   3.41374
        38        14
        38        15
        39         0
        39         1   4.72358
        39         2
        39         3   4.70418
        39         4   3.95141
        39         5   4.28921   1.95090
        39         6   4.00566
        39         7   4.16599   1.92277
        39         8   4.39882
        39         9   3.42828   4.97350
        39        10   4.59475
        39        11   3.46272
        39        12   3.41374   4.10325
        39        13   1.73468   4.12787
        39        14
        39        15
        40         0   4.70418
        40         1
        40         2   4.72358
        40         3
        40         4   4.16599   1.92277
        40         5   4.00566
        40         6   4.28921   1.95090
        40         7   3.95141
        40         8   4.39882
        40         9   3.42828   4.97350
        40        10   4.59475
        40        11   3.46272
        40        12   3.41374   4.10325
        40        13   1.73468   4.12787
        40        14
        40        15
        41         0
        41         1   4.70418
        41         2
        41         3   4.72358
        41         4   4.00566
        41         5   1.92277   4.16599
        41         6   3.95141
        41         7   1.95090   4.28921
        41         8   4.97350   3.42828
        41         9   4.39882
        41        10   3.46272
        41        11   4.59475
        41        12   4.12787   1.73468
        41        13   4.10325   3.41374
        41        14
        41        15
