         0        16   2.06045   4.05972
         0        17   4.41281
         0        18   4.57273   4.29559
         0        19   4.00162   3.27511
         0        20   3.89538   4.80487
         0        21
         0        22   3.87544   2.03534
         0        23
         0        24
         0        25   4.90816   3.63505
         0        26
         0        27   4.80004   4.55162
         0        28   2.09337   3.78116
         0        29   4.42817   4.64561
         0        30   4.63598   1.95779
         0        31   3.73353   4.88407
         0        32   4.41086
         0        33   4.39487   4.69783
         0        34   2.00648   4.53836
         0        35
         0        36   4.19965   2.05420
         0        37   3.94534   4.60855
         0        38   4.72113
         0        39
         0        40   4.70521
         0        41
         1        16   4.41281
         1        17   4.05972   2.06045
         1        18   3.27511   4.00162
         1        19   4.29559   4.57273
         1        20
         1        21   4.80487   3.89538
         1        22
         1        23   2.03534   3.87544
         1        24   3.63505   4.90816
         1        25
         1        26   4.55162   4.80004
         1        27
         1        28   4.42817   4.64561
         1        29   3.78116   2.09337
         1        30   4.88407   3.73353
         1        31   1.95779   4.63598
         1        32   4.39487   4.69783
         1        33   4.41086
         1        34
         1        35   4.53836   2.00648
         1        36   4.60855   3.94534
         1        37   2.05420   4.19965
         1        38
         1        39   4.72113
         1        40
         1        41   4.70521
         2        16   4.41281
         2        17   4.05972   2.06045
         2        18   3.27511   4.00162
         2        19   4.29559   4.57273
         2        20
         2        21   4.80487   3.89538
         2        22
         2        23   3.63505   4.90816
         2        24   2.03534   3.87544
         2        25
         2        26   4.55162   4.80004
         2        27
         2        28   1.95779   4.63598
         2        29   4.88407   3.73353
         2        30   3.78116   2.09337
         2        31   4.64561   4.42817
         2        32   4.53836   2.00648
         2        33
         2        34   4.41086
         2        35   4.69783   4.39487
         2        36   4.60855   3.94534
         2        37   2.05420   4.19965
         2        38   4.70521
         2        39
         2        40   4.72113
         2        41
         3        16   2.06045   4.05972
         3        17   4.41281
         3        18   4.57273   4.29559
         3        19   4.00162   3.27511
         3        20   3.89538   4.80487
         3        21
         3        22   4.90816   3.63505
         3        23
         3        24
         3        25   3.87544   2.03534
         3        26
         3        27   4.80004   4.55162
         3        28   3.73353   4.88407
         3        29   4.63598   1.95779
         3        30   4.64561   4.42817
         3        31   2.09337   3.78116
         3        32
         3        33   2.00648   4.53836
         3        34   4.69783   4.39487
         3        35   4.41086
         3        36   4.19965   2.05420
         3        37   3.94534   4.60855
         3        38
         3        39   4.70521
         3        40
         3        41   4.72113
         4        16   3.60829   4.72357
         4        17
         4        18
         4        19   4.71570   3.74269
         4        20   2.89518   3.65394
         4        21   4.67967   3.99759
         4        22   4.19246   1.93826
         4        23
         4        24   4.67556
         4        25   3.99311
         4        26   4.23215   4.71469
         4        27   3.64168   2.82759
         4        28   4.90474
         4        29
         4        30   4.51051
         4        31
         4        32   4.75014
         4        33   4.01545
         4        34   2.00443   4.20059
         4        35
         4        36   4.37596
         4        37
         4        38   4.29287   1.94864
         4        39   3.95082
         4        40   1.92239   4.16867
         4        41   4.00550
         5        16
         5        17   4.72357   3.60829
         5        18   3.74269   4.71570
         5        19
         5        20   3.99759   4.67967
         5        21   3.65394   2.89518
         5        22
         5        23   1.93826   4.19246
         5        24   3.99311
         5        25   4.67556
         5        26   2.82759   3.64168
         5        27   4.71469   4.23215
         5        28
         5        29   4.90474
         5        30
         5        31   4.51051
         5        32   4.01545
         5        33   4.75014
         5        34
         5        35   4.20059   2.00443
         5        36
         5        37   4.37596
         5        38   3.95082
         5        39   1.94864   4.29287
         5        40   4.00550
         5        41   4.16867   1.92239
         6        16
         6        17   4.72357   3.60829
         6        18   3.74269   4.71570
         6        19
         6        20   3.99759   4.67967
         6        21   3.65394   2.89518
         6        22   4.67556
         6        23   3.99311
         6        24   1.93826   4.19246
         6        25
         6        26   2.82759   3.64168
         6        27   4.71469   4.23215
         6        28   4.51051
         6        29
         6        30   4.90474
         6        31
         6        32   4.20059   2.00443
         6        33
         6        34   4.75014
         6        35   4.01545
         6        36
         6        37   4.37596
         6        38   4.16867   1.92239
         6        39   4.00550
         6        40   1.94864   4.29287
         6        41   3.95082
         7        16   3.60829   4.72357
         7        17
         7        18
         7        19   4.71570   3.74269
         7        20   2.89518   3.65394
         7        21   4.67967   3.99759
         7        22   3.99311
         7        23   4.67556
         7        24
         7        25   4.19246   1.93826
         7        26   4.23215   4.71469
         7        27   3.64168   2.82759
         7        28
         7        29   4.51051
         7        30
         7        31   4.90474
         7        32
         7        33   2.00443   4.20059
         7        34   4.01545
         7        35   4.75014
         7        36   4.37596
         7        37
         7        38   4.00550
         7        39   1.92239   4.16867
         7        40   3.95082
         7        41   4.29287   1.94864
         8        16   3.69462   1.74551
         8        17
         8        18   4.96890
         8        19   4.46607   4.46607
         8        20   4.24996   1.77076
         8        21
         8        22   1.74739   4.10172
         8        23
         8        24
         8        25   1.74739   4.10172
         8        26   4.50200
         8        27   4.46355   4.46355
         8        28   3.67261
         8        29   4.48322
         8        30   4.48322
         8        31   3.67261
         8        32
         8        33   4.17478   3.34069
         8        34   4.17478   3.34069
         8        35
         8        36   2.68320   4.29294
         8        37
         8        38   3.42922   4.97178
         8        39   4.40264
         8        40   4.40264
         8        41   3.42922   4.97178
         9        16
         9        17   1.74551   3.69462
         9        18   4.46607   4.46607
         9        19   4.96890
         9        20
         9        21   1.77076   4.24996
         9        22
         9        23   4.10172   1.74739
         9        24   4.10172   1.74739
         9        25
         9        26   4.46355   4.46355
         9        27   4.50200
         9        28   4.48322
         9        29   3.67261
         9        30   3.67261
         9        31   4.48322
         9        32   3.34069   4.17478
         9        33
         9        34
         9        35   3.34069   4.17478
         9        36
         9        37   4.29294   2.68320
         9        38   4.40264
         9        39   4.97178   3.42922
         9        40   4.97178   3.42922
         9        41   4.40264
        10        16
        10        17   4.39294   4.39294
        10        18   3.78542   1.69374
        10        19
        10        20   4.51545
        10        21   4.57256   4.57256
        10        22
        10        23   4.16014   3.38170
        10        24   4.16014   3.38170
        10        25
        10        26   4.19275   1.77622
        10        27
        10        28   4.03566   4.14712
        10        29   4.10251
        10        30   4.10251
        10        31   4.03566   4.14712
        10        32   1.74655   4.14956
        10        33
        10        34
        10        35   1.74655   4.14956
        10        36   3.74428
        10        37
        10        38   3.46434
        10        39   4.59771
        10        40   4.59771
        10        41   3.46434
        11        16   4.39294   4.39294
        11        17
        11        18
        11        19   1.69374   3.78542
        11        20   4.57256   4.57256
        11        21   4.51545
        11        22   3.38170   4.16014
        11        23
        11        24
        11        25   3.38170   4.16014
        11        26
        11        27   1.77622   4.19275
        11        28   4.10251
        11        29   4.14712   4.03566
        11        30   4.14712   4.03566
        11        31   4.10251
        11        32
        11        33   4.14956   1.74655
        11        34   4.14956   1.74655
        11        35
        11        36
        11        37   3.74428
        11        38   4.59771
        11        39   3.46434
        11        40   3.46434
        11        41   4.59771
        12        16   4.30788
        12        17
        12        18   4.29345
        12        19
        12        20   4.11172   1.74763
        12        21   4.44936   4.44936
        12        22   3.47583
        12        23   4.46384
        12        24   4.46384
        12        25   3.47583
        12        26   4.19389   1.75632
        12        27   4.54509   4.54509
        12        28
        12        29
        12        30
        12        31
        12        32   3.50084
        12        33   4.63378
        12        34   4.63378
        12        35   3.50084
        12        36
        12        37
        12        38   1.73480   4.12833
        12        39   4.10164   3.41825
        12        40   4.10164   3.41825
        12        41   1.73480   4.12833
        13        16
        13        17   4.30788
        13        18
        13        19   4.29345
        13        20   4.44936   4.44936
        13        21   1.74763   4.11172
        13        22   4.46384
        13        23   3.47583
        13        24   3.47583
        13        25   4.46384
        13        26   4.54509   4.54509
        13        27   1.75632   4.19389
        13        28
        13        29
        13        30
        13        31
        13        32   4.63378
        13        33   3.50084
        13        34   3.50084
        13        35   4.63378
        13        36
        13        37
        13        38   3.41825   4.10164
        13        39   4.12833   1.73480
        13        40   4.12833   1.73480
        13        41   3.41825   4.10164
        14        16   4.30598   2.45180
        14        17
        14        18   1.73001   4.82240
        14        19   4.74051   4.74051
        14        20   4.84764
        14        21
        14        22   3.68523
        14        23   4.05111
        14        24   4.05111
        14        25   3.68523
        14        26   4.37139
        14        27
        14        28   4.23217   1.74935
        14        29   3.36998   4.05190
        14        30   3.36998   4.05190
        14        31   4.23217   1.74935
        14        32   4.06223   3.86095
        14        33   4.45394
        14        34   4.45394
        14        35   4.06223   3.86095
        14        36   1.74284   3.51292
        14        37   4.32525   4.32525
        14        38
        14        39
        14        40
        14        41
        15        16
        15        17   2.45180   4.30598
        15        18   4.74051   4.74051
        15        19   4.82240   1.73001
        15        20
        15        21   4.84764
        15        22   4.05111
        15        23   3.68523
        15        24   3.68523
        15        25   4.05111
        15        26
        15        27   4.37139
        15        28   4.05190   3.36998
        15        29   1.74935   4.23217
        15        30   1.74935   4.23217
        15        31   4.05190   3.36998
        15        32   4.45394
        15        33   3.86095   4.06223
        15        34   3.86095   4.06223
        15        35   4.45394
        15        36   4.32525   4.32525
        15        37   3.51292   1.74284
        15        38
        15        39
        15        40
        15        41
        16         0   4.05972   2.06045
        16         1   4.41281
        16         2   4.41281
        16         3   4.05972   2.06045
        16         4   4.72357   3.60829
        16         5
        16         6
        16         7   4.72357   3.60829
        16         8   1.74551   3.69462
        16         9
        16        10
        16        11   4.39294   4.39294
        16        12   4.30788
        16        13
        16        14   2.45180   4.30598
        16        15
        17         0   4.41281
        17         1   2.06045   4.05972
        17         2   2.06045   4.05972
        17         3   4.41281
        17         4
        17         5   3.60829   4.72357
        17         6   3.60829   4.72357
        17         7
        17         8
        17         9   3.69462   1.74551
        17        10   4.39294   4.39294
        17        11
        17        12
        17        13   4.30788
        17        14
        17        15   4.30598   2.45180
        18         0   4.29559   4.57273
        18         1   4.00162   3.27511
        18         2   4.00162   3.27511
        18         3   4.29559   4.57273
        18         4
        18         5   4.71570   3.74269
        18         6   4.71570   3.74269
        18         7
        18         8   4.96890
        18         9   4.46607   4.46607
        18        10   1.69374   3.78542
        18        11
        18        12   4.29345
        18        13
        18        14   4.82240   1.73001
        18        15   4.74051   4.74051
        19         0   3.27511   4.00162
        19         1   4.57273   4.29559
        19         2   4.57273   4.29559
        19         3   3.27511   4.00162
        19         4   3.74269   4.71570
        19         5
        19         6
        19         7   3.74269   4.71570
        19         8   4.46607   4.46607
        19         9   4.96890
        19        10
        19        11   3.78542   1.69374
        19        12
        19        13   4.29345
        19        14   4.74051   4.74051
        19        15   1.73001   4.82240
        20         0   4.80487   3.89538
        20         1
        20         2
        20         3   4.80487   3.89538
        20         4   3.65394   2.89518
        20         5   4.67967   3.99759
        20         6   4.67967   3.99759
        20         7   3.65394   2.89518
        20         8   1.77076   4.24996
        20         9
        20        10   4.51545
        20        11   4.57256   4.57256
        20        12   1.74763   4.11172
        20        13   4.44936   4.44936
        20        14   4.84764
        20        15
        21         0
        21         1   3.89538   4.80487
        21         2   3.89538   4.80487
        21         3
        21         4   3.99759   4.67967
        21         5   2.89518   3.65394
        21         6   2.89518   3.65394
        21         7   3.99759   4.67967
        21         8
        21         9   4.24996   1.77076
        21        10   4.57256   4.57256
        21        11   4.51545
        21        12   4.44936   4.44936
        21        13   4.11172   1.74763
        21        14
        21        15   4.84764
        22         0   2.03534   3.87544
        22         1
        22         2
        22         3   3.63505   4.90816
        22         4   1.93826   4.19246
        22         5
        22         6   4.67556
        22         7   3.99311
        22         8   4.10172   1.74739
        22         9
        22        10
        22        11   4.16014   3.38170
        22        12   3.47583
        22        13   4.46384
        22        14   3.68523
        22        15   4.05111
        23         0
        23         1   3.87544   2.03534
        23         2   4.90816   3.63505
        23         3
        23         4
        23         5   4.19246   1.93826
        23         6   3.99311
        23         7   4.67556
        23         8
        23         9   1.74739   4.10172
        23        10   3.38170   4.16014
        23        11
        23        12   4.46384
        23        13   3.47583
        23        14   4.05111
        23        15   3.68523
        24         0
        24         1   4.90816   3.63505
        24         2   3.87544   2.03534
        24         3
        24         4   4.67556
        24         5   3.99311
        24         6   4.19246   1.93826
        24         7
        24         8
        24         9   1.74739   4.10172
        24        10   3.38170   4.16014
        24        11
        24        12   4.46384
        24        13   3.47583
        24        14   4.05111
        24        15   3.68523
        25         0   3.63505   4.90816
        25         1
        25         2
        25         3   2.03534   3.87544
        25         4   3.99311
        25         5   4.67556
        25         6
        25         7   1.93826   4.19246
        25         8   4.10172   1.74739
        25         9
        25        10
        25        11   4.16014   3.38170
        25        12   3.47583
        25        13   4.46384
        25        14   3.68523
        25        15   4.05111
        26         0
        26         1   4.80004   4.55162
        26         2   4.80004   4.55162
        26         3
        26         4   4.71469   4.23215
        26         5   3.64168   2.82759
        26         6   3.64168   2.82759
        26         7   4.71469   4.23215
        26         8   4.50200
        26         9   4.46355   4.46355
        26        10   1.77622   4.19275
        26        11
        26        12   1.75632   4.19389
        26        13   4.54509   4.54509
        26        14   4.37139
        26        15
        27         0   4.55162   4.80004
        27         1
        27         2
        27         3   4.55162   4.80004
        27         4   2.82759   3.64168
        27         5   4.23215   4.71469
        27         6   4.23215   4.71469
        27         7   2.82759   3.64168
        27         8   4.46355   4.46355
        27         9   4.50200
        27        10
        27        11   4.19275   1.77622
        27        12   4.54509   4.54509
        27        13   4.19389   1.75632
        27        14
        27        15   4.37139
        28         0   3.78116   2.09337
        28         1   4.64561   4.42817
        28         2   4.63598   1.95779
        28         3   4.88407   3.73353
        28         4   4.90474
        28         5
        28         6   4.51051
        28         7
        28         8   3.67261
        28         9   4.48322
        28        10   4.14712   4.03566
        28        11   4.10251
        28        12
        28        13
        28        14   1.74935   4.23217
        28        15   3.36998   4.05190
        29         0   4.64561   4.42817
        29         1   2.09337   3.78116
        29         2   3.73353   4.88407
        29         3   1.95779   4.63598
        29         4
        29         5   4.90474
        29         6
        29         7   4.51051
        29         8   4.48322
        29         9   3.67261
        29        10   4.10251
        29        11   4.03566   4.14712
        29        12
        29        13
        29        14   4.05190   3.36998
        29        15   4.23217   1.74935
        30         0   1.95779   4.63598
        30         1   3.73353   4.88407
        30         2   2.09337   3.78116
        30         3   4.42817   4.64561
        30         4   4.51051
        30         5
        30         6   4.90474
        30         7
        30         8   4.48322
        30         9   3.67261
        30        10   4.10251
        30        11   4.03566   4.14712
        30        12
        30        13
        30        14   4.05190   3.36998
        30        15   4.23217   1.74935
        31         0   4.88407   3.73353
        31         1   4.63598   1.95779
        31         2   4.42817   4.64561
        31         3   3.78116   2.09337
        31         4
        31         5   4.51051
        31         6
        31         7   4.90474
        31         8   3.67261
        31         9   4.48322
        31        10   4.14712   4.03566
        31        11   4.10251
        31        12
        31        13
        31        14   1.74935   4.23217
        31        15   3.36998   4.05190
        32         0   4.41086
        32         1   4.69783   4.39487
        32         2   2.00648   4.53836
        32         3
        32         4   4.75014
        32         5   4.01545
        32         6   2.00443   4.20059
        32         7
        32         8
        32         9   4.17478   3.34069
        32        10   4.14956   1.74655
        32        11
        32        12   3.50084
        32        13   4.63378
        32        14   3.86095   4.06223
        32        15   4.45394
        33         0   4.69783   4.39487
        33         1   4.41086
        33         2
        33         3   4.53836   2.00648
        33         4   4.01545
        33         5   4.75014
        33         6
        33         7   4.20059   2.00443
        33         8   3.34069   4.17478
        33         9
        33        10
        33        11   1.74655   4.14956
        33        12   4.63378
        33        13   3.50084
        33        14   4.45394
        33        15   4.06223   3.86095
        34         0   4.53836   2.00648
        34         1
        34         2   4.41086
        34         3   4.39487   4.69783
        34         4   4.20059   2.00443
        34         5
        34         6   4.75014
        34         7   4.01545
        34         8   3.34069   4.17478
        34         9
        34        10
        34        11   1.74655   4.14956
        34        12   4.63378
        34        13   3.50084
        34        14   4.45394
        34        15   4.06223   3.86095
        35         0
        35         1   2.00648   4.53836
        35         2   4.39487   4.69783
        35         3   4.41086
        35         4
        35         5   2.00443   4.20059
        35         6   4.01545
        35         7   4.75014
        35         8
        35         9   4.17478   3.34069
        35        10   4.14956   1.74655
        35        11
        35        12   3.50084
        35        13   4.63378
        35        14   3.86095   4.06223
        35        15   4.45394
        36         0   2.05420   4.19965
        36         1   3.94534   4.60855
        36         2   3.94534   4.60855
        36         3   2.05420   4.19965
        36         4   4.37596
        36         5
        36         6
        36         7   4.37596
        36         8   4.29294   2.68320
        36         9
        36        10   3.74428
        36        11
        36        12
        36        13
        36        14   3.51292   1.74284
        36        15   4.32525   4.32525
        37         0   4.60855   3.94534
        37         1   4.19965   2.05420
        37         2   4.19965   2.05420
        37         3   4.60855   3.94534
        37         4
        37         5   4.37596
        37         6   4.37596
        37         7
        37         8
        37         9   2.68320   4.29294
        37        10
        37        11   3.74428
        37        12
        37        13
        37        14   4.32525   4.32525
        37        15   1.74284   3.51292
        38         0   4.72113
        38         1
        38         2   4.70521
        38         3
        38         4   1.94864   4.29287
        38         5   3.95082
        38         6   1.92239   4.16867
        38         7   4.00550
        38         8   4.97178   3.42922
        38         9   4.40264
        38        10   3.46434
        38        11   4.59771
        38        12   4.12833   1.73480
        38        13   4.10164   3.41825
        38        14
        38        15
        39         0
        39         1   4.72113
        39         2
        39         3   4.70521
        39         4   3.95082
        39         5   4.29287   1.94864
        39         6   4.00550
        39         7   4.16867   1.92239
        39         8   4.40264
        39         9   3.42922   4.97178
        39        10   4.59771
        39        11   3.46434
        39        12   3.41825   4.10164
        39        13   1.73480   4.12833
        39        14
        39        15
        40         0   4.70521
        40         1
        40         2   4.72113
        40         3
        40         4   4.16867   1.92239
        40         5   4.00550
        40         6   4.29287   1.94864
        40         7   3.95082
        40         8   4.40264
        40         9   3.42922   4.97178
        40        10   4.59771
        40        11   3.46434
        40        12   3.41825   4.10164
        40        13   1.73480   4.12833
        40        14
        40        15
        41         0
        41         1   4.70521
        41         2
        41         3   4.72113
        41         4   4.00550
        41         5   1.92239   4.16867
        41         6   3.95082
        41         7   1.94864   4.29287
        41         8   4.97178   3.42922
        41         9   4.40264
        41        10   3.46434
        41        11   4.59771
        41        12   4.12833   1.73480
        41        13   4.10164   3.41825
        41        14
        41        15
