         0        16   2.05911   4.06644
         0        17   4.42265
         0        18   4.56458   4.29799
         0        19   4.00403   3.26837
         0        20   3.89383   4.80705
         0        21
         0        22   3.87631   2.03684
         0        23
         0        24
         0        25   4.90845   3.63537
         0        26
         0        27   4.80155   4.55503
         0        28   2.08878   3.78290
         0        29   4.42935   4.63961
         0        30   4.63495   1.95516
         0        31   3.73330   4.88722
         0        32   4.40873
         0        33   4.39197   4.69411
         0        34   2.00373   4.53392
         0        35
         0        36   4.19500   2.05299
         0        37   3.94612   4.60894
         0        38   4.72315
         0        39
         0        40   4.70396
         0        41
         1        16   4.42265
         1        17   4.06644   2.05911
         1        18   3.26837   4.00403
         1        19   4.29799   4.56458
         1        20
         1        21   4.80705   3.89383
         1        22
         1        23   2.03684   3.87631
         1        24   3.63537   4.90845
         1        25
         1        26   4.55503   4.80155
         1        27
         1        28   4.42935   4.63961
         1        29   3.78290   2.08878
         1        30   4.88722   3.73330
         1        31   1.95516   4.63495
         1        32   4.39197   4.69411
         1        33   4.40873
         1        34
         1        35   4.53392   2.00373
         1        36   4.60894   3.94612
         1        37   2.05299   4.19500
         1        38
         1        39   4.72315
         1        40
         1        41   4.70396
         2        16   4.42265
         2        17   4.06644   2.05911
         2        18   3.26837   4.00403
         2        19   4.29799   4.56458
         2        20
         2        21   4.80705   3.89383
         2        22
         2        23   3.63537   4.90845
         2        24   2.03684   3.87631
         2        25
         2        26   4.55503   4.80155
         2        27
         2        28   1.95516   4.63495
         2        29   4.88722   3.73330
         2        30   3.78290   2.08878
         2        31   4.63961   4.42935
         2        32   4.53392   2.00373
         2        33
         2        34   4.40873
         2        35   4.69411   4.39197
         2        36   4.60894   3.94612
         2        37   2.05299   4.19500
         2        38   4.70396
         2        39
         2        40   4.72315
         2        41
         3        16   2.05911   4.06644
         3        17   4.42265
         3        18   4.56458   4.29799
         3        19   4.00403   3.26837
         3        20   3.89383   4.80705
         3        21
         3        22   4.90845   3.63537
         3        23
         3        24
         3        25   3.87631   2.03684
         3        26
         3        27   4.80155   4.55503
         3        28   3.73330   4.88722
         3        29   4.63495   1.95516
         3        30   4.63961   4.42935
         3        31   2.08878   3.78290
         3        32
         3        33   2.00373   4.53392
         3        34   4.69411   4.39197
         3        35   4.40873
         3        36   4.19500   2.05299
         3        37   3.94612   4.60894
         3        38
         3        39   4.70396
         3        40
         3        41   4.72315
         4        16   3.59228   4.71871
         4        17
         4        18
         4        19   4.71939   3.74010
         4        20   2.88962   3.65534
         4        21   4.68033   3.99597
         4        22   4.18891   1.93280
         4        23
         4        24   4.67239
         4        25   3.98862
         4        26   4.22618   4.70906
         4        27   3.63847   2.82801
         4        28   4.89912
         4        29
         4        30   4.51002
         4        31
         4        32   4.75386
         4        33   4.01538
         4        34   2.00508   4.19853
         4        35
         4        36   4.36982
         4        37
         4        38   4.28536   1.95227
         4        39   3.95232
         4        40   1.92440   4.16293
         4        41   4.00632
         5        16
         5        17   4.71871   3.59228
         5        18   3.74010   4.71939
         5        19
         5        20   3.99597   4.68033
         5        21   3.65534   2.88962
         5        22
         5        23   1.93280   4.18891
         5        24   3.98862
         5        25   4.67239
         5        26   2.82801   3.63847
         5        27   4.70906   4.22618
         5        28
         5        29   4.89912
         5        30
         5        31   4.51002
         5        32   4.01538
         5        33   4.75386
         5        34
         5        35   4.19853   2.00508
         5        36
         5        37   4.36982
         5        38   3.95232
         5        39   1.95227   4.28536
         5        40   4.00632
         5        41   4.16293   1.92440
         6        16
         6        17   4.71871   3.59228
         6        18   3.74010   4.71939
         6        19
         6        20   3.99597   4.68033
         6        21   3.65534   2.88962
         6        22   4.67239
         6        23   3.98862
         6        24   1.93280   4.18891
         6        25
         6        26   2.82801   3.63847
         6        27   4.70906   4.22618
         6        28   4.51002
         6        29
         6        30   4.89912
         6        31
         6        32   4.19853   2.00508
         6        33
         6        34   4.75386
         6        35   4.01538
         6        36
         6        37   4.36982
         6        38   4.16293   1.92440
         6        39   4.00632
         6        40   1.95227   4.28536
         6        41   3.95232
         7        16   3.59228   4.71871
         7        17
         7        18
         7        19   4.71939   3.74010
         7        20   2.88962   3.65534
         7        21   4.68033   3.99597
         7        22   3.98862
         7        23   4.67239
         7        24
         7        25   4.18891   1.93280
         7        26   4.22618   4.70906
         7        27   3.63847   2.82801
         7        28
         7        29   4.51002
         7        30
         7        31   4.89912
         7        32
         7        33   2.00508   4.19853
         7        34   4.01538
         7        35   4.75386
         7        36   4.36982
         7        37
         7        38   4.00632
         7        39   1.92440   4.16293
         7        40   3.95232
         7        41   4.28536   1.95227
         8        16   3.68318   1.74022
         8        17
         8        18   4.96610
         8        19   4.46487   4.46487
         8        20   4.24628   1.77293
         8        21
         8        22   1.74848   4.09712
         8        23
         8        24
         8        25   1.74848   4.09712
         8        26   4.49453
         8        27   4.46305   4.46305
         8        28   3.67309
         8        29   4.48149
         8        30   4.48149
         8        31   3.67309
         8        32
         8        33   4.17416   3.33643
         8        34   4.17416   3.33643
         8        35
         8        36   2.67835   4.28912
         8        37
         8        38   3.42890   4.97442
         8        39   4.39668
         8        40   4.39668
         8        41   3.42890   4.97442
         9        16
         9        17   1.74022   3.68318
         9        18   4.46487   4.46487
         9        19   4.96610
         9        20
         9        21   1.77293   4.24628
         9        22
         9        23   4.09712   1.74848
         9        24   4.09712   1.74848
         9        25
         9        26   4.46305   4.46305
         9        27   4.49453
         9        28   4.48149
         9        29   3.67309
         9        30   3.67309
         9        31   4.48149
         9        32   3.33643   4.17416
         9        33
         9        34
         9        35   3.33643   4.17416
         9        36
         9        37   4.28912   2.67835
         9        38   4.39668
         9        39   4.97442   3.42890
         9        40   4.97442   3.42890
         9        41   4.39668
        10        16
        10        17   4.38799   4.38799
        10        18   3.77842   1.69936
        10        19
        10        20   4.51492
        10        21   4.57054   4.57054
        10        22
        10        23   4.15697   3.37916
        10        24   4.15697   3.37916
        10        25
        10        26   4.19573   1.78103
        10        27
        10        28   4.03653   4.14909
        10        29   4.09743
        10        30   4.09743
        10        31   4.03653   4.14909
        10        32   1.74596   4.14823
        10        33
        10        34
        10        35   1.74596   4.14823
        10        36   3.74878
        10        37
        10        38   3.46268
        10        39   4.59308
        10        40   4.59308
        10        41   3.46268
        11        16   4.38799   4.38799
        11        17
        11        18
        11        19   1.69936   3.77842
        11        20   4.57054   4.57054
        11        21   4.51492
        11        22   3.37916   4.15697
        11        23
        11        24
        11        25   3.37916   4.15697
        11        26
        11        27   1.78103   4.19573
        11        28   4.09743
        11        29   4.14909   4.03653
        11        30   4.14909   4.03653
        11        31   4.09743
        11        32
        11        33   4.14823   1.74596
        11        34   4.14823   1.74596
        11        35
        11        36
        11        37   3.74878
        11        38   4.59308
        11        39   3.46268
        11        40   3.46268
        11        41   4.59308
        12        16   4.29494
        12        17
        12        18   4.29713
        12        19
        12        20   4.10902   1.74629
        12        21   4.44655   4.44655
        12        22   3.47329
        12        23   4.45875
        12        24   4.45875
        12        25   3.47329
        12        26   4.19368   1.74798
        12        27   4.53978   4.53978
        12        28
        12        29
        12        30
        12        31
        12        32   3.50336
        12        33   4.63093
        12        34   4.63093
        12        35   3.50336
        12        36
        12        37
        12        38   1.73388   4.12880
        12        39   4.10446   3.40987
        12        40   4.10446   3.40987
        12        41   1.73388   4.12880
        13        16
        13        17   4.29494
        13        18
        13        19   4.29713
        13        20   4.44655   4.44655
        13        21   1.74629   4.10902
        13        22   4.45875
        13        23   3.47329
        13        24   3.47329
        13        25   4.45875
        13        26   4.53978   4.53978
        13        27   1.74798   4.19368
        13        28
        13        29
        13        30
        13        31
        13        32   4.63093
        13        33   3.50336
        13        34   3.50336
        13        35   4.63093
        13        36
        13        37
        13        38   3.40987   4.10446
        13        39   4.12880   1.73388
        13        40   4.12880   1.73388
        13        41   3.40987   4.10446
        14        16   4.30648   2.46569
        14        17
        14        18   1.72727   4.82683
        14        19   4.73765   4.73765
        14        20   4.84786
        14        21
        14        22   3.68834
        14        23   4.05283
        14        24   4.05283
        14        25   3.68834
        14        26   4.37980
        14        27
        14        28   4.22943   1.75306
        14        29   3.36655   4.04364
        14        30   3.36655   4.04364
        14        31   4.22943   1.75306
        14        32   4.05954   3.86045
        14        33   4.44830
        14        34   4.44830
        14        35   4.05954   3.86045
        14        36   1.74409   3.51228
        14        37   4.32309   4.32309
        14        38
        14        39
        14        40
        14        41
        15        16
        15        17   2.46569   4.30648
        15        18   4.73765   4.73765
        15        19   4.82683   1.72727
        15        20
        15        21   4.84786
        15        22   4.05283
        15        23   3.68834
        15        24   3.68834
        15        25   4.05283
        15        26
        15        27   4.37980
        15        28   4.04364   3.36655
        15        29   1.75306   4.22943
        15        30   1.75306   4.22943
        15        31   4.04364   3.36655
        15        32   4.44830
        15        33   3.86045   4.05954
        15        34   3.86045   4.05954
        15        35   4.44830
        15        36   4.32309   4.32309
        15        37   3.51228   1.74409
        15        38
        15        39
        15        40
        15        41
        16         0   4.06644   2.05911
        16         1   4.42265
        16         2   4.42265
        16         3   4.06644   2.05911
        16         4   4.71871   3.59228
        16         5
        16         6
        16         7   4.71871   3.59228
        16         8   1.74022   3.68318
        16         9
        16        10
        16        11   4.38799   4.38799
        16        12   4.29494
        16        13
        16        14   2.46569   4.30648
        16        15
        17         0   4.42265
        17         1   2.05911   4.06644
        17         2   2.05911   4.06644
        17         3   4.42265
        17         4
        17         5   3.59228   4.71871
        17         6   3.59228   4.71871
        17         7
        17         8
        17         9   3.68318   1.74022
        17        10   4.38799   4.38799
        17        11
        17        12
        17        13   4.29494
        17        14
        17        15   4.30648   2.46569
        18         0   4.29799   4.56458
        18         1   4.00403   3.26837
        18         2   4.00403   3.26837
        18         3   4.29799   4.56458
        18         4
        18         5   4.71939   3.74010
        18         6   4.71939   3.74010
        18         7
        18         8   4.96610
        18         9   4.46487   4.46487
        18        10   1.69936   3.77842
        18        11
        18        12   4.29713
        18        13
        18        14   4.82683   1.72727
        18        15   4.73765   4.73765
        19         0   3.26837   4.00403
        19         1   4.56458   4.29799
        19         2   4.56458   4.29799
        19         3   3.26837   4.00403
        19         4   3.74010   4.71939
        19         5
        19         6
        19         7   3.74010   4.71939
        19         8   4.46487   4.46487
        19         9   4.96610
        19        10
        19        11   3.77842   1.69936
        19        12
        19        13   4.29713
        19        14   4.73765   4.73765
        19        15   1.72727   4.82683
        20         0   4.80705   3.89383
        20         1
        20         2
        20         3   4.80705   3.89383
        20         4   3.65534   2.88962
        20         5   4.68033   3.99597
        20         6   4.68033   3.99597
        20         7   3.65534   2.88962
        20         8   1.77293   4.24628
        20         9
        20        10   4.51492
        20        11   4.57054   4.57054
        20        12   1.74629   4.10902
        20        13   4.44655   4.44655
        20        14   4.84786
        20        15
        21         0
        21         1   3.89383   4.80705
        21         2   3.89383   4.80705
        21         3
        21         4   3.99597   4.68033
        21         5   2.88962   3.65534
        21         6   2.88962   3.65534
        21         7   3.99597   4.68033
        21         8
        21         9   4.24628   1.77293
        21        10   4.57054   4.57054
        21        11   4.51492
        21        12   4.44655   4.44655
        21        13   4.10902   1.74629
        21        14
        21        15   4.84786
        22         0   2.03684   3.87631
        22         1
        22         2
        22         3   3.63537   4.90845
        22         4   1.93280   4.18891
        22         5
        22         6   4.67239
        22         7   3.98862
        22         8   4.09712   1.74848
        22         9
        22        10
        22        11   4.15697   3.37916
        22        12   3.47329
        22        13   4.45875
        22        14   3.68834
        22        15   4.05283
        23         0
        23         1   3.87631   2.03684
        23         2   4.90845   3.63537
        23         3
        23         4
        23         5   4.18891   1.93280
        23         6   3.98862
        23         7   4.67239
        23         8
        23         9   1.74848   4.09712
        23        10   3.37916   4.15697
        23        11
        23        12   4.45875
        23        13   3.47329
        23        14   4.05283
        23        15   3.68834
        24         0
        24         1   4.90845   3.63537
        24         2   3.87631   2.03684
        24         3
        24         4   4.67239
        24         5   3.98862
        24         6   4.18891   1.93280
        24         7
        24         8
        24         9   1.74848   4.09712
        24        10   3.37916   4.15697
        24        11
        24        12   4.45875
        24        13   3.47329
        24        14   4.05283
        24        15   3.68834
        25         0   3.63537   4.90845
        25         1
        25         2
        25         3   2.03684   3.87631
        25         4   3.98862
        25         5   4.67239
        25         6
        25         7   1.93280   4.18891
        25         8   4.09712   1.74848
        25         9
        25        10
        25        11   4.15697   3.37916
        25        12   3.47329
        25        13   4.45875
        25        14   3.68834
        25        15   4.05283
        26         0
        26         1   4.80155   4.55503
        26         2   4.80155   4.55503
        26         3
        26         4   4.70906   4.22618
        26         5   3.63847   2.82801
        26         6   3.63847   2.82801
        26         7   4.70906   4.22618
        26         8   4.49453
        26         9   4.46305   4.46305
        26        10   1.78103   4.19573
        26        11
        26        12   1.74798   4.19368
        26        13   4.53978   4.53978
        26        14   4.37980
        26        15
        27         0   4.55503   4.80155
        27         1
        27         2
        27         3   4.55503   4.80155
        27         4   2.82801   3.63847
        27         5   4.22618   4.70906
        27         6   4.22618   4.70906
        27         7   2.82801   3.63847
        27         8   4.46305   4.46305
        27         9   4.49453
        27        10
        27        11   4.19573   1.78103
        27        12   4.53978   4.53978
        27        13   4.19368   1.74798
        27        14
        27        15   4.37980
        28         0   3.78290   2.08878
        28         1   4.63961   4.42935
        28         2   4.63495   1.95516
        28         3   4.88722   3.73330
        28         4   4.89912
        28         5
        28         6   4.51002
        28         7
        28         8   3.67309
        28         9   4.48149
        28        10   4.14909   4.03653
        28        11   4.09743
        28        12
        28        13
        28        14   1.75306   4.22943
        28        15   3.36655   4.04364
        29         0   4.63961   4.42935
        29         1   2.08878   3.78290
        29         2   3.73330   4.88722
        29         3   1.95516   4.63495
        29         4
        29         5   4.89912
        29         6
        29         7   4.51002
        29         8   4.48149
        29         9   3.67309
        29        10   4.09743
        29        11   4.03653   4.14909
        29        12
        29        13
        29        14   4.04364   3.36655
        29        15   4.22943   1.75306
        30         0   1.95516   4.63495
        30         1   3.73330   4.88722
        30         2   2.08878   3.78290
        30         3   4.42935   4.63961
        30         4   4.51002
        30         5
        30         6   4.89912
        30         7
        30         8   4.48149
        30         9   3.67309
        30        10   4.09743
        30        11   4.03653   4.14909
        30        12
        30        13
        30        14   4.04364   3.36655
        30        15   4.22943   1.75306
        31         0   4.88722   3.73330
        31         1   4.63495   1.95516
        31         2   4.42935   4.63961
        31         3   3.78290   2.08878
        31         4
        31         5   4.51002
        31         6
        31         7   4.89912
        31         8   3.67309
        31         9   4.48149
        31        10   4.14909   4.03653
        31        11   4.09743
        31        12
        31        13
        31        14   1.75306   4.22943
        31        15   3.36655   4.04364
        32         0   4.40873
        32         1   4.69411   4.39197
        32         2   2.00373   4.53392
        32         3
        32         4   4.75386
        32         5   4.01538
        32         6   2.00508   4.19853
        32         7
        32         8
        32         9   4.17416   3.33643
        32        10   4.14823   1.74596
        32        11
        32        12   3.50336
        32        13   4.63093
        32        14   3.86045   4.05954
        32        15   4.44830
        33         0   4.69411   4.39197
        33         1   4.40873
        33         2
        33         3   4.53392   2.00373
        33         4   4.01538
        33         5   4.75386
        33         6
        33         7   4.19853   2.00508
        33         8   3.33643   4.17416
        33         9
        33        10
        33        11   1.74596   4.14823
        33        12   4.63093
        33        13   3.50336
        33        14   4.44830
        33        15   4.05954   3.86045
        34         0   4.53392   2.00373
        34         1
        34         2   4.40873
        34         3   4.39197   4.69411
        34         4   4.19853   2.00508
        34         5
        34         6   4.75386
        34         7   4.01538
        34         8   3.33643   4.17416
        34         9
        34        10
        34        11   1.74596   4.14823
        34        12   4.63093
        34        13   3.50336
        34        14   4.44830
        34        15   4.05954   3.86045
        35         0
        35         1   2.00373   4.53392
        35         2   4.39197   4.69411
        35         3   4.40873
        35         4
        35         5   2.00508   4.19853
        35         6   4.01538
        35         7   4.75386
        35         8
        35         9   4.17416   3.33643
        35        10   4.14823   1.74596
        35        11
        35        12   3.50336
        35        13   4.63093
        35        14   3.86045   4.05954
        35        15   4.44830
        36         0   2.05299   4.19500
        36         1   3.94612   4.60894
        36         2   3.94612   4.60894
        36         3   2.05299   4.19500
        36         4   4.36982
        36         5
        36         6
        36         7   4.36982
        36         8   4.28912   2.67835
        36         9
        36        10   3.74878
        36        11
        36        12
        36        13
        36        14   3.51228   1.74409
        36        15   4.32309   4.32309
        37         0   4.60894   3.94612
        37         1   4.19500   2.05299
        37         2   4.19500   2.05299
        37         3   4.60894   3.94612
        37         4
        37         5   4.36982
        37         6   4.36982
        37         7
        37         8
        37         9   2.67835   4.28912
        37        10
        37        11   3.74878
        37        12
        37        13
        37        14   4.32309   4.32309
        37        15   1.74409   3.51228
        38         0   4.72315
        38         1
        38         2   4.70396
        38         3
        38         4   1.95227   4.28536
        38         5   3.95232
        38         6   1.92440   4.16293
        38         7   4.00632
        38         8   4.97442   3.42890
        38         9   4.39668
        38        10   3.46268
        38        11   4.59308
        38        12   4.12880   1.73388
        38        13   4.10446   3.40987
        38        14
        38        15
        39         0
        39         1   4.72315
        39         2
        39         3   4.70396
        39         4   3.95232
        39         5   4.28536   1.95227
        39         6   4.00632
        39         7   4.16293   1.92440
        39         8   4.39668
        39         9   3.42890   4.97442
        39        10   4.59308
        39        11   3.46268
        39        12   3.40987   4.10446
        39        13   1.73388   4.12880
        39        14
        39        15
        40         0   4.70396
        40         1
        40         2   4.72315
        40         3
        40         4   4.16293   1.92440
        40         5   4.00632
        40         6   4.28536   1.95227
        40         7   3.95232
        40         8   4.39668
        40         9   3.42890   4.97442
        40        10   4.59308
        40        11   3.46268
        40        12   3.40987   4.10446
        40        13   1.73388   4.12880
        40        14
        40        15
        41         0
        41         1   4.70396
        41         2
        41         3   4.72315
        41         4   4.00632
        41         5   1.92440   4.16293
        41         6   3.95232
        41         7   1.95227   4.28536
        41         8   4.97442   3.42890
        41         9   4.39668
        41        10   3.46268
        41        11   4.59308
        41        12   4.12880   1.73388
        41        13   4.10446   3.40987
        41        14
        41        15
