         0        16   2.05859   4.05925
         0        17   4.41040
         0        18   4.56763   4.29639
         0        19   4.00148   3.27087
         0        20   3.89428   4.80688
         0        21
         0        22   3.87615   2.03777
         0        23
         0        24
         0        25   4.90906   3.63686
         0        26
         0        27   4.79635   4.55006
         0        28   2.08794   3.78169
         0        29   4.42503   4.64275
         0        30   4.63586   1.95754
         0        31   3.72864   4.88308
         0        32   4.40894
         0        33   4.39240   4.69244
         0        34   2.00304   4.53971
         0        35
         0        36   4.19847   2.05228
         0        37   3.94127   4.60775
         0        38   4.72174
         0        39
         0        40   4.70555
         0        41
         1        16   4.41040
         1        17   4.05925   2.05859
         1        18   3.27087   4.00148
         1        19   4.29639   4.56763
         1        20
         1        21   4.80688   3.89428
         1        22
         1        23   2.03777   3.87615
         1        24   3.63686   4.90906
         1        25
         1        26   4.55006   4.79635
         1        27
         1        28   4.42503   4.64275
         1        29   3.78169   2.08794
         1        30   4.88308   3.72864
         1        31   1.95754   4.63586
         1        32   4.39240   4.69244
         1        33   4.40894
         1        34
         1        35   4.53971   2.00304
         1        36   4.60775   3.94127
         1        37   2.05228   4.19847
         1        38
         1        39   4.72174
         1        40
         1        41   4.70555
         2        16   4.41040
         2        17   4.05925   2.05859
         2        18   3.27087   4.00148
         2        19   4.29639   4.56763
         2        20
         2        21   4.80688   3.89428
         2        22
         2        23   3.63686   4.90906
         2        24   2.03777   3.87615
         2        25
         2        26   4.55006   4.79635
         2        27
         2        28   1.95754   4.63586
         2        29   4.88308   3.72864
         2        30   3.78169   2.08794
         2        31   4.64275   4.42503
         2        32   4.53971   2.00304
         2        33
         2        34   4.40894
         2        35   4.69244   4.39240
         2        36   4.60775   3.94127
         2        37   2.05228   4.19847
         2        38   4.70555
         2        39
         2        40   4.72174
         2        41
         3        16   2.05859   4.05925
         3        17   4.41040
         3        18   4.56763   4.29639
         3        19   4.00148   3.27087
         3        20   3.89428   4.80688
         3        21
         3        22   4.90906   3.63686
         3        23
         3        24
         3        25   3.87615   2.03777
         3        26
         3        27   4.79635   4.55006
         3        28   3.72864   4.88308
         3        29   4.63586   1.95754
         3        30   4.64275   4.42503
         3        31   2.08794   3.78169
         3        32
         3        33   2.00304   4.53971
         3        34   4.69244   4.39240
         3        35   4.40894
         3        36   4.19847   2.05228
         3        37   3.94127   4.60775
         3        38
         3        39   4.70555
         3        40
         3        41   4.72174
         4        16   3.60455   4.72203
         4        17
         4        18
         4        19   4.71462   3.73891
         4        20   2.89050   3.65523
         4        21   4.68028   3.99488
         4        22   4.18811   1.93218
         4        23
         4        24   4.67182
         4        25   3.99036
         4        26   4.23327   4.71351
         4        27   3.63758   2.82757
         4        28   4.89841
         4        29
         4        30   4.51040
         4        31
         4        32   4.75029
         4        33   4.01265
         4        34   1.99983   4.20252
         4        35
         4        36   4.37294
         4        37
         4        38   4.28864   1.95120
         4        39   3.94878
         4        40   1.92475   4.16530
         4        41   4.00327
         5        16
         5        17   4.72203   3.60455
         5        18   3.73891   4.71462
         5        19
         5        20   3.99488   4.68028
         5        21   3.65523   2.89050
         5        22
         5        23   1.93218   4.18811
         5        24   3.99036
         5        25   4.67182
         5        26   2.82757   3.63758
         5        27   4.71351   4.23327
         5        28
         5        29   4.89841
         5        30
         5        31   4.51040
         5        32   4.01265
         5        33   4.75029
         5        34
         5        35   4.20252   1.99983
         5        36
         5        37   4.37294
         5        38   3.94878
         5        39   1.95120   4.28864
         5        40   4.00327
         5        41   4.16530   1.92475
         6        16
         6        17   4.72203   3.60455
         6        18   3.73891   4.71462
         6        19
         6        20   3.99488   4.68028
         6        21   3.65523   2.89050
         6        22   4.67182
         6        23   3.99036
         6        24   1.93218   4.18811
         6        25
         6        26   2.82757   3.63758
         6        27   4.71351   4.23327
         6        28   4.51040
         6        29
         6        30   4.89841
         6        31
         6        32   4.20252   1.99983
         6        33
         6        34   4.75029
         6        35   4.01265
         6        36
         6        37   4.37294
         6        38   4.16530   1.92475
         6        39   4.00327
         6        40   1.95120   4.28864
         6        41   3.94878
         7        16   3.60455   4.72203
         7        17
         7        18
         7        19   4.71462   3.73891
         7        20   2.89050   3.65523
         7        21   4.68028   3.99488
         7        22   3.99036
         7        23   4.67182
         7        24
         7        25   4.18811   1.93218
         7        26   4.23327   4.71351
         7        27   3.63758   2.82757
         7        28
         7        29   4.51040
         7        30
         7        31   4.89841
         7        32
         7        33   1.99983   4.20252
         7        34   4.01265
         7        35   4.75029
         7        36   4.37294
         7        37
         7        38   4.00327
         7        39   1.92475   4.16530
         7        40   3.94878
         7        41   4.28864   1.95120
         8        16   3.69283   1.74545
         8        17
         8        18   4.96847
         8        19   4.46334   4.46334
         8        20   4.24618   1.77216
         8        21
         8        22   1.74916   4.09865
         8        23
         8        24
         8        25   1.74916   4.09865
         8        26   4.50129
         8        27   4.45971   4.45971
         8        28   3.67062
         8        29   4.48434
         8        30   4.48434
         8        31   3.67062
         8        32
         8        33   4.16888   3.33859
         8        34   4.16888   3.33859
         8        35
         8        36   2.68414   4.28961
         8        37
         8        38   3.42695   4.97043
         8        39   4.39900
         8        40   4.39900
         8        41   3.42695   4.97043
         9        16
         9        17   1.74545   3.69283
         9        18   4.46334   4.46334
         9        19   4.96847
         9        20
         9        21   1.77216   4.24618
         9        22
         9        23   4.09865   1.74916
         9        24   4.09865   1.74916
         9        25
         9        26   4.45971   4.45971
         9        27   4.50129
         9        28   4.48434
         9        29   3.67062
         9        30   3.67062
         9        31   4.48434
         9        32   3.33859   4.16888
         9        33
         9        34
         9        35   3.33859   4.16888
         9        36
         9        37   4.28961   2.68414
         9        38   4.39900
         9        39   4.97043   3.42695
         9        40   4.97043   3.42695
         9        41   4.39900
        10        16
        10        17   4.39049   4.39049
        10        18   3.78414   1.69417
        10        19
        10        20   4.51226
        10        21   4.56936   4.56936
        10        22
        10        23   4.15775   3.37581
        10        24   4.15775   3.37581
        10        25
        10        26   4.19482   1.77078
        10        27
        10        28   4.03791   4.14743
        10        29   4.10047
        10        30   4.10047
        10        31   4.03791   4.14743
        10        32   1.75103   4.14103
        10        33
        10        34
        10        35   1.75103   4.14103
        10        36   3.74491
        10        37
        10        38   3.46177
        10        39   4.59269
        10        40   4.59269
        10        41   3.46177
        11        16   4.39049   4.39049
        11        17
        11        18
        11        19   1.69417   3.78414
        11        20   4.56936   4.56936
        11        21   4.51226
        11        22   3.37581   4.15775
        11        23
        11        24
        11        25   3.37581   4.15775
        11        26
        11        27   1.77078   4.19482
        11        28   4.10047
        11        29   4.14743   4.03791
        11        30   4.14743   4.03791
        11        31   4.10047
        11        32
        11        33   4.14103   1.75103
        11        34   4.14103   1.75103
        11        35
        11        36
        11        37   3.74491
        11        38   4.59269
        11        39   3.46177
        11        40   3.46177
        11        41   4.59269
        12        16   4.30675
        12        17
        12        18   4.29258
        12        19
        12        20   4.10878   1.74677
        12        21   4.44582   4.44582
        12        22   3.47331
        12        23   4.45633
        12        24   4.45633
        12        25   3.47331
        12        26   4.19722   1.75405
        12        27   4.54229   4.54229
        12        28
        12        29
        12        30
        12        31
        12        32   3.50294
        12        33   4.63169
        12        34   4.63169
        12        35   3.50294
        12        36
        12        37
        12        38   1.73294   4.12587
        12        39   4.10391   3.41329
        12        40   4.10391   3.41329
        12        41   1.73294   4.12587
        13        16
        13        17   4.30675
        13        18
        13        19   4.29258
        13        20   4.44582   4.44582
        13        21   1.74677   4.10878
        13        22   4.45633
        13        23   3.47331
        13        24   3.47331
        13        25   4.45633
        13        26   4.54229   4.54229
        13        27   1.75405   4.19722
        13        28
        13        29
        13        30
        13        31
        13        32   4.63169
        13        33   3.50294
        13        34   3.50294
        13        35   4.63169
        13        36
        13        37
        13        38   3.41329   4.10391
        13        39   4.12587   1.73294
        13        40   4.12587   1.73294
        13        41   3.41329   4.10391
        14        16   4.30384   2.45038
        14        17
        14        18   1.72991   4.82406
        14        19   4.73755   4.73755
        14        20   4.84737
        14        21
        14        22   3.68858
        14        23   4.05105
        14        24   4.05105
        14        25   3.68858
        14        26   4.37067
        14        27
        14        28   4.22809   1.74929
        14        29   3.36935   4.04679
        14        30   3.36935   4.04679
        14        31   4.22809   1.74929
        14        32   4.06416   3.85827
        14        33   4.45081
        14        34   4.45081
        14        35   4.06416   3.85827
        14        36   1.74398   3.50846
        14        37   4.32217   4.32217
        14        38
        14        39
        14        40
        14        41
        15        16
        15        17   2.45038   4.30384
        15        18   4.73755   4.73755
        15        19   4.82406   1.72991
        15        20
        15        21   4.84737
        15        22   4.05105
        15        23   3.68858
        15        24   3.68858
        15        25   4.05105
        15        26
        15        27   4.37067
        15        28   4.04679   3.36935
        15        29   1.74929   4.22809
        15        30   1.74929   4.22809
        15        31   4.04679   3.36935
        15        32   4.45081
        15        33   3.85827   4.06416
        15        34   3.85827   4.06416
        15        35   4.45081
        15        36   4.32217   4.32217
        15        37   3.50846   1.74398
        15        38
        15        39
        15        40
        15        41
        16         0   4.05925   2.05859
        16         1   4.41040
        16         2   4.41040
        16         3   4.05925   2.05859
        16         4   4.72203   3.60455
        16         5
        16         6
        16         7   4.72203   3.60455
        16         8   1.74545   3.69283
        16         9
        16        10
        16        11   4.39049   4.39049
        16        12   4.30675
        16        13
        16        14   2.45038   4.30384
        16        15
        17         0   4.41040
        17         1   2.05859   4.05925
        17         2   2.05859   4.05925
        17         3   4.41040
        17         4
        17         5   3.60455   4.72203
        17         6   3.60455   4.72203
        17         7
        17         8
        17         9   3.69283   1.74545
        17        10   4.39049   4.39049
        17        11
        17        12
        17        13   4.30675
        17        14
        17        15   4.30384   2.45038
        18         0   4.29639   4.56763
        18         1   4.00148   3.27087
        18         2   4.00148   3.27087
        18         3   4.29639   4.56763
        18         4
        18         5   4.71462   3.73891
        18         6   4.71462   3.73891
        18         7
        18         8   4.96847
        18         9   4.46334   4.46334
        18        10   1.69417   3.78414
        18        11
        18        12   4.29258
        18        13
        18        14   4.82406   1.72991
        18        15   4.73755   4.73755
        19         0   3.27087   4.00148
        19         1   4.56763   4.29639
        19         2   4.56763   4.29639
        19         3   3.27087   4.00148
        19         4   3.73891   4.71462
        19         5
        19         6
        19         7   3.73891   4.71462
        19         8   4.46334   4.46334
        19         9   4.96847
        19        10
        19        11   3.78414   1.69417
        19        12
        19        13   4.29258
        19        14   4.73755   4.73755
        19        15   1.72991   4.82406
        20         0   4.80688   3.89428
        20         1
        20         2
        20         3   4.80688   3.89428
        20         4   3.65523   2.89050
        20         5   4.68028   3.99488
        20         6   4.68028   3.99488
        20         7   3.65523   2.89050
        20         8   1.77216   4.24618
        20         9
        20        10   4.51226
        20        11   4.56936   4.56936
        20        12   1.74677   4.10878
        20        13   4.44582   4.44582
        20        14   4.84737
        20        15
        21         0
        21         1   3.89428   4.80688
        21         2   3.89428   4.80688
        21         3
        21         4   3.99488   4.68028
        21         5   2.89050   3.65523
        21         6   2.89050   3.65523
        21         7   3.99488   4.68028
        21         8
        21         9   4.24618   1.77216
        21        10   4.56936   4.56936
        21        11   4.51226
        21        12   4.44582   4.44582
        21        13   4.10878   1.74677
        21        14
        21        15   4.84737
        22         0   2.03777   3.87615
        22         1
        22         2
        22         3   3.63686   4.90906
        22         4   1.93218   4.18811
        22         5
        22         6   4.67182
        22         7   3.99036
        22         8   4.09865   1.74916
        22         9
        22        10
        22        11   4.15775   3.37581
        22        12   3.47331
        22        13   4.45633
        22        14   3.68858
        22        15   4.05105
        23         0
        23         1   3.87615   2.03777
        23         2   4.90906   3.63686
        23         3
        23         4
        23         5   4.18811   1.93218
        23         6   3.99036
        23         7   4.67182
        23         8
        23         9   1.74916   4.09865
        23        10   3.37581   4.15775
        23        11
        23        12   4.45633
        23        13   3.47331
        23        14   4.05105
        23        15   3.68858
        24         0
        24         1   4.90906   3.63686
        24         2   3.87615   2.03777
        24         3
        24         4   4.67182
        24         5   3.99036
        24         6   4.18811   1.93218
        24         7
        24         8
        24         9   1.74916   4.09865
        24        10   3.37581   4.15775
        24        11
        24        12   4.45633
        24        13   3.47331
        24        14   4.05105
        24        15   3.68858
        25         0   3.63686   4.90906
        25         1
        25         2
        25         3   2.03777   3.87615
        25         4   3.99036
        25         5   4.67182
        25         6
        25         7   1.93218   4.18811
        25         8   4.09865   1.74916
        25         9
        25        10
        25        11   4.15775   3.37581
        25        12   3.47331
        25        13   4.45633
        25        14   3.68858
        25        15   4.05105
        26         0
        26         1   4.79635   4.55006
        26         2   4.79635   4.55006
        26         3
        26         4   4.71351   4.23327
        26         5   3.63758   2.82757
        26         6   3.63758   2.82757
        26         7   4.71351   4.23327
        26         8   4.50129
        26         9   4.45971   4.45971
        26        10   1.77078   4.19482
        26        11
        26        12   1.75405   4.19722
        26        13   4.54229   4.54229
        26        14   4.37067
        26        15
        27         0   4.55006   4.79635
        27         1
        27         2
        27         3   4.55006   4.79635
        27         4   2.82757   3.63758
        27         5   4.23327   4.71351
        27         6   4.23327   4.71351
        27         7   2.82757   3.63758
        27         8   4.45971   4.45971
        27         9   4.50129
        27        10
        27        11   4.19482   1.77078
        27        12   4.54229   4.54229
        27        13   4.19722   1.75405
        27        14
        27        15   4.37067
        28         0   3.78169   2.08794
        28         1   4.64275   4.42503
        28         2   4.63586   1.95754
        28         3   4.88308   3.72864
        28         4   4.89841
        28         5
        28         6   4.51040
        28         7
        28         8   3.67062
        28         9   4.48434
        28        10   4.14743   4.03791
        28        11   4.10047
        28        12
        28        13
        28        14   1.74929   4.22809
        28        15   3.36935   4.04679
        29         0   4.64275   4.42503
        29         1   2.08794   3.78169
        29         2   3.72864   4.88308
        29         3   1.95754   4.63586
        29         4
        29         5   4.89841
        29         6
        29         7   4.51040
        29         8   4.48434
        29         9   3.67062
        29        10   4.10047
        29        11   4.03791   4.14743
        29        12
        29        13
        29        14   4.04679   3.36935
        29        15   4.22809   1.74929
        30         0   1.95754   4.63586
        30         1   3.72864   4.88308
        30         2   2.08794   3.78169
        30         3   4.42503   4.64275
        30         4   4.51040
        30         5
        30         6   4.89841
        30         7
        30         8   4.48434
        30         9   3.67062
        30        10   4.10047
        30        11   4.03791   4.14743
        30        12
        30        13
        30        14   4.04679   3.36935
        30        15   4.22809   1.74929
        31         0   4.88308   3.72864
        31         1   4.63586   1.95754
        31         2   4.42503   4.64275
        31         3   3.78169   2.08794
        31         4
        31         5   4.51040
        31         6
        31         7   4.89841
        31         8   3.67062
        31         9   4.48434
        31        10   4.14743   4.03791
        31        11   4.10047
        31        12
        31        13
        31        14   1.74929   4.22809
        31        15   3.36935   4.04679
        32         0   4.40894
        32         1   4.69244   4.39240
        32         2   2.00304   4.53971
        32         3
        32         4   4.75029
        32         5   4.01265
        32         6   1.99983   4.20252
        32         7
        32         8
        32         9   4.16888   3.33859
        32        10   4.14103   1.75103
        32        11
        32        12   3.50294
        32        13   4.63169
        32        14   3.85827   4.06416
        32        15   4.45081
        33         0   4.69244   4.39240
        33         1   4.40894
        33         2
        33         3   4.53971   2.00304
        33         4   4.01265
        33         5   4.75029
        33         6
        33         7   4.20252   1.99983
        33         8   3.33859   4.16888
        33         9
        33        10
        33        11   1.75103   4.14103
        33        12   4.63169
        33        13   3.50294
        33        14   4.45081
        33        15   4.06416   3.85827
        34         0   4.53971   2.00304
        34         1
        34         2   4.40894
        34         3   4.39240   4.69244
        34         4   4.20252   1.99983
        34         5
        34         6   4.75029
        34         7   4.01265
        34         8   3.33859   4.16888
        34         9
        34        10
        34        11   1.75103   4.14103
        34        12   4.63169
        34        13   3.50294
        34        14   4.45081
        34        15   4.06416   3.85827
        35         0
        35         1   2.00304   4.53971
        35         2   4.39240   4.69244
        35         3   4.40894
        35         4
        35         5   1.99983   4.20252
        35         6   4.01265
        35         7   4.75029
        35         8
        35         9   4.16888   3.33859
        35        10   4.14103   1.75103
        35        11
        35        12   3.50294
        35        13   4.63169
        35        14   3.85827   4.06416
        35        15   4.45081
        36         0   2.05228   4.19847
        36         1   3.94127   4.60775
        36         2   3.94127   4.60775
        36         3   2.05228   4.19847
        36         4   4.37294
        36         5
        36         6
        36         7   4.37294
        36         8   4.28961   2.68414
        36         9
        36        10   3.74491
        36        11
        36        12
        36        13
        36        14   3.50846   1.74398
        36        15   4.32217   4.32217
        37         0   4.60775   3.94127
        37         1   4.19847   2.05228
        37         2   4.19847   2.05228
        37         3   4.60775   3.94127
        37         4
        37         5   4.37294
        37         6   4.37294
        37         7
        37         8
        37         9   2.68414   4.28961
        37        10
        37        11   3.74491
        37        12
        37        13
        37        14   4.32217   4.32217
        37        15   1.74398   3.50846
        38         0   4.72174
        38         1
        38         2   4.70555
        38         3
        38         4   1.95120   4.28864
        38         5   3.94878
        38         6   1.92475   4.16530
        38         7   4.00327
        38         8   4.97043   3.42695
        38         9   4.39900
        38        10   3.46177
        38        11   4.59269
        38        12   4.12587   1.73294
        38        13   4.10391   3.41329
        38        14
        38        15
        39         0
        39         1   4.72174
        39         2
        39         3   4.70555
        39         4   3.94878
        39         5   4.28864   1.95120
        39         6   4.00327
        39         7   4.16530   1.92475
        39         8   4.39900
        39         9   3.42695   4.97043
        39        10   4.59269
        39        11   3.46177
        39        12   3.41329   4.10391
        39        13   1.73294   4.12587
        39        14
        39        15
        40         0   4.70555
        40         1
        40         2   4.72174
        40         3
        40         4   4.16530   1.92475
        40         5   4.00327
        40         6   4.28864   1.95120
        40         7   3.94878
        40         8   4.39900
        40         9   3.42695   4.97043
        40        10   4.59269
        40        11   3.46177
        40        12   3.41329   4.10391
        40        13   1.73294   4.12587
        40        14
        40        15
        41         0
        41         1   4.70555
        41         2
        41         3   4.72174
        41         4   4.00327
        41         5   1.92475   4.16530
        41         6   3.94878
        41         7   1.95120   4.28864
        41         8   4.97043   3.42695
        41         9   4.39900
        41        10   3.46177
        41        11   4.59269
        41        12   4.12587   1.73294
        41        13   4.10391   3.41329
        41        14
        41        15
