         0        12   2.17507
         0        13   4.61387
         0        14   3.08650
         0        15   2.67699   4.63878
         0        16   4.78286   2.39996
         0        17   4.11692
         0        18   4.59155   3.83767
         0        19   4.01526
         0        20
         0        21   2.87654
         0        22   3.66008   3.91233
         0        23
         0        24
         0        25   4.66884
         0        26   4.76222
         0        27   4.01539
         0        28   3.27219
         0        29
         0        30   4.34840
         0        31   3.38608
         0        32
         0        33   4.80629   2.27777
         0        34   4.65277   4.93154
         0        35   4.08271   4.44385
         1        12   4.61387
         1        13   2.17507
         1        14   4.63878   2.67699
         1        15   3.08650
         1        16   4.11692
         1        17   2.39996   4.78286
         1        18   4.01526
         1        19   3.83767   4.59155
         1        20   2.87654
         1        21
         1        22
         1        23   3.91233   3.66008
         1        24   4.66884
         1        25
         1        26   4.01539
         1        27   4.76222
         1        28
         1        29   3.27219
         1        30   3.38608
         1        31   4.34840
         1        32   2.27777   4.80629
         1        33
         1        34   4.44385   4.08271
         1        35   4.93154   4.65277
         2        12
         2        13
         2        14
         2        15
         2        16   4.27047
         2        17
         2        18   4.52685
         2        19
         2        20   2.11701
         2        21   3.97701
         2        22   2.13601
         2        23   3.67690
         2        24   4.91472   2.03550
         2        25   4.93358   4.55465   3.78897
         2        26   2.10692   4.84130
         2        27   4.91656   2.10028
         2        28   4.12551   4.23879
         2        29   4.30347   4.19714
         2        30   4.00410   4.81404   4.59698
         2        31   2.03738   4.94665
         2        32   4.17773
         2        33   4.55597
         2        34   4.52186
         2        35
         3        12
         3        13
         3        14
         3        15
         3        16
         3        17   4.27047
         3        18
         3        19   4.52685
         3        20   3.97701
         3        21   2.11701
         3        22   3.67690
         3        23   2.13601
         3        24   3.78897   4.55465   4.93358
         3        25   2.03550   4.91472
         3        26   2.10028   4.91656
         3        27   4.84130   2.10692
         3        28   4.19714   4.30347
         3        29   4.23879   4.12551
         3        30   4.94665   2.03738
         3        31   4.59698   4.81404   4.00410
         3        32   4.55597
         3        33   4.17773
         3        34
         3        35   4.52186
         4        12   2.09041
         4        13   4.14294   4.80446   4.52487
         4        14   4.99168   1.98391
         4        15   3.76705
         4        16   4.38201   4.46696
         4        17   2.04669   4.90019
         4        18   4.08452
         4        19   4.92627   2.00713
         4        20   4.10292   4.33991
         4        21
         4        22
         4        23   4.20999   4.14306
         4        24
         4        25   4.51137
         4        26
         4        27   4.45189
         4        28
         4        29   2.07812
         4        30
         4        31
         4        32   4.35107   4.07977
         4        33   4.40659
         4        34   2.00827   4.95708
         4        35   4.22491   4.56838
         5        12   4.52487   4.80446   4.14294
         5        13   2.09041
         5        14   3.76705
         5        15   1.98391   4.99168
         5        16   4.90019   2.04669
         5        17   4.46696   4.38201
         5        18   2.00713   4.92627
         5        19   4.08452
         5        20
         5        21   4.33991   4.10292
         5        22   4.14306   4.20999
         5        23
         5        24   4.51137
         5        25
         5        26   4.45189
         5        27
         5        28   2.07812
         5        29
         5        30
         5        31
         5        32   4.40659
         5        33   4.07977   4.35107
         5        34   4.56838   4.22491
         5        35   4.95708   2.00827
         6        12   1.90243
         6        13   4.09636   4.40086
         6        14   3.89498   4.93299
         6        15   4.61676   4.77518   4.41826
         6        16   1.75556
         6        17   4.37889
         6        18   1.73343
         6        19   3.98117
         6        20
         6        21   3.70021
         6        22   1.71989
         6        23
         6        24   4.36749
         6        25
         6        26   4.36281
         6        27   4.26515
         6        28   4.03256   4.07112
         6        29
         6        30
         6        31   4.28590
         6        32   4.68585
         6        33   4.04693   3.81252
         6        34   2.90765
         6        35   3.50631   3.81987
         7        12   4.40086   4.09636
         7        13   1.90243
         7        14   4.41826   4.77518   4.61676
         7        15   4.93299   3.89498
         7        16   4.37889
         7        17   1.75556
         7        18   3.98117
         7        19   1.73343
         7        20   3.70021
         7        21
         7        22
         7        23   1.71989
         7        24
         7        25   4.36749
         7        26   4.26515
         7        27   4.36281
         7        28
         7        29   4.07112   4.03256
         7        30   4.28590
         7        31
         7        32   3.81252   4.04693
         7        33   4.68585
         7        34   3.81987   3.50631
         7        35   2.90765
         8        12   4.93163   4.14153
         8        13   3.40920   4.19760
         8        14   1.90940
         8        15   4.79289   4.95864
         8        16   3.65091
         8        17   4.39370   4.15969
         8        18   3.70775
         8        19   3.78046   4.11004
         8        20   1.80641
         8        21
         8        22
         8        23   4.35473   4.59252
         8        24   3.63908
         8        25   4.93695
         8        26   4.78361
         8        27   4.52364
         8        28
         8        29   3.24104   4.15659
         8        30   4.52814
         8        31   4.18419
         8        32   1.70156
         8        33
         8        34   1.69146
         8        35
         9        12   4.19760   3.40920
         9        13   4.14153   4.93163
         9        14   4.95864   4.79289
         9        15   1.90940
         9        16   4.15969   4.39370
         9        17   3.65091
         9        18   4.11004   3.78046
         9        19   3.70775
         9        20
         9        21   1.80641
         9        22   4.59252   4.35473
         9        23
         9        24   4.93695
         9        25   3.63908
         9        26   4.52364
         9        27   4.78361
         9        28   4.15659   3.24104
         9        29
         9        30   4.18419
         9        31   4.52814
         9        32
         9        33   1.70156
         9        34
         9        35   1.69146
        10        12
        10        13
        10        14
        10        15   4.27820
        10        16   4.14388
        10        17
        10        18   4.37270
        10        19
        10        20   4.37118   4.20031
        10        21   3.56548   4.10566
        10        22   4.06200   4.12215
        10        23   4.95984   3.91034
        10        24   1.71425
        10        25   3.92525   3.61257
        10        26   1.75875
        10        27   4.71656   4.50823   4.46742
        10        28   1.75927
        10        29
        10        30   1.86487
        10        31   3.90686   3.39288
        10        32   3.60676
        10        33   4.31969
        10        34
        10        35   4.46987
        11        12
        11        13
        11        14   4.27820
        11        15
        11        16
        11        17   4.14388
        11        18
        11        19   4.37270
        11        20   4.10566   3.56548
        11        21   4.20031   4.37118
        11        22   3.91034   4.95984
        11        23   4.12215   4.06200
        11        24   3.61257   3.92525
        11        25   1.71425
        11        26   4.46742   4.50823   4.71656
        11        27   1.75875
        11        28
        11        29   1.75927
        11        30   3.39288   3.90686
        11        31   1.86487
        11        32   4.31969
        11        33   3.60676
        11        34   4.46987
        11        35
        12         0   2.17507
        12         1   4.61387
        12         2
        12         3
        12         4   2.09041
        12         5   4.14294   4.80446   4.52487
        12         6   1.90243
        12         7   4.09636   4.40086
        12         8   4.14153   4.93163
        12         9   3.40920   4.19760
        12        10
        12        11
        13         0   4.61387
        13         1   2.17507
        13         2
        13         3
        13         4   4.52487   4.80446   4.14294
        13         5   2.09041
        13         6   4.40086   4.09636
        13         7   1.90243
        13         8   4.19760   3.40920
        13         9   4.93163   4.14153
        13        10
        13        11
        14         0   3.08650
        14         1   2.67699   4.63878
        14         2
        14         3
        14         4   1.98391   4.99168
        14         5   3.76705
        14         6   4.93299   3.89498
        14         7   4.61676   4.77518   4.41826
        14         8   1.90940
        14         9   4.79289   4.95864
        14        10
        14        11   4.27820
        15         0   4.63878   2.67699
        15         1   3.08650
        15         2
        15         3
        15         4   3.76705
        15         5   4.99168   1.98391
        15         6   4.41826   4.77518   4.61676
        15         7   3.89498   4.93299
        15         8   4.95864   4.79289
        15         9   1.90940
        15        10   4.27820
        15        11
        16         0   2.39996   4.78286
        16         1   4.11692
        16         2   4.27047
        16         3
        16         4   4.46696   4.38201
        16         5   2.04669   4.90019
        16         6   1.75556
        16         7   4.37889
        16         8   3.65091
        16         9   4.39370   4.15969
        16        10   4.14388
        16        11
        17         0   4.11692
        17         1   4.78286   2.39996
        17         2
        17         3   4.27047
        17         4   4.90019   2.04669
        17         5   4.38201   4.46696
        17         6   4.37889
        17         7   1.75556
        17         8   4.15969   4.39370
        17         9   3.65091
        17        10
        17        11   4.14388
        18         0   3.83767   4.59155
        18         1   4.01526
        18         2   4.52685
        18         3
        18         4   4.08452
        18         5   4.92627   2.00713
        18         6   1.73343
        18         7   3.98117
        18         8   3.70775
        18         9   3.78046   4.11004
        18        10   4.37270
        18        11
        19         0   4.01526
        19         1   4.59155   3.83767
        19         2
        19         3   4.52685
        19         4   2.00713   4.92627
        19         5   4.08452
        19         6   3.98117
        19         7   1.73343
        19         8   4.11004   3.78046
        19         9   3.70775
        19        10
        19        11   4.37270
        20         0
        20         1   2.87654
        20         2   2.11701
        20         3   3.97701
        20         4   4.33991   4.10292
        20         5
        20         6
        20         7   3.70021
        20         8   1.80641
        20         9
        20        10   4.20031   4.37118
        20        11   3.56548   4.10566
        21         0   2.87654
        21         1
        21         2   3.97701
        21         3   2.11701
        21         4
        21         5   4.10292   4.33991
        21         6   3.70021
        21         7
        21         8
        21         9   1.80641
        21        10   4.10566   3.56548
        21        11   4.37118   4.20031
        22         0   3.91233   3.66008
        22         1
        22         2   2.13601
        22         3   3.67690
        22         4
        22         5   4.20999   4.14306
        22         6   1.71989
        22         7
        22         8
        22         9   4.35473   4.59252
        22        10   4.12215   4.06200
        22        11   4.95984   3.91034
        23         0
        23         1   3.66008   3.91233
        23         2   3.67690
        23         3   2.13601
        23         4   4.14306   4.20999
        23         5
        23         6
        23         7   1.71989
        23         8   4.59252   4.35473
        23         9
        23        10   3.91034   4.95984
        23        11   4.06200   4.12215
        24         0
        24         1   4.66884
        24         2   2.03550   4.91472
        24         3   4.93358   4.55465   3.78897
        24         4
        24         5   4.51137
        24         6   4.36749
        24         7
        24         8   3.63908
        24         9   4.93695
        24        10   1.71425
        24        11   3.92525   3.61257
        25         0   4.66884
        25         1
        25         2   3.78897   4.55465   4.93358
        25         3   4.91472   2.03550
        25         4   4.51137
        25         5
        25         6
        25         7   4.36749
        25         8   4.93695
        25         9   3.63908
        25        10   3.61257   3.92525
        25        11   1.71425
        26         0   4.76222
        26         1   4.01539
        26         2   4.84130   2.10692
        26         3   4.91656   2.10028
        26         4
        26         5   4.45189
        26         6   4.36281
        26         7   4.26515
        26         8   4.78361
        26         9   4.52364
        26        10   1.75875
        26        11   4.71656   4.50823   4.46742
        27         0   4.01539
        27         1   4.76222
        27         2   2.10028   4.91656
        27         3   2.10692   4.84130
        27         4   4.45189
        27         5
        27         6   4.26515
        27         7   4.36281
        27         8   4.52364
        27         9   4.78361
        27        10   4.46742   4.50823   4.71656
        27        11   1.75875
        28         0   3.27219
        28         1
        28         2   4.23879   4.12551
        28         3   4.30347   4.19714
        28         4
        28         5   2.07812
        28         6   4.07112   4.03256
        28         7
        28         8
        28         9   3.24104   4.15659
        28        10   1.75927
        28        11
        29         0
        29         1   3.27219
        29         2   4.19714   4.30347
        29         3   4.12551   4.23879
        29         4   2.07812
        29         5
        29         6
        29         7   4.03256   4.07112
        29         8   4.15659   3.24104
        29         9
        29        10
        29        11   1.75927
        30         0   4.34840
        30         1   3.38608
        30         2   4.59698   4.81404   4.00410
        30         3   2.03738   4.94665
        30         4
        30         5
        30         6
        30         7   4.28590
        30         8   4.52814
        30         9   4.18419
        30        10   1.86487
        30        11   3.90686   3.39288
        31         0   3.38608
        31         1   4.34840
        31         2   4.94665   2.03738
        31         3   4.00410   4.81404   4.59698
        31         4
        31         5
        31         6   4.28590
        31         7
        31         8   4.18419
        31         9   4.52814
        31        10   3.39288   3.90686
        31        11   1.86487
        32         0
        32         1   4.80629   2.27777
        32         2   4.17773
        32         3   4.55597
        32         4   4.07977   4.35107
        32         5   4.40659
        32         6   4.68585
        32         7   4.04693   3.81252
        32         8   1.70156
        32         9
        32        10   3.60676
        32        11   4.31969
        33         0   2.27777   4.80629
        33         1
        33         2   4.55597
        33         3   4.17773
        33         4   4.40659
        33         5   4.35107   4.07977
        33         6   3.81252   4.04693
        33         7   4.68585
        33         8
        33         9   1.70156
        33        10   4.31969
        33        11   3.60676
        34         0   4.93154   4.65277
        34         1   4.08271   4.44385
        34         2   4.52186
        34         3
        34         4   4.95708   2.00827
        34         5   4.22491   4.56838
        34         6   2.90765
        34         7   3.50631   3.81987
        34         8   1.69146
        34         9
        34        10
        34        11   4.46987
        35         0   4.44385   4.08271
        35         1   4.65277   4.93154
        35         2
        35         3   4.52186
        35         4   4.56838   4.22491
        35         5   2.00827   4.95708
        35         6   3.81987   3.50631
        35         7   2.90765
        35         8
        35         9   1.69146
        35        10   4.46987
        35        11
