         0        20   4.71903
         0        21   3.99283
         0        22   4.70165
         0        23
         0        24
         0        25
         0        26   2.24937   4.81117
         0        27
         0        28   2.93360
         0        29
         0        30   3.97464   4.50540   4.95497
         0        31
         0        32   4.74448
         0        33
         0        34
         0        35
         0        36   4.33994
         0        37
         0        38   4.51063
         0        39
         0        40   4.05073
         0        41
         0        42   4.73797   2.60061
         0        43
         0        44   3.23361
         0        45
         0        46   2.43616   4.77534
         0        47
         0        48   2.19035
         0        49
         0        50   4.03371   3.58982
         0        51
         0        52   4.33064
         0        53   3.31981
         0        54   4.34116   4.06034
         0        55
         0        56   3.10960
         0        57
         0        58   4.25300
         0        59
         1        20   3.99283
         1        21   4.71903
         1        22
         1        23   4.70165
         1        24
         1        25
         1        26
         1        27   4.81117   2.24937
         1        28
         1        29   2.93360
         1        30
         1        31   4.95497   4.50540   3.97464
         1        32
         1        33   4.74448
         1        34
         1        35
         1        36
         1        37   4.33994
         1        38
         1        39   4.51063
         1        40
         1        41   4.05073
         1        42
         1        43   2.60061   4.73797
         1        44
         1        45   3.23361
         1        46
         1        47   4.77534   2.43616
         1        48
         1        49   2.19035
         1        50
         1        51   3.58982   4.03371
         1        52   3.31981
         1        53   4.33064
         1        54
         1        55   4.06034   4.34116
         1        56
         1        57   3.10960
         1        58
         1        59   4.25300
         2        20   4.30574
         2        21
         2        22
         2        23   4.32015
         2        24
         2        25
         2        26   4.34002   4.14314
         2        27
         2        28   4.03523   4.35142
         2        29
         2        30   4.92684   2.01193
         2        31
         2        32   4.10457   4.99240
         2        33
         2        34   4.59996
         2        35
         2        36   4.28495
         2        37
         2        38   2.06676
         2        39
         2        40   4.38885   4.38678
         2        41
         2        42   2.05524
         2        43
         2        44   3.52026
         2        45
         2        46   2.05064   4.90131
         2        47
         2        48   4.17263   4.83485   4.46891
         2        49
         2        50   4.06874   4.18176
         2        51
         2        52
         2        53
         2        54   2.01923
         2        55
         2        56   2.06771
         2        57
         2        58   3.63452
         2        59
         3        20
         3        21   4.30574
         3        22   4.32015
         3        23
         3        24
         3        25
         3        26
         3        27   4.14314   4.34002
         3        28
         3        29   4.35142   4.03523
         3        30
         3        31   2.01193   4.92684
         3        32
         3        33   4.99240   4.10457
         3        34
         3        35   4.59996
         3        36
         3        37   4.28495
         3        38
         3        39   2.06676
         3        40
         3        41   4.38678   4.38885
         3        42
         3        43   2.05524
         3        44
         3        45   3.52026
         3        46
         3        47   4.90131   2.05064
         3        48
         3        49   4.46891   4.83485   4.17263
         3        50
         3        51   4.18176   4.06874
         3        52
         3        53
         3        54
         3        55   2.01923
         3        56
         3        57   2.06771
         3        58
         3        59   3.63452
         4        20   4.98975   2.09563
         4        21   2.11329   4.84227
         4        22   4.92522   2.03842
         4        23   4.89100   4.52997   3.84511
         4        24
         4        25
         4        26   4.24186
         4        27   4.40200
         4        28   2.10230
         4        29   3.96730
         4        30
         4        31   4.31990
         4        32
         4        33
         4        34
         4        35
         4        36
         4        37
         4        38
         4        39
         4        40
         4        41
         4        42
         4        43
         4        44
         4        45
         4        46
         4        47   4.18424
         4        48
         4        49
         4        50   3.52629
         4        51   2.09778
         4        52   2.03898
         4        53   4.09510   4.71793   4.61553
         4        54   4.38036
         4        55
         4        56   4.27973   4.16930
         4        57   3.98922   4.26775
         4        58
         4        59
         5        20   4.84227   2.11329
         5        21   2.09563   4.98975
         5        22   3.84511   4.52997   4.89100
         5        23   2.03842   4.92522
         5        24
         5        25
         5        26   4.40200
         5        27   4.24186
         5        28   3.96730
         5        29   2.10230
         5        30   4.31990
         5        31
         5        32
         5        33
         5        34
         5        35
         5        36
         5        37
         5        38
         5        39
         5        40
         5        41
         5        42
         5        43
         5        44
         5        45
         5        46   4.18424
         5        47
         5        48
         5        49
         5        50   2.09778
         5        51   3.52629
         5        52   4.61553   4.71793   4.09510
         5        53   2.03898
         5        54
         5        55   4.38036
         5        56   4.26775   3.98922
         5        57   4.16930   4.27973
         5        58
         5        59
         6        20
         6        21
         6        22
         6        23
         6        24   4.17547   4.09222
         6        25   3.75421
         6        26   4.56944
         6        27
         6        28
         6        29
         6        30   3.39718
         6        31
         6        32   4.07811   4.73635   4.54219
         6        33   4.23625
         6        34   2.11150
         6        35   4.25063   4.48255
         6        36   4.46495   3.72229
         6        37
         6        38   2.00954
         6        39
         6        40   2.04226
         6        41
         6        42   2.18560
         6        43
         6        44   2.11324   4.84134
         6        45   4.94256
         6        46   3.66563
         6        47
         6        48   4.10259
         6        49
         6        50
         6        51
         6        52
         6        53
         6        54   4.35550   4.30651
         6        55
         6        56   4.52580
         6        57
         6        58   4.92006   2.03475
         6        59   4.96416
         7        20
         7        21
         7        22
         7        23
         7        24   3.75421
         7        25   4.09222   4.17547
         7        26
         7        27   4.56944
         7        28
         7        29
         7        30
         7        31   3.39718
         7        32   4.23625
         7        33   4.54219   4.73635   4.07811
         7        34   4.48255   4.25063
         7        35   2.11150
         7        36
         7        37   3.72229   4.46495
         7        38
         7        39   2.00954
         7        40
         7        41   2.04226
         7        42
         7        43   2.18560
         7        44   4.94256
         7        45   4.84134   2.11324
         7        46
         7        47   3.66563
         7        48
         7        49   4.10259
         7        50
         7        51
         7        52
         7        53
         7        54
         7        55   4.30651   4.35550
         7        56
         7        57   4.52580
         7        58   4.96416
         7        59   2.03475   4.92006
         8        20
         8        21
         8        22
         8        23
         8        24   4.59996   3.69731
         8        25   2.12483
         8        26   4.53302
         8        27
         8        28
         8        29
         8        30   4.25573
         8        31
         8        32   4.95848   2.06370
         8        33   4.84402
         8        34   4.25355
         8        35   4.23178   4.10321
         8        36   2.09677   4.88704
         8        37   4.34665
         8        38   4.56110   4.72368   4.23455
         8        39
         8        40   4.81141   2.15455
         8        41   4.24263
         8        42   3.70064
         8        43
         8        44   2.10336
         8        45
         8        46   4.52376   4.43390
         8        47
         8        48   2.13792
         8        49
         8        50
         8        51
         8        52
         8        53
         8        54   4.73949   4.31434
         8        55
         8        56
         8        57
         8        58   3.69109   4.51203
         8        59
         9        20
         9        21
         9        22
         9        23
         9        24   2.12483
         9        25   3.69731   4.59996
         9        26
         9        27   4.53302
         9        28
         9        29
         9        30
         9        31   4.25573
         9        32   4.84402
         9        33   2.06370   4.95848
         9        34   4.10321   4.23178
         9        35   4.25355
         9        36   4.34665
         9        37   4.88704   2.09677
         9        38
         9        39   4.23455   4.72368   4.56110
         9        40   4.24263
         9        41   2.15455   4.81141
         9        42
         9        43   3.70064
         9        44
         9        45   2.10336
         9        46
         9        47   4.43390   4.52376
         9        48
         9        49   2.13792
         9        50
         9        51
         9        52
         9        53
         9        54
         9        55   4.31434   4.73949
         9        56
         9        57
         9        58
         9        59   4.51203   3.69109
        10        20
        10        21
        10        22
        10        23
        10        24   1.66864
        10        25   4.09156   4.16179
        10        26   4.77575
        10        27
        10        28
        10        29
        10        30   4.14296
        10        31
        10        32   3.06196   4.23823
        10        33   4.43712
        10        34   4.19476   3.41403
        10        35   4.32126
        10        36   1.72266
        10        37   3.84091
        10        38   1.96966
        10        39
        10        40   1.73487
        10        41   4.57958
        10        42   3.99048   4.93458
        10        43
        10        44   4.35908   4.29740   4.91292
        10        45   4.26962
        10        46   4.35245
        10        47
        10        48   4.07593   4.43664
        10        49
        10        50
        10        51
        10        52
        10        53
        10        54   3.08451
        10        55
        10        56
        10        57
        10        58   3.68971   4.15428
        10        59   4.89020
        11        20
        11        21
        11        22
        11        23
        11        24   4.16179   4.09156
        11        25   1.66864
        11        26
        11        27   4.77575
        11        28
        11        29
        11        30
        11        31   4.14296
        11        32   4.43712
        11        33   4.23823   3.06196
        11        34   4.32126
        11        35   3.41403   4.19476
        11        36   3.84091
        11        37   1.72266
        11        38
        11        39   1.96966
        11        40   4.57958
        11        41   1.73487
        11        42
        11        43   4.93458   3.99048
        11        44   4.26962
        11        45   4.91292   4.29740   4.35908
        11        46
        11        47   4.35245
        11        48
        11        49   4.43664   4.07593
        11        50
        11        51
        11        52
        11        53
        11        54
        11        55   3.08451
        11        56
        11        57
        11        58   4.89020
        11        59   4.15428   3.68971
        12        20   4.54996
        12        21   4.72754
        12        22   3.63776
        12        23   4.74322
        12        24
        12        25
        12        26   1.69481
        12        27
        12        28   1.78323
        12        29
        12        30   3.71745   4.12812
        12        31
        12        32
        12        33
        12        34
        12        35
        12        36   4.14454
        12        37
        12        38   4.86828   4.15805
        12        39
        12        40   3.48574
        12        41
        12        42   1.96721
        12        43
        12        44   4.64169
        12        45
        12        46   4.52011   4.19493
        12        47
        12        48   3.48220   4.22771
        12        49
        12        50   4.22856   4.69049
        12        51
        12        52   4.15055
        12        53   4.39194
        12        54   1.64456
        12        55
        12        56   3.21691   4.30781
        12        57
        12        58   4.08801
        12        59
        13        20   4.72754
        13        21   4.54996
        13        22   4.74322
        13        23   3.63776
        13        24
        13        25
        13        26
        13        27   1.69481
        13        28
        13        29   1.78323
        13        30
        13        31   4.12812   3.71745
        13        32
        13        33
        13        34
        13        35
        13        36
        13        37   4.14454
        13        38
        13        39   4.15805   4.86828
        13        40
        13        41   3.48574
        13        42
        13        43   1.96721
        13        44
        13        45   4.64169
        13        46
        13        47   4.19493   4.52011
        13        48
        13        49   4.22771   3.48220
        13        50
        13        51   4.69049   4.22856
        13        52   4.39194
        13        53   4.15055
        13        54
        13        55   1.64456
        13        56
        13        57   4.30781   3.21691
        13        58
        13        59   4.08801
        14        20   4.32539
        14        21   4.12140
        14        22
        14        23   4.24581
        14        24
        14        25
        14        26   3.88574   3.95419
        14        27
        14        28   3.68623
        14        29
        14        30   1.71993
        14        31
        14        32   3.12959
        14        33
        14        34
        14        35
        14        36   4.24235
        14        37
        14        38   4.31081   4.13114
        14        39
        14        40   4.45421
        14        41
        14        42   4.39926   4.71205   4.68592
        14        43
        14        44   4.14626
        14        45
        14        46   1.75851
        14        47
        14        48   1.91639
        14        49
        14        50   1.66639
        14        51
        14        52
        14        53   4.21440
        14        54   3.84196   3.50240
        14        55
        14        56   4.19110   4.01386
        14        57
        14        58   3.74329
        14        59
        15        20   4.12140
        15        21   4.32539
        15        22   4.24581
        15        23
        15        24
        15        25
        15        26
        15        27   3.95419   3.88574
        15        28
        15        29   3.68623
        15        30
        15        31   1.71993
        15        32
        15        33   3.12959
        15        34
        15        35
        15        36
        15        37   4.24235
        15        38
        15        39   4.13114   4.31081
        15        40
        15        41   4.45421
        15        42
        15        43   4.68592   4.71205   4.39926
        15        44
        15        45   4.14626
        15        46
        15        47   1.75851
        15        48
        15        49   1.91639
        15        50
        15        51   1.66639
        15        52   4.21440
        15        53
        15        54
        15        55   3.50240   3.84196
        15        56
        15        57   4.01386   4.19110
        15        58
        15        59   3.74329
        16        20   1.75412
        16        21   4.52130   4.41807   4.69743
        16        22   3.64862   4.00541
        16        23   1.71206
        16        24
        16        25
        16        26   4.34233
        16        27   3.57964
        16        28   4.19902   3.47049
        16        29   4.14594   4.29039
        16        30   4.25276
        16        31
        16        32
        16        33
        16        34
        16        35
        16        36
        16        37
        16        38
        16        39
        16        40
        16        41
        16        42   4.24974
        16        43
        16        44
        16        45
        16        46   4.16657
        16        47
        16        48
        16        49
        16        50   4.10865   4.19998
        16        51   3.82307
        16        52   1.89450
        16        53   3.25128   4.02120
        16        54   4.45017
        16        55
        16        56   1.69962
        16        57   4.95720
        16        58
        16        59
        17        20   4.69743   4.41807   4.52130
        17        21   1.75412
        17        22   1.71206
        17        23   4.00541   3.64862
        17        24
        17        25
        17        26   3.57964
        17        27   4.34233
        17        28   4.29039   4.14594
        17        29   3.47049   4.19902
        17        30
        17        31   4.25276
        17        32
        17        33
        17        34
        17        35
        17        36
        17        37
        17        38
        17        39
        17        40
        17        41
        17        42
        17        43   4.24974
        17        44
        17        45
        17        46
        17        47   4.16657
        17        48
        17        49
        17        50   3.82307
        17        51   4.19998   4.10865
        17        52   4.02120   3.25128
        17        53   1.89450
        17        54
        17        55   4.45017
        17        56   4.95720
        17        57   1.69962
        17        58
        17        59
        18        20
        18        21
        18        22
        18        23
        18        24   4.02232
        18        25   4.46569   3.27705
        18        26
        18        27
        18        28
        18        29
        18        30   3.68664
        18        31
        18        32   1.67538
        18        33
        18        34   3.59285   3.86342
        18        35   1.72910
        18        36   4.03504   3.69782
        18        37   4.90084
        18        38   4.16379   3.40297
        18        39   4.37675
        18        40   4.76240   4.40875   4.43983
        18        41   4.59798
        18        42   4.77926   4.60493
        18        43
        18        44   1.88697
        18        45   4.55231
        18        46   3.39818
        18        47
        18        48   4.01770   4.73286
        18        49
        18        50
        18        51
        18        52
        18        53
        18        54
        18        55
        18        56
        18        57
        18        58   1.78960
        18        59   4.11426
        19        20
        19        21
        19        22
        19        23
        19        24   3.27705   4.46569
        19        25   4.02232
        19        26
        19        27
        19        28
        19        29
        19        30
        19        31   3.68664
        19        32
        19        33   1.67538
        19        34   1.72910
        19        35   3.86342   3.59285
        19        36   4.90084
        19        37   3.69782   4.03504
        19        38   4.37675
        19        39   3.40297   4.16379
        19        40   4.59798
        19        41   4.43983   4.40875   4.76240
        19        42
        19        43   4.60493   4.77926
        19        44   4.55231
        19        45   1.88697
        19        46
        19        47   3.39818
        19        48
        19        49   4.73286   4.01770
        19        50
        19        51
        19        52
        19        53
        19        54
        19        55
        19        56
        19        57
        19        58   4.11426
        19        59   1.78960
        20         0   4.71903
        20         1   3.99283
        20         2   4.30574
        20         3
        20         4   2.09563   4.98975
        20         5   2.11329   4.84227
        20         6
        20         7
        20         8
        20         9
        20        10
        20        11
        20        12   4.54996
        20        13   4.72754
        20        14   4.32539
        20        15   4.12140
        20        16   1.75412
        20        17   4.52130   4.41807   4.69743
        20        18
        20        19
        21         0   3.99283
        21         1   4.71903
        21         2
        21         3   4.30574
        21         4   4.84227   2.11329
        21         5   4.98975   2.09563
        21         6
        21         7
        21         8
        21         9
        21        10
        21        11
        21        12   4.72754
        21        13   4.54996
        21        14   4.12140
        21        15   4.32539
        21        16   4.69743   4.41807   4.52130
        21        17   1.75412
        21        18
        21        19
        22         0   4.70165
        22         1
        22         2
        22         3   4.32015
        22         4   2.03842   4.92522
        22         5   4.89100   4.52997   3.84511
        22         6
        22         7
        22         8
        22         9
        22        10
        22        11
        22        12   3.63776
        22        13   4.74322
        22        14
        22        15   4.24581
        22        16   4.00541   3.64862
        22        17   1.71206
        22        18
        22        19
        23         0
        23         1   4.70165
        23         2   4.32015
        23         3
        23         4   3.84511   4.52997   4.89100
        23         5   4.92522   2.03842
        23         6
        23         7
        23         8
        23         9
        23        10
        23        11
        23        12   4.74322
        23        13   3.63776
        23        14   4.24581
        23        15
        23        16   1.71206
        23        17   3.64862   4.00541
        23        18
        23        19
        24         0
        24         1
        24         2
        24         3
        24         4
        24         5
        24         6   4.09222   4.17547
        24         7   3.75421
        24         8   3.69731   4.59996
        24         9   2.12483
        24        10   1.66864
        24        11   4.09156   4.16179
        24        12
        24        13
        24        14
        24        15
        24        16
        24        17
        24        18   4.02232
        24        19   4.46569   3.27705
        25         0
        25         1
        25         2
        25         3
        25         4
        25         5
        25         6   3.75421
        25         7   4.17547   4.09222
        25         8   2.12483
        25         9   4.59996   3.69731
        25        10   4.16179   4.09156
        25        11   1.66864
        25        12
        25        13
        25        14
        25        15
        25        16
        25        17
        25        18   3.27705   4.46569
        25        19   4.02232
        26         0   4.81117   2.24937
        26         1
        26         2   4.14314   4.34002
        26         3
        26         4   4.24186
        26         5   4.40200
        26         6   4.56944
        26         7
        26         8   4.53302
        26         9
        26        10   4.77575
        26        11
        26        12   1.69481
        26        13
        26        14   3.95419   3.88574
        26        15
        26        16   4.34233
        26        17   3.57964
        26        18
        26        19
        27         0
        27         1   2.24937   4.81117
        27         2
        27         3   4.34002   4.14314
        27         4   4.40200
        27         5   4.24186
        27         6
        27         7   4.56944
        27         8
        27         9   4.53302
        27        10
        27        11   4.77575
        27        12
        27        13   1.69481
        27        14
        27        15   3.88574   3.95419
        27        16   3.57964
        27        17   4.34233
        27        18
        27        19
        28         0   2.93360
        28         1
        28         2   4.35142   4.03523
        28         3
        28         4   2.10230
        28         5   3.96730
        28         6
        28         7
        28         8
        28         9
        28        10
        28        11
        28        12   1.78323
        28        13
        28        14   3.68623
        28        15
        28        16   3.47049   4.19902
        28        17   4.14594   4.29039
        28        18
        28        19
        29         0
        29         1   2.93360
        29         2
        29         3   4.03523   4.35142
        29         4   3.96730
        29         5   2.10230
        29         6
        29         7
        29         8
        29         9
        29        10
        29        11
        29        12
        29        13   1.78323
        29        14
        29        15   3.68623
        29        16   4.29039   4.14594
        29        17   4.19902   3.47049
        29        18
        29        19
        30         0   4.95497   4.50540   3.97464
        30         1
        30         2   2.01193   4.92684
        30         3
        30         4
        30         5   4.31990
        30         6   3.39718
        30         7
        30         8   4.25573
        30         9
        30        10   4.14296
        30        11
        30        12   4.12812   3.71745
        30        13
        30        14   1.71993
        30        15
        30        16   4.25276
        30        17
        30        18   3.68664
        30        19
        31         0
        31         1   3.97464   4.50540   4.95497
        31         2
        31         3   4.92684   2.01193
        31         4   4.31990
        31         5
        31         6
        31         7   3.39718
        31         8
        31         9   4.25573
        31        10
        31        11   4.14296
        31        12
        31        13   3.71745   4.12812
        31        14
        31        15   1.71993
        31        16
        31        17   4.25276
        31        18
        31        19   3.68664
        32         0   4.74448
        32         1
        32         2   4.99240   4.10457
        32         3
        32         4
        32         5
        32         6   4.54219   4.73635   4.07811
        32         7   4.23625
        32         8   2.06370   4.95848
        32         9   4.84402
        32        10   4.23823   3.06196
        32        11   4.43712
        32        12
        32        13
        32        14   3.12959
        32        15
        32        16
        32        17
        32        18   1.67538
        32        19
        33         0
        33         1   4.74448
        33         2
        33         3   4.10457   4.99240
        33         4
        33         5
        33         6   4.23625
        33         7   4.07811   4.73635   4.54219
        33         8   4.84402
        33         9   4.95848   2.06370
        33        10   4.43712
        33        11   3.06196   4.23823
        33        12
        33        13
        33        14
        33        15   3.12959
        33        16
        33        17
        33        18
        33        19   1.67538
        34         0
        34         1
        34         2   4.59996
        34         3
        34         4
        34         5
        34         6   2.11150
        34         7   4.25063   4.48255
        34         8   4.25355
        34         9   4.23178   4.10321
        34        10   3.41403   4.19476
        34        11   4.32126
        34        12
        34        13
        34        14
        34        15
        34        16
        34        17
        34        18   3.86342   3.59285
        34        19   1.72910
        35         0
        35         1
        35         2
        35         3   4.59996
        35         4
        35         5
        35         6   4.48255   4.25063
        35         7   2.11150
        35         8   4.10321   4.23178
        35         9   4.25355
        35        10   4.32126
        35        11   4.19476   3.41403
        35        12
        35        13
        35        14
        35        15
        35        16
        35        17
        35        18   1.72910
        35        19   3.59285   3.86342
        36         0   4.33994
        36         1
        36         2   4.28495
        36         3
        36         4
        36         5
        36         6   3.72229   4.46495
        36         7
        36         8   4.88704   2.09677
        36         9   4.34665
        36        10   1.72266
        36        11   3.84091
        36        12   4.14454
        36        13
        36        14   4.24235
        36        15
        36        16
        36        17
        36        18   3.69782   4.03504
        36        19   4.90084
        37         0
        37         1   4.33994
        37         2
        37         3   4.28495
        37         4
        37         5
        37         6
        37         7   4.46495   3.72229
        37         8   4.34665
        37         9   2.09677   4.88704
        37        10   3.84091
        37        11   1.72266
        37        12
        37        13   4.14454
        37        14
        37        15   4.24235
        37        16
        37        17
        37        18   4.90084
        37        19   4.03504   3.69782
        38         0   4.51063
        38         1
        38         2   2.06676
        38         3
        38         4
        38         5
        38         6   2.00954
        38         7
        38         8   4.23455   4.72368   4.56110
        38         9
        38        10   1.96966
        38        11
        38        12   4.15805   4.86828
        38        13
        38        14   4.13114   4.31081
        38        15
        38        16
        38        17
        38        18   3.40297   4.16379
        38        19   4.37675
        39         0
        39         1   4.51063
        39         2
        39         3   2.06676
        39         4
        39         5
        39         6
        39         7   2.00954
        39         8
        39         9   4.56110   4.72368   4.23455
        39        10
        39        11   1.96966
        39        12
        39        13   4.86828   4.15805
        39        14
        39        15   4.31081   4.13114
        39        16
        39        17
        39        18   4.37675
        39        19   4.16379   3.40297
        40         0   4.05073
        40         1
        40         2   4.38678   4.38885
        40         3
        40         4
        40         5
        40         6   2.04226
        40         7
        40         8   2.15455   4.81141
        40         9   4.24263
        40        10   1.73487
        40        11   4.57958
        40        12   3.48574
        40        13
        40        14   4.45421
        40        15
        40        16
        40        17
        40        18   4.43983   4.40875   4.76240
        40        19   4.59798
        41         0
        41         1   4.05073
        41         2
        41         3   4.38885   4.38678
        41         4
        41         5
        41         6
        41         7   2.04226
        41         8   4.24263
        41         9   4.81141   2.15455
        41        10   4.57958
        41        11   1.73487
        41        12
        41        13   3.48574
        41        14
        41        15   4.45421
        41        16
        41        17
        41        18   4.59798
        41        19   4.76240   4.40875   4.43983
        42         0   2.60061   4.73797
        42         1
        42         2   2.05524
        42         3
        42         4
        42         5
        42         6   2.18560
        42         7
        42         8   3.70064
        42         9
        42        10   4.93458   3.99048
        42        11
        42        12   1.96721
        42        13
        42        14   4.68592   4.71205   4.39926
        42        15
        42        16   4.24974
        42        17
        42        18   4.60493   4.77926
        42        19
        43         0
        43         1   4.73797   2.60061
        43         2
        43         3   2.05524
        43         4
        43         5
        43         6
        43         7   2.18560
        43         8
        43         9   3.70064
        43        10
        43        11   3.99048   4.93458
        43        12
        43        13   1.96721
        43        14
        43        15   4.39926   4.71205   4.68592
        43        16
        43        17   4.24974
        43        18
        43        19   4.77926   4.60493
        44         0   3.23361
        44         1
        44         2   3.52026
        44         3
        44         4
        44         5
        44         6   4.84134   2.11324
        44         7   4.94256
        44         8   2.10336
        44         9
        44        10   4.91292   4.29740   4.35908
        44        11   4.26962
        44        12   4.64169
        44        13
        44        14   4.14626
        44        15
        44        16
        44        17
        44        18   1.88697
        44        19   4.55231
        45         0
        45         1   3.23361
        45         2
        45         3   3.52026
        45         4
        45         5
        45         6   4.94256
        45         7   2.11324   4.84134
        45         8
        45         9   2.10336
        45        10   4.26962
        45        11   4.35908   4.29740   4.91292
        45        12
        45        13   4.64169
        45        14
        45        15   4.14626
        45        16
        45        17
        45        18   4.55231
        45        19   1.88697
        46         0   4.77534   2.43616
        46         1
        46         2   4.90131   2.05064
        46         3
        46         4
        46         5   4.18424
        46         6   3.66563
        46         7
        46         8   4.43390   4.52376
        46         9
        46        10   4.35245
        46        11
        46        12   4.19493   4.52011
        46        13
        46        14   1.75851
        46        15
        46        16   4.16657
        46        17
        46        18   3.39818
        46        19
        47         0
        47         1   2.43616   4.77534
        47         2
        47         3   2.05064   4.90131
        47         4   4.18424
        47         5
        47         6
        47         7   3.66563
        47         8
        47         9   4.52376   4.43390
        47        10
        47        11   4.35245
        47        12
        47        13   4.52011   4.19493
        47        14
        47        15   1.75851
        47        16
        47        17   4.16657
        47        18
        47        19   3.39818
        48         0   2.19035
        48         1
        48         2   4.46891   4.83485   4.17263
        48         3
        48         4
        48         5
        48         6   4.10259
        48         7
        48         8   2.13792
        48         9
        48        10   4.43664   4.07593
        48        11
        48        12   4.22771   3.48220
        48        13
        48        14   1.91639
        48        15
        48        16
        48        17
        48        18   4.73286   4.01770
        48        19
        49         0
        49         1   2.19035
        49         2
        49         3   4.17263   4.83485   4.46891
        49         4
        49         5
        49         6
        49         7   4.10259
        49         8
        49         9   2.13792
        49        10
        49        11   4.07593   4.43664
        49        12
        49        13   3.48220   4.22771
        49        14
        49        15   1.91639
        49        16
        49        17
        49        18
        49        19   4.01770   4.73286
        50         0   3.58982   4.03371
        50         1
        50         2   4.18176   4.06874
        50         3
        50         4   3.52629
        50         5   2.09778
        50         6
        50         7
        50         8
        50         9
        50        10
        50        11
        50        12   4.69049   4.22856
        50        13
        50        14   1.66639
        50        15
        50        16   4.19998   4.10865
        50        17   3.82307
        50        18
        50        19
        51         0
        51         1   4.03371   3.58982
        51         2
        51         3   4.06874   4.18176
        51         4   2.09778
        51         5   3.52629
        51         6
        51         7
        51         8
        51         9
        51        10
        51        11
        51        12
        51        13   4.22856   4.69049
        51        14
        51        15   1.66639
        51        16   3.82307
        51        17   4.10865   4.19998
        51        18
        51        19
        52         0   4.33064
