         0        12   4.47259
         0        13
         0        14   4.55589
         0        15
         0        16
         0        17   2.84518
         0        18   4.66179
         0        19   3.00773   4.06761
         0        20
         0        21   4.42493   4.31881
         0        22   4.83453   2.60683
         0        23   4.96415
         0        24
         0        25   3.72271
         0        26   2.78682
         0        27   4.01983
         0        28   2.32452   4.74946
         0        29
         0        30   2.45845
         0        31   4.98613   2.37629
         0        32   3.79732   4.52735
         0        33   2.86987
         0        34   4.94582   4.23115
         0        35
         1        12
         1        13   4.47259
         1        14
         1        15   4.55589
         1        16   2.84518
         1        17
         1        18   4.06761   3.00773
         1        19   4.66179
         1        20   4.31881   4.42493
         1        21
         1        22   4.96415
         1        23   2.60683   4.83453
         1        24   3.72271
         1        25
         1        26   4.01983
         1        27   2.78682
         1        28
         1        29   4.74946   2.32452
         1        30   2.37629   4.98613
         1        31   2.45845
         1        32   2.86987
         1        33   4.52735   3.79732
         1        34
         1        35   4.23115   4.94582
         2        12
         2        13   2.14883
         2        14
         2        15   3.73467   4.97085
         2        16   3.83534
         2        17   4.94244
         2        18   4.81278   2.15632
         2        19   4.91171
         2        20   2.04628   4.88595
         2        21   4.47648
         2        22
         2        23   2.01674   4.82451
         2        24   3.92372
         2        25   4.59918
         2        26
         2        27   4.86392   1.97633
         2        28   4.95339
         2        29   4.34564   4.16040
         2        30   4.69706   3.64360
         2        31   3.95292   4.78925
         2        32   4.48272   4.04734
         2        33   2.06658
         2        34   4.83524
         2        35   4.32080   4.23817
         3        12   2.14883
         3        13
         3        14   4.97085   3.73467
         3        15
         3        16   4.94244
         3        17   3.83534
         3        18   4.91171
         3        19   2.15632   4.81278
         3        20   4.47648
         3        21   4.88595   2.04628
         3        22   4.82451   2.01674
         3        23
         3        24   4.59918
         3        25   3.92372
         3        26   1.97633   4.86392
         3        27
         3        28   4.16040   4.34564
         3        29   4.95339
         3        30   4.78925   3.95292
         3        31   3.64360   4.69706
         3        32   2.06658
         3        33   4.04734   4.48272
         3        34   4.23817   4.32080
         3        35   4.83524
         4        12   4.32198   4.20134
         4        13   2.12537   4.81534
         4        14   3.82050   4.65637
         4        15   4.87856   2.03642
         4        16   2.07336   4.78985
         4        17   3.94372   4.56655
         4        18   2.04695
         4        19
         4        20   3.82645
         4        21
         4        22   4.76054
         4        23   3.71227
         4        24   4.79873   2.06648
         4        25   4.24661   4.25912
         4        26   4.61439
         4        27   3.90803
         4        28   4.53174
         4        29   4.23874
         4        30   4.59525
         4        31
         4        32   4.76527
         4        33   4.82742
         4        34   1.99163
         4        35   4.33549   4.78468   4.80948
         5        12   4.81534   2.12537
         5        13   4.20134   4.32198
         5        14   2.03642   4.87856
         5        15   4.65637   3.82050
         5        16   4.56655   3.94372
         5        17   4.78985   2.07336
         5        18
         5        19   2.04695
         5        20
         5        21   3.82645
         5        22   3.71227
         5        23   4.76054
         5        24   4.25912   4.24661
         5        25   2.06648   4.79873
         5        26   3.90803
         5        27   4.61439
         5        28   4.23874
         5        29   4.53174
         5        30
         5        31   4.59525
         5        32   4.82742
         5        33   4.76527
         5        34   4.80948   4.78468   4.33549
         5        35   1.99163
         6        12
         6        13   4.43785   4.87520
         6        14
         6        15   3.71232
         6        16   4.31829
         6        17
         6        18   1.80831
         6        19   4.23541
         6        20   1.75590
         6        21   4.06971
         6        22   3.41108
         6        23   4.18929   4.13137
         6        24   3.87544
         6        25
         6        26   4.77495   4.85659
         6        27   3.77916   4.36431
         6        28   4.92279
         6        29   3.82183   3.70138
         6        30   1.72861
         6        31   4.28338   4.75875
         6        32   1.76954
         6        33   3.15507   4.08092
         6        34
         6        35
         7        12   4.87520   4.43785
         7        13
         7        14   3.71232
         7        15
         7        16
         7        17   4.31829
         7        18   4.23541
         7        19   1.80831
         7        20   4.06971
         7        21   1.75590
         7        22   4.13137   4.18929
         7        23   3.41108
         7        24
         7        25   3.87544
         7        26   4.36431   3.77916
         7        27   4.85659   4.77495
         7        28   3.70138   3.82183
         7        29   4.92279
         7        30   4.75875   4.28338
         7        31   1.72861
         7        32   4.08092   3.15507
         7        33   1.76954
         7        34
         7        35
         8        12   1.78691
         8        13   4.20453   4.33559
         8        14   1.77948
         8        15   4.21917   3.80648
         8        16   1.77231
         8        17   3.93756   4.57425
         8        18   4.58374   4.60506
         8        19   4.45689   4.74729
         8        20
         8        21   3.80853
         8        22   3.86916
         8        23   4.50190
         8        24   1.73291
         8        25   4.24308   3.81400
         8        26   4.21905
         8        27   4.17942
         8        28   4.74662
         8        29   3.85822
         8        30
         8        31
         8        32
         8        33
         8        34   3.86017   3.26456
         8        35   3.30143   3.88780
         9        12   4.33559   4.20453
         9        13   1.78691
         9        14   3.80648   4.21917
         9        15   1.77948
         9        16   4.57425   3.93756
         9        17   1.77231
         9        18   4.74729   4.45689
         9        19   4.60506   4.58374
         9        20   3.80853
         9        21
         9        22   4.50190
         9        23   3.86916
         9        24   3.81400   4.24308
         9        25   1.73291
         9        26   4.17942
         9        27   4.21905
         9        28   3.85822
         9        29   4.74662
         9        30
         9        31
         9        32
         9        33
         9        34   3.88780   3.30143
         9        35   3.26456   3.86017
        10        12   3.75143   3.95615
        10        13   4.47407
        10        14   3.72233   4.85258
        10        15   4.19991
        10        16   4.35379
        10        17   3.43368   4.35300
        10        18
        10        19   4.42459   4.89785   4.69876
        10        20
        10        21   3.87518   3.57405
        10        22   1.75980
        10        23
        10        24   4.25728
        10        25   4.20471   4.43215
        10        26   1.79006
        10        27
        10        28   1.72166
        10        29
        10        30   3.71109
        10        31   4.62574   4.44580
        10        32   4.46271   4.58207
        10        33   4.56390
        10        34   1.77772
        10        35
        11        12   4.47407
        11        13   3.95615   3.75143
        11        14   4.19991
        11        15   4.85258   3.72233
        11        16   4.35300   3.43368
        11        17   4.35379
        11        18   4.69876   4.89785   4.42459
        11        19
        11        20   3.57405   3.87518
        11        21
        11        22
        11        23   1.75980
        11        24   4.43215   4.20471
        11        25   4.25728
        11        26
        11        27   1.79006
        11        28
        11        29   1.72166
        11        30   4.44580   4.62574
        11        31   3.71109
        11        32   4.56390
        11        33   4.58207   4.46271
        11        34
        11        35   1.77772
        12         0   4.47259
        12         1
        12         2
        12         3   2.14883
        12         4   4.20134   4.32198
        12         5   2.12537   4.81534
        12         6
        12         7   4.43785   4.87520
        12         8   1.78691
        12         9   4.20453   4.33559
        12        10   3.95615   3.75143
        12        11   4.47407
        13         0
        13         1   4.47259
        13         2   2.14883
        13         3
        13         4   4.81534   2.12537
        13         5   4.32198   4.20134
        13         6   4.87520   4.43785
        13         7
        13         8   4.33559   4.20453
        13         9   1.78691
        13        10   4.47407
        13        11   3.75143   3.95615
        14         0   4.55589
        14         1
        14         2
        14         3   3.73467   4.97085
        14         4   4.65637   3.82050
        14         5   4.87856   2.03642
        14         6
        14         7   3.71232
        14         8   1.77948
        14         9   4.21917   3.80648
        14        10   4.85258   3.72233
        14        11   4.19991
        15         0
        15         1   4.55589
        15         2   4.97085   3.73467
        15         3
        15         4   2.03642   4.87856
        15         5   3.82050   4.65637
        15         6   3.71232
        15         7
        15         8   3.80648   4.21917
        15         9   1.77948
        15        10   4.19991
        15        11   3.72233   4.85258
        16         0
        16         1   2.84518
        16         2   3.83534
        16         3   4.94244
        16         4   4.78985   2.07336
        16         5   3.94372   4.56655
        16         6   4.31829
        16         7
        16         8   1.77231
        16         9   3.93756   4.57425
        16        10   4.35379
        16        11   3.43368   4.35300
        17         0   2.84518
        17         1
        17         2   4.94244
        17         3   3.83534
        17         4   4.56655   3.94372
        17         5   2.07336   4.78985
        17         6
        17         7   4.31829
        17         8   4.57425   3.93756
        17         9   1.77231
        17        10   4.35300   3.43368
        17        11   4.35379
        18         0   4.66179
        18         1   3.00773   4.06761
        18         2   2.15632   4.81278
        18         3   4.91171
        18         4   2.04695
        18         5
        18         6   1.80831
        18         7   4.23541
        18         8   4.60506   4.58374
        18         9   4.45689   4.74729
        18        10
        18        11   4.42459   4.89785   4.69876
        19         0   4.06761   3.00773
        19         1   4.66179
        19         2   4.91171
        19         3   4.81278   2.15632
        19         4
        19         5   2.04695
        19         6   4.23541
        19         7   1.80831
        19         8   4.74729   4.45689
        19         9   4.58374   4.60506
        19        10   4.69876   4.89785   4.42459
        19        11
        20         0
        20         1   4.42493   4.31881
        20         2   4.88595   2.04628
        20         3   4.47648
        20         4   3.82645
        20         5
        20         6   1.75590
        20         7   4.06971
        20         8
        20         9   3.80853
        20        10
        20        11   3.87518   3.57405
        21         0   4.31881   4.42493
        21         1
        21         2   4.47648
        21         3   2.04628   4.88595
        21         4
        21         5   3.82645
        21         6   4.06971
        21         7   1.75590
        21         8   3.80853
        21         9
        21        10   3.57405   3.87518
        21        11
        22         0   2.60683   4.83453
        22         1   4.96415
        22         2
        22         3   2.01674   4.82451
        22         4   4.76054
        22         5   3.71227
        22         6   3.41108
        22         7   4.18929   4.13137
        22         8   3.86916
        22         9   4.50190
        22        10   1.75980
        22        11
        23         0   4.96415
        23         1   4.83453   2.60683
        23         2   4.82451   2.01674
        23         3
        23         4   3.71227
        23         5   4.76054
        23         6   4.13137   4.18929
        23         7   3.41108
        23         8   4.50190
        23         9   3.86916
        23        10
        23        11   1.75980
        24         0
        24         1   3.72271
        24         2   3.92372
        24         3   4.59918
        24         4   2.06648   4.79873
        24         5   4.24661   4.25912
        24         6   3.87544
        24         7
        24         8   1.73291
        24         9   4.24308   3.81400
        24        10   4.25728
        24        11   4.20471   4.43215
        25         0   3.72271
        25         1
        25         2   4.59918
        25         3   3.92372
        25         4   4.25912   4.24661
        25         5   4.79873   2.06648
        25         6
        25         7   3.87544
        25         8   3.81400   4.24308
        25         9   1.73291
        25        10   4.43215   4.20471
        25        11   4.25728
        26         0   2.78682
        26         1   4.01983
        26         2
        26         3   4.86392   1.97633
        26         4   4.61439
        26         5   3.90803
        26         6   4.85659   4.77495
        26         7   3.77916   4.36431
        26         8   4.21905
        26         9   4.17942
        26        10   1.79006
        26        11
        27         0   4.01983
        27         1   2.78682
        27         2   1.97633   4.86392
        27         3
        27         4   3.90803
        27         5   4.61439
        27         6   4.36431   3.77916
        27         7   4.77495   4.85659
        27         8   4.17942
        27         9   4.21905
        27        10
        27        11   1.79006
        28         0   4.74946   2.32452
        28         1
        28         2   4.95339
        28         3   4.34564   4.16040
        28         4   4.53174
        28         5   4.23874
        28         6   4.92279
        28         7   3.82183   3.70138
        28         8   4.74662
        28         9   3.85822
        28        10   1.72166
        28        11
        29         0
        29         1   2.32452   4.74946
        29         2   4.16040   4.34564
        29         3   4.95339
        29         4   4.23874
        29         5   4.53174
        29         6   3.70138   3.82183
        29         7   4.92279
        29         8   3.85822
        29         9   4.74662
        29        10
        29        11   1.72166
        30         0   2.45845
        30         1   4.98613   2.37629
        30         2   3.64360   4.69706
        30         3   3.95292   4.78925
        30         4   4.59525
        30         5
        30         6   1.72861
        30         7   4.28338   4.75875
        30         8
        30         9
        30        10   3.71109
        30        11   4.62574   4.44580
        31         0   2.37629   4.98613
        31         1   2.45845
        31         2   4.78925   3.95292
        31         3   4.69706   3.64360
        31         4
        31         5   4.59525
        31         6   4.75875   4.28338
        31         7   1.72861
        31         8
        31         9
        31        10   4.44580   4.62574
        31        11   3.71109
        32         0   4.52735   3.79732
        32         1   2.86987
        32         2   4.04734   4.48272
        32         3   2.06658
        32         4   4.76527
        32         5   4.82742
        32         6   1.76954
        32         7   3.15507   4.08092
        32         8
        32         9
        32        10   4.58207   4.46271
        32        11   4.56390
        33         0   2.86987
        33         1   3.79732   4.52735
        33         2   2.06658
        33         3   4.48272   4.04734
        33         4   4.82742
        33         5   4.76527
        33         6   4.08092   3.15507
        33         7   1.76954
        33         8
        33         9
        33        10   4.56390
        33        11   4.46271   4.58207
        34         0   4.23115   4.94582
        34         1
        34         2   4.83524
        34         3   4.32080   4.23817
        34         4   1.99163
        34         5   4.33549   4.78468   4.80948
        34         6
        34         7
        34         8   3.26456   3.86017
        34         9   3.30143   3.88780
        34        10   1.77772
        34        11
        35         0
        35         1   4.94582   4.23115
        35         2   4.23817   4.32080
        35         3   4.83524
        35         4   4.80948   4.78468   4.33549
        35         5   1.99163
        35         6
        35         7
        35         8   3.88780   3.30143
        35         9   3.86017   3.26456
        35        10
        35        11   1.77772
