         0        24   4.04579   4.04579
         0        25   3.32836   4.65390
         0        26   4.65390   3.32836
         0        27   4.77461
         0        28   4.14383
         0        29   3.62302
         0        30   3.62302
         0        31   4.14383
         0        32   4.77461
         0        33
         0        34   4.98222   3.87697
         0        35   3.87697   4.98222
         0        36   4.09928
         0        37   4.30900
         0        38
         0        39   3.64293
         0        40   4.71453
         0        41   4.42889
         0        42   2.96731
         0        43   2.33942
         0        44   1.81159
         0        45   2.43642
         0        46   3.30737
         0        47   3.61645
         0        48   4.09927
         0        49
         0        50   4.30901
         0        51   1.81159
         0        52   2.33941
         0        53   2.96732
         0        54   4.42889
         0        55   4.71453
         0        56   3.64293
         0        57   2.43642
         0        58   3.61644
         0        59   3.30738
         1        24   4.09927
         1        25
         1        26   4.30901
         1        27   1.81159
         1        28   2.33941
         1        29   2.96732
         1        30   4.42889
         1        31   4.71453
         1        32   3.64293
         1        33   2.43642
         1        34   3.61644
         1        35   3.30738
         1        36   4.04579   4.04579
         1        37   3.32836   4.65390
         1        38   4.65390   3.32836
         1        39   4.77461
         1        40   4.14383
         1        41   3.62302
         1        42   3.62302
         1        43   4.14383
         1        44   4.77461
         1        45
         1        46   4.98222   3.87697
         1        47   3.87697   4.98222
         1        48   4.09927
         1        49   4.30902
         1        50
         1        51   3.64294
         1        52   4.71452
         1        53   4.42888
         1        54   2.96730
         1        55   2.33940
         1        56   1.81160
         1        57   2.43642
         1        58   3.30737
         1        59   3.61643
         2        24   4.09928
         2        25   4.30900
         2        26
         2        27   3.64293
         2        28   4.71453
         2        29   4.42889
         2        30   2.96731
         2        31   2.33942
         2        32   1.81159
         2        33   2.43642
         2        34   3.30737
         2        35   3.61645
         2        36   4.09929
         2        37
         2        38   4.30900
         2        39   1.81158
         2        40   2.33941
         2        41   2.96730
         2        42   4.42889
         2        43   4.71451
         2        44   3.64294
         2        45   2.43643
         2        46   3.61644
         2        47   3.30736
         2        48   4.04579   4.04579
         2        49   3.32836   4.65390
         2        50   4.65390   3.32836
         2        51   4.77461
         2        52   4.14383
         2        53   3.62302
         2        54   3.62302
         2        55   4.14383
         2        56   4.77461
         2        57
         2        58   4.98222   3.87697
         2        59   3.87697   4.98222
         3        24   2.96342
         3        25   3.41087
         3        26   1.34224
         3        27   3.41930
         3        28   3.58832
         3        29   4.54673
         3        30   2.24094
         3        31   4.02570
         3        32   4.65625
         3        33   4.99795
         3        34   4.49024
         3        35   2.27555
         3        36   4.78460   4.78460
         3        37
         3        38
         3        39   3.52927
         3        40   3.33928
         3        41   4.06651   4.99941
         3        42   4.99941   4.06651
         3        43   3.33928
         3        44   3.52927
         3        45   3.81469   3.81469
         3        46   4.36600   4.70260
         3        47   4.70260   4.36600
         3        48   2.96343
         3        49   1.34224
         3        50   3.41087
         3        51   4.65626
         3        52   4.02568
         3        53   2.24093
         3        54   4.54671
         3        55   3.58833
         3        56   3.41930
         3        57   4.99796
         3        58   2.27553
         3        59   4.49023
         4        24   2.34206
         4        25   3.53064
         4        26   4.53961
         4        27   4.61053
         4        28   4.47101
         4        29   2.94929
         4        30   4.26516
         4        31   1.32184
         4        32   3.46949
         4        33   2.37121
         4        34
         4        35   3.36514
         4        36   4.95239   4.10982
         4        37   3.44116
         4        38   4.38586   4.70968
         4        39   4.35703   4.76164
         4        40   3.24201
         4        41   4.90990   4.67734
         4        42   3.73573   4.86734
         4        43
         4        44   3.55477
         4        45   4.91410   4.12651
         4        46   3.98565   3.63570
         4        47
         4        48   4.48280
         4        49   4.15250
         4        50   2.22995
         4        51   2.13631
         4        52   4.68001
         4        53   2.96776
         4        54   3.33280
         4        55   3.35163
         4        56   4.26553
         4        57   4.44045
         4        58
         4        59   1.36785
         5        24   4.48281
         5        25   2.22996
         5        26   4.15251
         5        27   4.26555
         5        28   3.35162
         5        29   3.33279
         5        30   2.96776
         5        31   4.68001
         5        32   2.13633
         5        33   4.44046
         5        34   1.36785
         5        35
         5        36   4.10982   4.95239
         5        37   4.70968   4.38586
         5        38   3.44116
         5        39   3.55477
         5        40
         5        41   4.86734   3.73573
         5        42   4.67734   4.90990
         5        43   3.24201
         5        44   4.76164   4.35703
         5        45   4.12651   4.91410
         5        46
         5        47   3.63570   3.98565
         5        48   2.34204
         5        49   4.53959
         5        50   3.53063
         5        51   3.46949
         5        52   1.32185
         5        53   4.26517
         5        54   2.94929
         5        55   4.47099
         5        56   4.61052
         5        57   2.37121
         5        58   3.36515
         5        59
         6        24   2.96341
         6        25   1.34224
         6        26   3.41087
         6        27   4.65626
         6        28   4.02570
         6        29   2.24093
         6        30   4.54673
         6        31   3.58832
         6        32   3.41931
         6        33   4.99794
         6        34   2.27555
         6        35   4.49023
         6        36   2.96341
         6        37   3.41088
         6        38   1.34225
         6        39   3.41931
         6        40   3.58831
         6        41   4.54673
         6        42   2.24092
         6        43   4.02569
         6        44   4.65627
         6        45   4.99794
         6        46   4.49022
         6        47   2.27555
         6        48   4.78460   4.78460
         6        49
         6        50
         6        51   3.52927
         6        52   3.33928
         6        53   4.06651   4.99941
         6        54   4.99941   4.06651
         6        55   3.33928
         6        56   3.52927
         6        57   3.81469   3.81469
         6        58   4.36600   4.70260
         6        59   4.70260   4.36600
         7        24   4.48280
         7        25   4.15251
         7        26   2.22995
         7        27   2.13633
         7        28   4.68002
         7        29   2.96776
         7        30   3.33278
         7        31   3.35162
         7        32   4.26555
         7        33   4.44047
         7        34
         7        35   1.36785
         7        36   2.34205
         7        37   3.53065
         7        38   4.53961
         7        39   4.61051
         7        40   4.47099
         7        41   2.94930
         7        42   4.26515
         7        43   1.32185
         7        44   3.46947
         7        45   2.37120
         7        46
         7        47   3.36515
         7        48   4.95239   4.10982
         7        49   3.44116
         7        50   4.38586   4.70968
         7        51   4.35703   4.76164
         7        52   3.24201
         7        53   4.90990   4.67734
         7        54   3.73573   4.86734
         7        55
         7        56   3.55477
         7        57   4.91410   4.12651
         7        58   3.98565   3.63570
         7        59
         8        24   2.34206
         8        25   4.53961
         8        26   3.53065
         8        27   3.46948
         8        28   1.32184
         8        29   4.26515
         8        30   2.94929
         8        31   4.47101
         8        32   4.61052
         8        33   2.37121
         8        34   3.36514
         8        35
         8        36   4.48279
         8        37   2.22994
         8        38   4.15249
         8        39   4.26554
         8        40   3.35163
         8        41   3.33278
         8        42   2.96777
         8        43   4.68003
         8        44   2.13633
         8        45   4.44046
         8        46   1.36785
         8        47
         8        48   4.10982   4.95239
         8        49   4.70968   4.38586
         8        50   3.44116
         8        51   3.55477
         8        52
         8        53   4.86734   3.73573
         8        54   4.67734   4.90990
         8        55   3.24201
         8        56   4.76164   4.35703
         8        57   4.12651   4.91410
         8        58
         8        59   3.63570   3.98565
         9        24   4.78460   4.78460
         9        25
         9        26
         9        27   3.52927
         9        28   3.33928
         9        29   4.06651   4.99941
         9        30   4.99941   4.06651
         9        31   3.33928
         9        32   3.52927
         9        33   3.81469   3.81469
         9        34   4.36600   4.70260
         9        35   4.70260   4.36600
         9        36   2.96341
         9        37   1.34224
         9        38   3.41087
         9        39   4.65626
         9        40   4.02570
         9        41   2.24093
         9        42   4.54673
         9        43   3.58832
         9        44   3.41931
         9        45   4.99794
         9        46   2.27555
         9        47   4.49023
         9        48   2.96342
         9        49   3.41087
         9        50   1.34224
         9        51   3.41930
         9        52   3.58832
         9        53   4.54673
         9        54   2.24094
         9        55   4.02570
         9        56   4.65625
         9        57   4.99795
         9        58   4.49024
         9        59   2.27555
        10        24   4.95239   4.10982
        10        25   3.44116
        10        26   4.38586   4.70968
        10        27   4.35703   4.76164
        10        28   3.24201
        10        29   4.90990   4.67734
        10        30   3.73573   4.86734
        10        31
        10        32   3.55477
        10        33   4.91410   4.12651
        10        34   3.98565   3.63570
        10        35
        10        36   4.48280
        10        37   4.15251
        10        38   2.22995
        10        39   2.13633
        10        40   4.68002
        10        41   2.96776
        10        42   3.33278
        10        43   3.35162
        10        44   4.26555
        10        45   4.44047
        10        46
        10        47   1.36785
        10        48   2.34206
        10        49   3.53064
        10        50   4.53961
        10        51   4.61053
        10        52   4.47101
        10        53   2.94929
        10        54   4.26516
        10        55   1.32184
        10        56   3.46949
        10        57   2.37121
        10        58
        10        59   3.36514
        11        24   4.10982   4.95239
        11        25   4.70968   4.38586
        11        26   3.44116
        11        27   3.55477
        11        28
        11        29   4.86734   3.73573
        11        30   4.67734   4.90990
        11        31   3.24201
        11        32   4.76164   4.35703
        11        33   4.12651   4.91410
        11        34
        11        35   3.63570   3.98565
        11        36   2.34206
        11        37   4.53961
        11        38   3.53065
        11        39   3.46948
        11        40   1.32184
        11        41   4.26515
        11        42   2.94929
        11        43   4.47101
        11        44   4.61052
        11        45   2.37121
        11        46   3.36514
        11        47
        11        48   4.48281
        11        49   2.22996
        11        50   4.15251
        11        51   4.26555
        11        52   3.35162
        11        53   3.33279
        11        54   2.96776
        11        55   4.68001
        11        56   2.13633
        11        57   4.44046
        11        58   1.36785
        11        59
        12        24   1.39276
        12        25   1.39276
        12        26   1.39276
        12        27   3.84695
        12        28   3.87761
        12        29   3.73150
        12        30   3.73150
        12        31   3.87761
        12        32   3.84695
        12        33   3.95094
        12        34   3.95094
        12        35   3.95094
        12        36   4.77785
        12        37
        12        38   3.60493
        12        39   4.32930
        12        40   3.87805
        12        41   4.61988
        12        42   2.13323
        12        43   3.18344
        12        44   3.71560   4.64921
        12        45   4.78442   4.22360
        12        46   3.58965
        12        47   2.93355
        12        48   4.77786
        12        49   3.60492
        12        50
        12        51   4.64922   3.71560
        12        52   3.18343
        12        53   2.13324
        12        54   4.61987
        12        55   3.87806
        12        56   4.32930
        12        57   4.22360   4.78442
        12        58   2.93355
        12        59   3.58966
        13        24   3.91162
        13        25   3.78839
        13        26   3.78839
        13        27   1.45588
        13        28   3.59575
        13        29   4.66735
        13        30   4.66735
        13        31   3.59575
        13        32   1.45588
        13        33   1.35343
        13        34   4.12959
        13        35   4.12959
        13        36   4.79152   4.23164
        13        37   3.85698   4.51720
        13        38   4.43359
        13        39   3.60813
        13        40   3.59623
        13        41   2.28417
        13        42   4.94981
        13        43   3.44048
        13        44
        13        45   4.76654
        13        46   3.33163
        13        47   3.17005
        13        48   4.23164   4.79153
        13        49   4.43359
        13        50   4.51720   3.85697
        13        51
        13        52   3.44049
        13        53   4.94980
        13        54   2.28417
        13        55   3.59623
        13        56   3.60813
        13        57   4.76654
        13        58   3.17006
        13        59   3.33163
        14        24   3.78839
        14        25   3.91162
        14        26   3.78839
        14        27   4.53091
        14        28   1.30325
        14        29   3.55410
        14        30   1.37935
        14        31   4.53982
        14        32   3.44653
        14        33   4.12959
        14        34   1.35343
        14        35   4.12959
        14        36   4.57218
        14        37   2.92816
        14        38   3.32752
        14        39   3.00246   4.86564
        14        40
        14        41   4.31123
        14        42   4.77478
        14        43   4.68397   4.99356
        14        44   2.30406
        14        45   3.67105
        14        46   3.62838
        14        47   4.50025   4.21403
        14        48   2.22952
        14        49   3.61292
        14        50   3.84749
        14        51   4.59752   4.92370
        14        52   3.63346
        14        53   4.60930   4.05623
        14        54   4.77316
        14        55   4.59219   3.22941
        14        56   4.50593
        14        57   2.76992
        14        58
        14        59   4.19251
        15        24   3.78839
        15        25   3.78839
        15        26   3.91162
        15        27   3.44653
        15        28   4.53982
        15        29   1.37935
        15        30   3.55410
        15        31   1.30325
        15        32   4.53091
        15        33   4.12959
        15        34   4.12959
        15        35   1.35343
        15        36   2.22953
        15        37   3.84750
        15        38   3.61293
        15        39   4.50593
        15        40   3.22941   4.59219
        15        41   4.77316
        15        42   4.05623   4.60931
        15        43   3.63346
        15        44   4.92370   4.59752
        15        45   2.76991
        15        46   4.19251
        15        47
        15        48   4.57219
        15        49   3.32753
        15        50   2.92817
        15        51   2.30405
        15        52   4.99355   4.68397
        15        53   4.77477
        15        54   4.31123
        15        55
        15        56   4.86564   3.00245
        15        57   3.67104
        15        58   4.21403   4.50025
        15        59   3.62838
        16        24   4.77786
        16        25   3.60492
        16        26
        16        27   4.64922   3.71560
        16        28   3.18343
        16        29   2.13324
        16        30   4.61987
        16        31   3.87806
        16        32   4.32930
        16        33   4.22360   4.78442
        16        34   2.93355
        16        35   3.58966
        16        36   1.39276
        16        37   1.39276
        16        38   1.39276
        16        39   3.84695
        16        40   3.87761
        16        41   3.73150
        16        42   3.73150
        16        43   3.87761
        16        44   3.84695
        16        45   3.95094
        16        46   3.95094
        16        47   3.95094
        16        48   4.77785
        16        49
        16        50   3.60492
        16        51   4.32930
        16        52   3.87806
        16        53   4.61987
        16        54   2.13324
        16        55   3.18344
        16        56   3.71562   4.64921
        16        57   4.78444   4.22359
        16        58   3.58967
        16        59   2.93354
        17        24   4.23164   4.79153
        17        25   4.43359
        17        26   4.51720   3.85697
        17        27
        17        28   3.44049
        17        29   4.94980
        17        30   2.28417
        17        31   3.59623
        17        32   3.60813
        17        33   4.76654
        17        34   3.17006
        17        35   3.33163
        17        36   3.91162
        17        37   3.78839
        17        38   3.78839
        17        39   1.45588
        17        40   3.59575
        17        41   4.66735
        17        42   4.66735
        17        43   3.59575
        17        44   1.45588
        17        45   1.35343
        17        46   4.12959
        17        47   4.12959
        17        48   4.79154   4.23164
        17        49   3.85699   4.51719
        17        50   4.43358
        17        51   3.60813
        17        52   3.59622
        17        53   2.28418
        17        54   4.94980
        17        55   3.44050
        17        56
        17        57   4.76653
        17        58   3.33163
        17        59   3.17007
        18        24   2.22952
        18        25   3.61292
        18        26   3.84749
        18        27   4.59752   4.92370
        18        28   3.63346
        18        29   4.60930   4.05623
        18        30   4.77316
        18        31   4.59219   3.22941
        18        32   4.50593
        18        33   2.76992
        18        34
        18        35   4.19251
        18        36   3.78839
        18        37   3.91162
        18        38   3.78839
        18        39   4.53091
        18        40   1.30325
        18        41   3.55410
        18        42   1.37935
        18        43   4.53982
        18        44   3.44653
        18        45   4.12959
        18        46   1.35343
        18        47   4.12959
        18        48   4.57220
        18        49   2.92817
        18        50   3.32754
        18        51   3.00246   4.86562
        18        52
        18        53   4.31123
        18        54   4.77476
        18        55   4.68397   4.99355
        18        56   2.30405
        18        57   3.67105
        18        58   3.62837
        18        59   4.50027   4.21403
        19        24   4.57219
        19        25   3.32753
        19        26   2.92817
        19        27   2.30405
        19        28   4.99355   4.68397
        19        29   4.77477
        19        30   4.31123
        19        31
        19        32   4.86564   3.00245
        19        33   3.67104
        19        34   4.21403   4.50025
        19        35   3.62838
        19        36   3.78839
        19        37   3.78839
        19        38   3.91162
        19        39   3.44653
        19        40   4.53982
        19        41   1.37935
        19        42   3.55410
        19        43   1.30325
        19        44   4.53091
        19        45   4.12959
        19        46   4.12959
        19        47   1.35343
        19        48   2.22952
        19        49   3.84748
        19        50   3.61292
        19        51   4.50594
        19        52   3.22942   4.59218
        19        53   4.77315
        19        54   4.05624   4.60929
        19        55   3.63346
        19        56   4.92370   4.59753
        19        57   2.76992
        19        58   4.19251
        19        59
        20        24   4.77785
        20        25
        20        26   3.60493
        20        27   4.32930
        20        28   3.87805
        20        29   4.61988
        20        30   2.13323
        20        31   3.18344
        20        32   3.71560   4.64921
        20        33   4.78442   4.22360
        20        34   3.58965
        20        35   2.93355
        20        36   4.77785
        20        37   3.60492
        20        38
        20        39   4.64920   3.71561
        20        40   3.18345
        20        41   2.13323
        20        42   4.61989
        20        43   3.87804
        20        44   4.32930
        20        45   4.22359   4.78444
        20        46   2.93356
        20        47   3.58965
        20        48   1.39276
        20        49   1.39276
        20        50   1.39276
        20        51   3.84695
        20        52   3.87761
        20        53   3.73150
        20        54   3.73150
        20        55   3.87761
        20        56   3.84695
        20        57   3.95094
        20        58   3.95094
        20        59   3.95094
        21        24   4.79152   4.23164
        21        25   3.85698   4.51720
        21        26   4.43359
        21        27   3.60813
        21        28   3.59623
        21        29   2.28417
        21        30   4.94981
        21        31   3.44048
        21        32
        21        33   4.76654
        21        34   3.33163
        21        35   3.17005
        21        36   4.23163   4.79154
        21        37   4.43359
        21        38   4.51719   3.85699
        21        39
        21        40   3.44049
        21        41   4.94982
        21        42   2.28417
        21        43   3.59624
        21        44   3.60812
        21        45   4.76654
        21        46   3.17005
        21        47   3.33164
        21        48   3.91162
        21        49   3.78839
        21        50   3.78839
        21        51   1.45588
        21        52   3.59575
        21        53   4.66735
        21        54   4.66735
        21        55   3.59575
        21        56   1.45588
        21        57   1.35343
        21        58   4.12959
        21        59   4.12959
        22        24   4.57218
        22        25   2.92816
        22        26   3.32752
        22        27   3.00246   4.86564
        22        28
        22        29   4.31123
        22        30   4.77478
        22        31   4.68397   4.99356
        22        32   2.30406
        22        33   3.67105
        22        34   3.62838
        22        35   4.50025   4.21403
        22        36   2.22953
        22        37   3.61294
        22        38   3.84750
        22        39   4.59751   4.92370
        22        40   3.63345
        22        41   4.60930   4.05625
        22        42   4.77315
        22        43   4.59218   3.22942
        22        44   4.50593
        22        45   2.76991
        22        46
        22        47   4.19250
        22        48   3.78839
        22        49   3.91162
        22        50   3.78839
        22        51   4.53091
        22        52   1.30325
        22        53   3.55410
        22        54   1.37935
        22        55   4.53982
        22        56   3.44653
        22        57   4.12959
        22        58   1.35343
        22        59   4.12959
        23        24   2.22953
        23        25   3.84750
        23        26   3.61293
        23        27   4.50593
        23        28   3.22941   4.59219
        23        29   4.77316
        23        30   4.05623   4.60931
        23        31   3.63346
        23        32   4.92370   4.59752
        23        33   2.76991
        23        34   4.19251
        23        35
        23        36   4.57218
        23        37   3.32753
        23        38   2.92816
        23        39   2.30406
        23        40   4.99356   4.68397
        23        41   4.77477
        23        42   4.31123
        23        43
        23        44   4.86563   3.00247
        23        45   3.67106
        23        46   4.21402   4.50026
        23        47   3.62837
        23        48   3.78839
        23        49   3.78839
        23        50   3.91162
        23        51   3.44653
        23        52   4.53982
        23        53   1.37935
        23        54   3.55410
        23        55   1.30325
        23        56   4.53091
        23        57   4.12959
        23        58   4.12959
        23        59   1.35343
        24         0   4.04579   4.04579
        24         1   4.09927
        24         2   4.09928
        24         3   2.96342
        24         4   2.34206
        24         5   4.48281
        24         6   2.96341
        24         7   4.48280
        24         8   2.34206
        24         9   4.78460   4.78460
        24        10   4.10982   4.95239
        24        11   4.95239   4.10982
        24        12   1.39276
        24        13   3.91162
        24        14   3.78839
        24        15   3.78839
        24        16   4.77786
        24        17   4.79153   4.23164
        24        18   2.22952
        24        19   4.57219
        24        20   4.77785
        24        21   4.23164   4.79152
        24        22   4.57218
        24        23   2.22953
        25         0   4.65390   3.32836
        25         1
        25         2   4.30900
        25         3   3.41087
        25         4   3.53064
        25         5   2.22996
        25         6   1.34224
        25         7   4.15251
        25         8   4.53961
        25         9
        25        10   3.44116
        25        11   4.38586   4.70968
        25        12   1.39276
        25        13   3.78839
        25        14   3.91162
        25        15   3.78839
        25        16   3.60492
        25        17   4.43359
        25        18   3.61292
        25        19   3.32753
        25        20
        25        21   4.51720   3.85698
        25        22   2.92816
        25        23   3.84750
        26         0   3.32836   4.65390
        26         1   4.30901
        26         2
        26         3   1.34224
        26         4   4.53961
        26         5   4.15251
        26         6   3.41087
        26         7   2.22995
        26         8   3.53065
        26         9
        26        10   4.70968   4.38586
        26        11   3.44116
        26        12   1.39276
        26        13   3.78839
        26        14   3.78839
        26        15   3.91162
        26        16
        26        17   3.85697   4.51720
        26        18   3.84749
        26        19   2.92817
        26        20   3.60493
        26        21   4.43359
        26        22   3.32752
        26        23   3.61293
        27         0   4.77461
        27         1   1.81159
        27         2   3.64293
        27         3   3.41930
        27         4   4.61053
        27         5   4.26555
        27         6   4.65626
        27         7   2.13633
        27         8   3.46948
        27         9   3.52927
        27        10   4.76164   4.35703
        27        11   3.55477
        27        12   3.84695
        27        13   1.45588
        27        14   4.53091
        27        15   3.44653
        27        16   3.71560   4.64922
        27        17
        27        18   4.92370   4.59752
        27        19   2.30405
        27        20   4.32930
        27        21   3.60813
        27        22   4.86564   3.00246
        27        23   4.50593
        28         0   4.14383
        28         1   2.33941
        28         2   4.71453
        28         3   3.58832
        28         4   4.47101
        28         5   3.35162
        28         6   4.02570
        28         7   4.68002
        28         8   1.32184
        28         9   3.33928
        28        10   3.24201
        28        11
        28        12   3.87761
        28        13   3.59575
        28        14   1.30325
        28        15   4.53982
        28        16   3.18343
        28        17   3.44049
        28        18   3.63346
        28        19   4.68397   4.99355
        28        20   3.87805
        28        21   3.59623
        28        22
        28        23   4.59219   3.22941
        29         0   3.62302
        29         1   2.96732
        29         2   4.42889
        29         3   4.54673
        29         4   2.94929
        29         5   3.33279
        29         6   2.24093
        29         7   2.96776
        29         8   4.26515
        29         9   4.99941   4.06651
        29        10   4.67734   4.90990
        29        11   3.73573   4.86734
        29        12   3.73150
        29        13   4.66735
        29        14   3.55410
        29        15   1.37935
        29        16   2.13324
        29        17   4.94980
        29        18   4.05623   4.60930
        29        19   4.77477
        29        20   4.61988
        29        21   2.28417
        29        22   4.31123
        29        23   4.77316
        30         0   3.62302
        30         1   4.42889
        30         2   2.96731
        30         3   2.24094
        30         4   4.26516
        30         5   2.96776
        30         6   4.54673
        30         7   3.33278
        30         8   2.94929
        30         9   4.06651   4.99941
        30        10   4.86734   3.73573
        30        11   4.90990   4.67734
        30        12   3.73150
        30        13   4.66735
        30        14   1.37935
        30        15   3.55410
        30        16   4.61987
        30        17   2.28417
        30        18   4.77316
        30        19   4.31123
        30        20   2.13323
        30        21   4.94981
        30        22   4.77478
        30        23   4.60931   4.05623
        31         0   4.14383
        31         1   4.71453
        31         2   2.33942
        31         3   4.02570
        31         4   1.32184
        31         5   4.68001
        31         6   3.58832
        31         7   3.35162
        31         8   4.47101
        31         9   3.33928
        31        10
        31        11   3.24201
        31        12   3.87761
        31        13   3.59575
        31        14   4.53982
        31        15   1.30325
        31        16   3.87806
        31        17   3.59623
        31        18   3.22941   4.59219
        31        19
        31        20   3.18344
        31        21   3.44048
        31        22   4.99356   4.68397
        31        23   3.63346
        32         0   4.77461
        32         1   3.64293
        32         2   1.81159
        32         3   4.65625
        32         4   3.46949
        32         5   2.13633
        32         6   3.41931
        32         7   4.26555
        32         8   4.61052
        32         9   3.52927
        32        10   3.55477
        32        11   4.35703   4.76164
        32        12   3.84695
        32        13   1.45588
        32        14   3.44653
        32        15   4.53091
        32        16   4.32930
        32        17   3.60813
        32        18   4.50593
        32        19   3.00245   4.86564
        32        20   4.64921   3.71560
        32        21
        32        22   2.30406
        32        23   4.59752   4.92370
        33         0
        33         1   2.43642
        33         2   2.43642
        33         3   4.99795
        33         4   2.37121
        33         5   4.44046
        33         6   4.99794
        33         7   4.44047
        33         8   2.37121
        33         9   3.81469   3.81469
        33        10   4.12651   4.91410
        33        11   4.91410   4.12651
        33        12   3.95094
        33        13   1.35343
        33        14   4.12959
        33        15   4.12959
        33        16   4.78442   4.22360
        33        17   4.76654
        33        18   2.76992
        33        19   3.67104
        33        20   4.22360   4.78442
        33        21   4.76654
        33        22   3.67105
        33        23   2.76991
        34         0   3.87697   4.98222
        34         1   3.61644
        34         2   3.30737
        34         3   4.49024
        34         4
        34         5   1.36785
        34         6   2.27555
        34         7
        34         8   3.36514
        34         9   4.70260   4.36600
        34        10   3.63570   3.98565
        34        11
        34        12   3.95094
        34        13   4.12959
        34        14   1.35343
        34        15   4.12959
        34        16   2.93355
        34        17   3.17006
        34        18
        34        19   4.50025   4.21403
        34        20   3.58965
        34        21   3.33163
        34        22   3.62838
        34        23   4.19251
        35         0   4.98222   3.87697
        35         1   3.30738
        35         2   3.61645
        35         3   2.27555
        35         4   3.36514
        35         5
        35         6   4.49023
        35         7   1.36785
        35         8
        35         9   4.36600   4.70260
        35        10
        35        11   3.98565   3.63570
        35        12   3.95094
        35        13   4.12959
        35        14   4.12959
        35        15   1.35343
        35        16   3.58966
        35        17   3.33163
        35        18   4.19251
        35        19   3.62838
        35        20   2.93355
        35        21   3.17005
        35        22   4.21403   4.50025
        35        23
        36         0   4.09928
        36         1   4.04579   4.04579
        36         2   4.09929
        36         3   4.78460   4.78460
        36         4   4.10982   4.95239
        36         5   4.95239   4.10982
        36         6   2.96341
        36         7   2.34205
        36         8   4.48279
        36         9   2.96341
        36        10   4.48280
        36        11   2.34206
        36        12   4.77785
        36        13   4.23164   4.79152
        36        14   4.57218
        36        15   2.22953
        36        16   1.39276
        36        17   3.91162
        36        18   3.78839
        36        19   3.78839
        36        20   4.77785
        36        21   4.79154   4.23163
        36        22   2.22953
        36        23   4.57218
        37         0   4.30900
        37         1   4.65390   3.32836
        37         2
        37         3
        37         4   3.44116
        37         5   4.38586   4.70968
        37         6   3.41088
        37         7   3.53065
        37         8   2.22994
        37         9   1.34224
        37        10   4.15251
        37        11   4.53961
        37        12
        37        13   4.51720   3.85698
        37        14   2.92816
        37        15   3.84750
        37        16   1.39276
        37        17   3.78839
        37        18   3.91162
        37        19   3.78839
        37        20   3.60492
        37        21   4.43359
        37        22   3.61294
        37        23   3.32753
        38         0
        38         1   3.32836   4.65390
        38         2   4.30900
        38         3
        38         4   4.70968   4.38586
        38         5   3.44116
        38         6   1.34225
        38         7   4.53961
        38         8   4.15249
        38         9   3.41087
        38        10   2.22995
        38        11   3.53065
        38        12   3.60493
        38        13   4.43359
        38        14   3.32752
        38        15   3.61293
        38        16   1.39276
        38        17   3.78839
        38        18   3.78839
        38        19   3.91162
        38        20
        38        21   3.85699   4.51719
        38        22   3.84750
        38        23   2.92816
        39         0   3.64293
        39         1   4.77461
        39         2   1.81158
        39         3   3.52927
        39         4   4.76164   4.35703
        39         5   3.55477
        39         6   3.41931
        39         7   4.61051
        39         8   4.26554
        39         9   4.65626
        39        10   2.13633
        39        11   3.46948
        39        12   4.32930
        39        13   3.60813
        39        14   4.86564   3.00246
        39        15   4.50593
        39        16   3.84695
        39        17   1.45588
        39        18   4.53091
        39        19   3.44653
        39        20   3.71561   4.64920
        39        21
        39        22   4.92370   4.59751
        39        23   2.30406
        40         0   4.71453
        40         1   4.14383
        40         2   2.33941
        40         3   3.33928
        40         4   3.24201
        40         5
        40         6   3.58831
        40         7   4.47099
