         0        24
         0        25   4.99265   3.86474
         0        26   3.86474   4.99265
         0        27   4.04589   4.04589
         0        28   3.33373   4.65023
         0        29   4.65023   3.33373
         0        30   4.78445
         0        31   4.15515
         0        32   3.62098
         0        33   3.62098
         0        34   4.15515
         0        35   4.78445
         0        36   2.43982
         0        37   3.30553
         0        38   3.62203
         0        39   4.10020
         0        40   4.30853
         0        41
         0        42   3.63688
         0        43   4.71900
         0        44   4.43290
         0        45   2.94783
         0        46   2.32498
         0        47   1.79923
         0        48   2.43982
         0        49   3.62202
         0        50   3.30554
         0        51   4.10019
         0        52
         0        53   4.30854
         0        54   1.79923
         0        55   2.32497
         0        56   2.94783
         0        57   4.43289
         0        58   4.71900
         0        59   3.63688
         1        24   2.43982
         1        25   3.62202
         1        26   3.30554
         1        27   4.10019
         1        28
         1        29   4.30854
         1        30   1.79923
         1        31   2.32497
         1        32   2.94783
         1        33   4.43289
         1        34   4.71900
         1        35   3.63688
         1        36
         1        37   4.99265   3.86474
         1        38   3.86474   4.99265
         1        39   4.04589   4.04589
         1        40   3.33373   4.65023
         1        41   4.65023   3.33373
         1        42   4.78445
         1        43   4.15515
         1        44   3.62098
         1        45   3.62098
         1        46   4.15515
         1        47   4.78445
         1        48   2.43982
         1        49   3.30553
         1        50   3.62201
         1        51   4.10019
         1        52   4.30854
         1        53
         1        54   3.63689
         1        55   4.71899
         1        56   4.43288
         1        57   2.94782
         1        58   2.32496
         1        59   1.79924
         2        24   2.43982
         2        25   3.30553
         2        26   3.62203
         2        27   4.10020
         2        28   4.30853
         2        29
         2        30   3.63688
         2        31   4.71900
         2        32   4.43290
         2        33   2.94783
         2        34   2.32498
         2        35   1.79923
         2        36   2.43983
         2        37   3.62202
         2        38   3.30552
         2        39   4.10021
         2        40
         2        41   4.30852
         2        42   1.79922
         2        43   2.32498
         2        44   2.94781
         2        45   4.43290
         2        46   4.71898
         2        47   3.63689
         2        48
         2        49   4.99265   3.86474
         2        50   3.86474   4.99265
         2        51   4.04589   4.04589
         2        52   3.33373   4.65023
         2        53   4.65023   3.33373
         2        54   4.78445
         2        55   4.15515
         2        56   3.62098
         2        57   3.62098
         2        58   4.15515
         2        59   4.78445
         3        24   4.96831
         3        25   4.50198
         3        26   2.25910
         3        27   2.95082
         3        28   3.39780
         3        29   1.34570
         3        30   3.42232
         3        31   3.58646
         3        32   4.53501
         3        33   2.25167
         3        34   4.02427
         3        35   4.65854
         3        36   3.82099   3.82099
         3        37   4.37076   4.69946
         3        38   4.69946   4.37076
         3        39   4.79276   4.79276
         3        40
         3        41
         3        42   3.53360
         3        43   3.34530
         3        44   4.05775   4.99882
         3        45   4.99882   4.05775
         3        46   3.34530
         3        47   3.53360
         3        48   4.96832
         3        49   2.25908
         3        50   4.50198
         3        51   2.95083
         3        52   1.34570
         3        53   3.39781
         3        54   4.65854
         3        55   4.02425
         3        56   2.25166
         3        57   4.53500
         3        58   3.58646
         3        59   3.42232
         4        24   2.36208
         4        25
         4        26   3.37414
         4        27   2.34708
         4        28   3.52210
         4        29   4.52752
         4        30   4.60200
         4        31   4.46599
         4        32   2.94986
         4        33   4.24667
         4        34   1.32385
         4        35   3.46232
         4        36   4.92477   4.11523
         4        37   4.00346   3.62937
         4        38
         4        39   4.94458   4.10664
         4        40   3.44629
         4        41   4.38102   4.70319
         4        42   4.36271   4.74809
         4        43   3.23791
         4        44   4.89909   4.68900
         4        45   3.75155   4.85107
         4        46
         4        47   3.55124
         4        48   4.44879
         4        49
         4        50   1.35880
         4        51   4.47072
         4        52   4.14120
         4        53   2.23555
         4        54   2.14056
         4        55   4.66403
         4        56   2.95658
         4        57   3.33173
         4        58   3.34930
         4        59   4.25903
         5        24   4.44881
         5        25   1.35879
         5        26
         5        27   4.47073
         5        28   2.23556
         5        29   4.14121
         5        30   4.25905
         5        31   3.34929
         5        32   3.33172
         5        33   2.95657
         5        34   4.66404
         5        35   2.14057
         5        36   4.11523   4.92477
         5        37
         5        38   3.62937   4.00346
         5        39   4.10664   4.94458
         5        40   4.70319   4.38102
         5        41   3.44629
         5        42   3.55124
         5        43
         5        44   4.85107   3.75155
         5        45   4.68900   4.89909
         5        46   3.23791
         5        47   4.74809   4.36271
         5        48   2.36207
         5        49   3.37415
         5        50
         5        51   2.34707
         5        52   4.52750
         5        53   3.52210
         5        54   3.46233
         5        55   1.32386
         5        56   4.24668
         5        57   2.94986
         5        58   4.46598
         5        59   4.60199
         6        24   4.96830
         6        25   2.25910
         6        26   4.50197
         6        27   2.95082
         6        28   1.34570
         6        29   3.39780
         6        30   4.65854
         6        31   4.02427
         6        32   2.25166
         6        33   4.53502
         6        34   3.58645
         6        35   3.42233
         6        36   4.96830
         6        37   4.50196
         6        38   2.25909
         6        39   2.95082
         6        40   3.39781
         6        41   1.34571
         6        42   3.42234
         6        43   3.58644
         6        44   4.53501
         6        45   2.25165
         6        46   4.02426
         6        47   4.65855
         6        48   3.82099   3.82099
         6        49   4.37076   4.69946
         6        50   4.69946   4.37076
         6        51   4.79276   4.79276
         6        52
         6        53
         6        54   3.53360
         6        55   3.34530
         6        56   4.05775   4.99882
         6        57   4.99882   4.05775
         6        58   3.34530
         6        59   3.53360
         7        24   4.44881
         7        25
         7        26   1.35879
         7        27   4.47072
         7        28   4.14121
         7        29   2.23555
         7        30   2.14058
         7        31   4.66405
         7        32   2.95658
         7        33   3.33171
         7        34   3.34929
         7        35   4.25905
         7        36   2.36206
         7        37
         7        38   3.37415
         7        39   2.34708
         7        40   3.52211
         7        41   4.52752
         7        42   4.60198
         7        43   4.46598
         7        44   2.94988
         7        45   4.24667
         7        46   1.32385
         7        47   3.46231
         7        48   4.92477   4.11523
         7        49   4.00346   3.62937
         7        50
         7        51   4.94458   4.10664
         7        52   3.44629
         7        53   4.38102   4.70319
         7        54   4.36271   4.74809
         7        55   3.23791
         7        56   4.89909   4.68900
         7        57   3.75155   4.85107
         7        58
         7        59   3.55124
         8        24   2.36208
         8        25   3.37414
         8        26
         8        27   2.34709
         8        28   4.52752
         8        29   3.52211
         8        30   3.46232
         8        31   1.32385
         8        32   4.24666
         8        33   2.94987
         8        34   4.46599
         8        35   4.60199
         8        36   4.44881
         8        37   1.35879
         8        38
         8        39   4.47071
         8        40   2.23554
         8        41   4.14119
         8        42   4.25904
         8        43   3.34930
         8        44   3.33171
         8        45   2.95659
         8        46   4.66405
         8        47   2.14057
         8        48   4.11523   4.92477
         8        49
         8        50   3.62937   4.00346
         8        51   4.10664   4.94458
         8        52   4.70319   4.38102
         8        53   3.44629
         8        54   3.55124
         8        55
         8        56   4.85107   3.75155
         8        57   4.68900   4.89909
         8        58   3.23791
         8        59   4.74809   4.36271
         9        24   3.82099   3.82099
         9        25   4.37076   4.69946
         9        26   4.69946   4.37076
         9        27   4.79276   4.79276
         9        28
         9        29
         9        30   3.53360
         9        31   3.34530
         9        32   4.05775   4.99882
         9        33   4.99882   4.05775
         9        34   3.34530
         9        35   3.53360
         9        36   4.96830
         9        37   2.25910
         9        38   4.50197
         9        39   2.95082
         9        40   1.34570
         9        41   3.39780
         9        42   4.65854
         9        43   4.02427
         9        44   2.25166
         9        45   4.53502
         9        46   3.58645
         9        47   3.42233
         9        48   4.96831
         9        49   4.50198
         9        50   2.25910
         9        51   2.95082
         9        52   3.39780
         9        53   1.34570
         9        54   3.42232
         9        55   3.58646
         9        56   4.53501
         9        57   2.25167
         9        58   4.02427
         9        59   4.65854
        10        24   4.92477   4.11523
        10        25   4.00346   3.62937
        10        26
        10        27   4.94458   4.10664
        10        28   3.44629
        10        29   4.38102   4.70319
        10        30   4.36271   4.74809
        10        31   3.23791
        10        32   4.89909   4.68900
        10        33   3.75155   4.85107
        10        34
        10        35   3.55124
        10        36   4.44881
        10        37
        10        38   1.35879
        10        39   4.47072
        10        40   4.14121
        10        41   2.23555
        10        42   2.14058
        10        43   4.66405
        10        44   2.95658
        10        45   3.33171
        10        46   3.34929
        10        47   4.25905
        10        48   2.36208
        10        49
        10        50   3.37414
        10        51   2.34708
        10        52   3.52210
        10        53   4.52752
        10        54   4.60200
        10        55   4.46599
        10        56   2.94986
        10        57   4.24667
        10        58   1.32385
        10        59   3.46232
        11        24   4.11523   4.92477
        11        25
        11        26   3.62937   4.00346
        11        27   4.10664   4.94458
        11        28   4.70319   4.38102
        11        29   3.44629
        11        30   3.55124
        11        31
        11        32   4.85107   3.75155
        11        33   4.68900   4.89909
        11        34   3.23791
        11        35   4.74809   4.36271
        11        36   2.36208
        11        37   3.37414
        11        38
        11        39   2.34709
        11        40   4.52752
        11        41   3.52211
        11        42   3.46232
        11        43   1.32385
        11        44   4.24666
        11        45   2.94987
        11        46   4.46599
        11        47   4.60199
        11        48   4.44881
        11        49   1.35879
        11        50
        11        51   4.47073
        11        52   2.23556
        11        53   4.14121
        11        54   4.25905
        11        55   3.34929
        11        56   3.33172
        11        57   2.95657
        11        58   4.66404
        11        59   2.14057
        12        24   3.92411
        12        25   3.92411
        12        26   3.92411
        12        27   1.38211
        12        28   1.38211
        12        29   1.38211
        12        30   3.84852
        12        31   3.87697
        12        32   3.74091
        12        33   3.74091
        12        34   3.87697
        12        35   3.84852
        12        36   4.78670   4.23214
        12        37   3.60068
        12        38   2.92915
        12        39   4.76749
        12        40
        12        41   3.60484
        12        42   4.33658
        12        43   3.87724
        12        44   4.61178
        12        45   2.13799
        12        46   3.18444
        12        47   3.71723   4.64485
        12        48   4.23214   4.78670
        12        49   2.92914
        12        50   3.60068
        12        51   4.76750
        12        52   3.60483
        12        53
        12        54   4.64486   3.71723
        12        55   3.18443
        12        56   2.13799
        12        57   4.61177
        12        58   3.87725
        12        59   4.33658
        13        24   1.38594
        13        25   4.10684
        13        26   4.10684
        13        27   3.92794
        13        28   3.77186
        13        29   3.77186
        13        30   1.44418
        13        31   3.59094
        13        32   4.64363
        13        33   4.64363
        13        34   3.59094
        13        35   1.44418
        13        36   4.76861
        13        37   3.33752
        13        38   3.16976
        13        39   4.78601   4.23135
        13        40   3.86571   4.52252
        13        41   4.43581
        13        42   3.59371
        13        43   3.59123
        13        44   2.27297
        13        45   4.96031
        13        46   3.44347
        13        47
        13        48   4.76861
        13        49   3.16977
        13        50   3.33752
        13        51   4.23136   4.78601
        13        52   4.43581
        13        53   4.52252   3.86571
        13        54
        13        55   3.44348
        13        56   4.96030
        13        57   2.27297
        13        58   3.59123
        13        59   3.59371
        14        24   4.10684
        14        25   1.38594
        14        26   4.10684
        14        27   3.77186
        14        28   3.92794
        14        29   3.77186
        14        30   4.51668
        14        31   1.30202
        14        32   3.55211
        14        33   1.37082
        14        34   4.52451
        14        35   3.45193
        14        36   3.68250
        14        37   3.60256
        14        38   4.49610   4.22237
        14        39   4.56792
        14        40   2.92967
        14        41   3.33643
        14        42   3.00572   4.87158
        14        43
        14        44   4.31878
        14        45   4.74500
        14        46   4.68411   4.97072
        14        47   2.30774
        14        48   2.76147
        14        49
        14        50   4.19943
        14        51   2.23303
        14        52   3.59841
        14        53   3.83674
        14        54   4.59888   4.90941
        14        55   3.64300
        14        56   4.60375   4.06164
        14        57   4.78340
        14        58   4.61438   3.21876
        14        59   4.49551
        15        24   4.10684
        15        25   4.10684
        15        26   1.38594
        15        27   3.77186
        15        28   3.77186
        15        29   3.92794
        15        30   3.45193
        15        31   4.52451
        15        32   1.37082
        15        33   3.55211
        15        34   1.30202
        15        35   4.51668
        15        36   2.76146
        15        37   4.19943
        15        38
        15        39   2.23304
        15        40   3.83675
        15        41   3.59842
        15        42   4.49551
        15        43   3.21876   4.61438
        15        44   4.78340
        15        45   4.06164   4.60375
        15        46   3.64300
        15        47   4.90942   4.59887
        15        48   3.68249
        15        49   4.22237   4.49611
        15        50   3.60256
        15        51   4.56793
        15        52   3.33643
        15        53   2.92968
        15        54   2.30773
        15        55   4.97071   4.68411
        15        56   4.74499
        15        57   4.31878
        15        58
        15        59   4.87158   3.00572
        16        24   4.23214   4.78670
        16        25   2.92914
        16        26   3.60068
        16        27   4.76750
        16        28   3.60483
        16        29
        16        30   4.64486   3.71723
        16        31   3.18443
        16        32   2.13799
        16        33   4.61177
        16        34   3.87725
        16        35   4.33658
        16        36   3.92411
        16        37   3.92411
        16        38   3.92411
        16        39   1.38211
        16        40   1.38211
        16        41   1.38211
        16        42   3.84852
        16        43   3.87697
        16        44   3.74091
        16        45   3.74091
        16        46   3.87697
        16        47   3.84852
        16        48   4.78671   4.23213
        16        49   3.60069
        16        50   2.92914
        16        51   4.76749
        16        52
        16        53   3.60483
        16        54   4.33658
        16        55   3.87725
        16        56   4.61177
        16        57   2.13800
        16        58   3.18444
        16        59   3.71724   4.64485
        17        24   4.76861
        17        25   3.16977
        17        26   3.33752
        17        27   4.23136   4.78601
        17        28   4.43581
        17        29   4.52252   3.86571
        17        30
        17        31   3.44348
        17        32   4.96030
        17        33   2.27297
        17        34   3.59123
        17        35   3.59371
        17        36   1.38594
        17        37   4.10684
        17        38   4.10684
        17        39   3.92794
        17        40   3.77186
        17        41   3.77186
        17        42   1.44418
        17        43   3.59094
        17        44   4.64363
        17        45   4.64363
        17        46   3.59094
        17        47   1.44418
        17        48   4.76860
        17        49   3.33752
        17        50   3.16978
        17        51   4.78602   4.23135
        17        52   3.86572   4.52250
        17        53   4.43580
        17        54   3.59371
        17        55   3.59122
        17        56   2.27298
        17        57   4.96029
        17        58   3.44349
        17        59
        18        24   2.76147
        18        25
        18        26   4.19943
        18        27   2.23303
        18        28   3.59841
        18        29   3.83674
        18        30   4.59888   4.90941
        18        31   3.64300
        18        32   4.60375   4.06164
        18        33   4.78340
        18        34   4.61438   3.21876
        18        35   4.49551
        18        36   4.10684
        18        37   1.38594
        18        38   4.10684
        18        39   3.77186
        18        40   3.92794
        18        41   3.77186
        18        42   4.51668
        18        43   1.30202
        18        44   3.55211
        18        45   1.37082
        18        46   4.52451
        18        47   3.45193
        18        48   3.68249
        18        49   3.60256
        18        50   4.49612   4.22237
        18        51   4.56794
        18        52   2.92968
        18        53   3.33644
        18        54   3.00573   4.87157
        18        55
        18        56   4.31878
        18        57   4.74498
        18        58   4.68411   4.97071
        18        59   2.30773
        19        24   3.68249
        19        25   4.22237   4.49611
        19        26   3.60256
        19        27   4.56793
        19        28   3.33643
        19        29   2.92968
        19        30   2.30773
        19        31   4.97071   4.68411
        19        32   4.74499
        19        33   4.31878
        19        34
        19        35   4.87158   3.00572
        19        36   4.10684
        19        37   4.10684
        19        38   1.38594
        19        39   3.77186
        19        40   3.77186
        19        41   3.92794
        19        42   3.45193
        19        43   4.52451
        19        44   1.37082
        19        45   3.55211
        19        46   1.30202
        19        47   4.51668
        19        48   2.76147
        19        49   4.19942
        19        50
        19        51   2.23304
        19        52   3.83674
        19        53   3.59841
        19        54   4.49552
        19        55   3.21878   4.61437
        19        56   4.78339
        19        57   4.06165   4.60374
        19        58   3.64300
        19        59   4.90941   4.59888
        20        24   4.78670   4.23214
        20        25   3.60068
        20        26   2.92915
        20        27   4.76749
        20        28
        20        29   3.60484
        20        30   4.33658
        20        31   3.87724
        20        32   4.61178
        20        33   2.13799
        20        34   3.18444
        20        35   3.71723   4.64485
        20        36   4.23213   4.78671
        20        37   2.92915
        20        38   3.60068
        20        39   4.76748
        20        40   3.60483
        20        41
        20        42   4.64484   3.71724
        20        43   3.18445
        20        44   2.13799
        20        45   4.61178
        20        46   3.87724
        20        47   4.33658
        20        48   3.92411
        20        49   3.92411
        20        50   3.92411
        20        51   1.38211
        20        52   1.38211
        20        53   1.38211
        20        54   3.84852
        20        55   3.87697
        20        56   3.74091
        20        57   3.74091
        20        58   3.87697
        20        59   3.84852
        21        24   4.76861
        21        25   3.33752
        21        26   3.16976
        21        27   4.78601   4.23135
        21        28   3.86571   4.52252
        21        29   4.43581
        21        30   3.59371
        21        31   3.59123
        21        32   2.27297
        21        33   4.96031
        21        34   3.44347
        21        35
        21        36   4.76860
        21        37   3.16976
        21        38   3.33753
        21        39   4.23135   4.78602
        21        40   4.43581
        21        41   4.52251   3.86573
        21        42
        21        43   3.44348
        21        44   4.96031
        21        45   2.27298
        21        46   3.59123
        21        47   3.59370
        21        48   1.38594
        21        49   4.10684
        21        50   4.10684
        21        51   3.92794
        21        52   3.77186
        21        53   3.77186
        21        54   1.44418
        21        55   3.59094
        21        56   4.64363
        21        57   4.64363
        21        58   3.59094
        21        59   1.44418
        22        24   3.68250
        22        25   3.60256
        22        26   4.49610   4.22237
        22        27   4.56792
        22        28   2.92967
        22        29   3.33643
        22        30   3.00572   4.87158
        22        31
        22        32   4.31878
        22        33   4.74500
        22        34   4.68411   4.97072
        22        35   2.30774
        22        36   2.76146
        22        37
        22        38   4.19942
        22        39   2.23304
        22        40   3.59843
        22        41   3.83675
        22        42   4.59887   4.90942
        22        43   3.64300
        22        44   4.60374   4.06166
        22        45   4.78339
        22        46   4.61437   3.21877
        22        47   4.49551
        22        48   4.10684
        22        49   1.38594
        22        50   4.10684
        22        51   3.77186
        22        52   3.92794
        22        53   3.77186
        22        54   4.51668
        22        55   1.30202
        22        56   3.55211
        22        57   1.37082
        22        58   4.52451
        22        59   3.45193
        23        24   2.76146
        23        25   4.19943
        23        26
        23        27   2.23304
        23        28   3.83675
        23        29   3.59842
        23        30   4.49551
        23        31   3.21876   4.61438
        23        32   4.78340
        23        33   4.06164   4.60375
        23        34   3.64300
        23        35   4.90942   4.59887
        23        36   3.68251
        23        37   4.22237   4.49612
        23        38   3.60255
        23        39   4.56792
        23        40   3.33643
        23        41   2.92967
        23        42   2.30774
        23        43   4.97072   4.68411
        23        44   4.74499
        23        45   4.31878
        23        46
        23        47   4.87157   3.00573
        23        48   4.10684
        23        49   4.10684
        23        50   1.38594
        23        51   3.77186
        23        52   3.77186
        23        53   3.92794
        23        54   3.45193
        23        55   4.52451
        23        56   1.37082
        23        57   3.55211
        23        58   1.30202
        23        59   4.51668
        24         0
        24         1   2.43982
        24         2   2.43982
        24         3   4.96831
        24         4   2.36208
        24         5   4.44881
        24         6   4.96830
        24         7   4.44881
        24         8   2.36208
        24         9   3.82099   3.82099
        24        10   4.11523   4.92477
        24        11   4.92477   4.11523
        24        12   3.92411
        24        13   1.38594
        24        14   4.10684
        24        15   4.10684
        24        16   4.78670   4.23214
        24        17   4.76861
        24        18   2.76147
        24        19   3.68249
        24        20   4.23214   4.78670
        24        21   4.76861
        24        22   3.68250
        24        23   2.76146
        25         0   3.86474   4.99265
        25         1   3.62202
        25         2   3.30553
        25         3   4.50198
        25         4
        25         5   1.35879
        25         6   2.25910
        25         7
        25         8   3.37414
        25         9   4.69946   4.37076
        25        10   3.62937   4.00346
        25        11
        25        12   3.92411
        25        13   4.10684
        25        14   1.38594
        25        15   4.10684
        25        16   2.92914
        25        17   3.16977
        25        18
        25        19   4.49611   4.22237
        25        20   3.60068
        25        21   3.33752
        25        22   3.60256
        25        23   4.19943
        26         0   4.99265   3.86474
        26         1   3.30554
        26         2   3.62203
        26         3   2.25910
        26         4   3.37414
        26         5
        26         6   4.50197
        26         7   1.35879
        26         8
        26         9   4.37076   4.69946
        26        10
        26        11   4.00346   3.62937
        26        12   3.92411
        26        13   4.10684
        26        14   4.10684
        26        15   1.38594
        26        16   3.60068
        26        17   3.33752
        26        18   4.19943
        26        19   3.60256
        26        20   2.92915
        26        21   3.16976
        26        22   4.22237   4.49610
        26        23
        27         0   4.04589   4.04589
        27         1   4.10019
        27         2   4.10020
        27         3   2.95082
        27         4   2.34708
        27         5   4.47073
        27         6   2.95082
        27         7   4.47072
        27         8   2.34709
        27         9   4.79276   4.79276
        27        10   4.10664   4.94458
        27        11   4.94458   4.10664
        27        12   1.38211
        27        13   3.92794
        27        14   3.77186
        27        15   3.77186
        27        16   4.76750
        27        17   4.78601   4.23136
        27        18   2.23303
        27        19   4.56793
        27        20   4.76749
        27        21   4.23135   4.78601
        27        22   4.56792
        27        23   2.23304
        28         0   4.65023   3.33373
        28         1
        28         2   4.30853
        28         3   3.39780
        28         4   3.52210
        28         5   2.23556
        28         6   1.34570
        28         7   4.14121
        28         8   4.52752
        28         9
        28        10   3.44629
        28        11   4.38102   4.70319
        28        12   1.38211
        28        13   3.77186
        28        14   3.92794
        28        15   3.77186
        28        16   3.60483
        28        17   4.43581
        28        18   3.59841
        28        19   3.33643
        28        20
        28        21   4.52252   3.86571
        28        22   2.92967
        28        23   3.83675
        29         0   3.33373   4.65023
        29         1   4.30854
        29         2
        29         3   1.34570
        29         4   4.52752
        29         5   4.14121
        29         6   3.39780
        29         7   2.23555
        29         8   3.52211
        29         9
        29        10   4.70319   4.38102
        29        11   3.44629
        29        12   1.38211
        29        13   3.77186
        29        14   3.77186
        29        15   3.92794
        29        16
        29        17   3.86571   4.52252
        29        18   3.83674
        29        19   2.92968
        29        20   3.60484
        29        21   4.43581
        29        22   3.33643
        29        23   3.59842
        30         0   4.78445
        30         1   1.79923
        30         2   3.63688
        30         3   3.42232
        30         4   4.60200
        30         5   4.25905
        30         6   4.65854
        30         7   2.14058
        30         8   3.46232
        30         9   3.53360
        30        10   4.74809   4.36271
        30        11   3.55124
        30        12   3.84852
        30        13   1.44418
        30        14   4.51668
        30        15   3.45193
        30        16   3.71723   4.64486
        30        17
        30        18   4.90941   4.59888
        30        19   2.30773
        30        20   4.33658
        30        21   3.59371
        30        22   4.87158   3.00572
        30        23   4.49551
        31         0   4.15515
        31         1   2.32497
        31         2   4.71900
        31         3   3.58646
        31         4   4.46599
        31         5   3.34929
        31         6   4.02427
        31         7   4.66405
        31         8   1.32385
        31         9   3.34530
        31        10   3.23791
        31        11
        31        12   3.87697
        31        13   3.59094
        31        14   1.30202
        31        15   4.52451
        31        16   3.18443
        31        17   3.44348
        31        18   3.64300
        31        19   4.68411   4.97071
        31        20   3.87724
        31        21   3.59123
        31        22
        31        23   4.61438   3.21876
        32         0   3.62098
        32         1   2.94783
        32         2   4.43290
        32         3   4.53501
        32         4   2.94986
        32         5   3.33172
        32         6   2.25166
        32         7   2.95658
        32         8   4.24666
        32         9   4.99882   4.05775
        32        10   4.68900   4.89909
        32        11   3.75155   4.85107
        32        12   3.74091
        32        13   4.64363
        32        14   3.55211
        32        15   1.37082
        32        16   2.13799
        32        17   4.96030
        32        18   4.06164   4.60375
        32        19   4.74499
        32        20   4.61178
        32        21   2.27297
        32        22   4.31878
        32        23   4.78340
        33         0   3.62098
        33         1   4.43289
        33         2   2.94783
        33         3   2.25167
        33         4   4.24667
        33         5   2.95657
        33         6   4.53502
        33         7   3.33171
        33         8   2.94987
        33         9   4.05775   4.99882
        33        10   4.85107   3.75155
        33        11   4.89909   4.68900
        33        12   3.74091
        33        13   4.64363
        33        14   1.37082
        33        15   3.55211
        33        16   4.61177
        33        17   2.27297
        33        18   4.78340
        33        19   4.31878
        33        20   2.13799
        33        21   4.96031
        33        22   4.74500
        33        23   4.60375   4.06164
        34         0   4.15515
        34         1   4.71900
        34         2   2.32498
        34         3   4.02427
        34         4   1.32385
        34         5   4.66404
        34         6   3.58645
        34         7   3.34929
        34         8   4.46599
        34         9   3.34530
        34        10
        34        11   3.23791
        34        12   3.87697
        34        13   3.59094
        34        14   4.52451
        34        15   1.30202
        34        16   3.87725
        34        17   3.59123
        34        18   3.21876   4.61438
        34        19
        34        20   3.18444
        34        21   3.44347
        34        22   4.97072   4.68411
        34        23   3.64300
        35         0   4.78445
        35         1   3.63688
        35         2   1.79923
        35         3   4.65854
        35         4   3.46232
        35         5   2.14057
        35         6   3.42233
        35         7   4.25905
        35         8   4.60199
        35         9   3.53360
        35        10   3.55124
        35        11   4.36271   4.74809
        35        12   3.84852
        35        13   1.44418
        35        14   3.45193
        35        15   4.51668
        35        16   4.33658
        35        17   3.59371
        35        18   4.49551
        35        19   3.00572   4.87158
        35        20   4.64485   3.71723
        35        21
        35        22   2.30774
        35        23   4.59887   4.90942
        36         0   2.43982
        36         1
        36         2   2.43983
        36         3   3.82099   3.82099
        36         4   4.11523   4.92477
        36         5   4.92477   4.11523
        36         6   4.96830
        36         7   2.36206
        36         8   4.44881
        36         9   4.96830
        36        10   4.44881
        36        11   2.36208
        36        12   4.23214   4.78670
        36        13   4.76861
        36        14   3.68250
        36        15   2.76146
        36        16   3.92411
        36        17   1.38594
        36        18   4.10684
        36        19   4.10684
        36        20   4.78671   4.23213
        36        21   4.76860
        36        22   2.76146
        36        23   3.68251
        37         0   3.30553
        37         1   3.86474   4.99265
        37         2   3.62202
        37         3   4.69946   4.37076
        37         4   3.62937   4.00346
        37         5
        37         6   4.50196
        37         7
        37         8   1.35879
        37         9   2.25910
        37        10
        37        11   3.37414
        37        12   3.60068
        37        13   3.33752
        37        14   3.60256
        37        15   4.19943
        37        16   3.92411
        37        17   4.10684
        37        18   1.38594
        37        19   4.10684
        37        20   2.92915
        37        21   3.16976
        37        22
        37        23   4.49612   4.22237
        38         0   3.62203
        38         1   4.99265   3.86474
        38         2   3.30552
        38         3   4.37076   4.69946
        38         4
        38         5   4.00346   3.62937
        38         6   2.25909
        38         7   3.37415
        38         8
        38         9   4.50197
        38        10   1.35879
        38        11
        38        12   2.92915
        38        13   3.16976
        38        14   4.22237   4.49610
        38        15
        38        16   3.92411
        38        17   4.10684
        38        18   4.10684
        38        19   1.38594
        38        20   3.60068
        38        21   3.33753
        38        22   4.19942
        38        23   3.60255
        39         0   4.10020
        39         1   4.04589   4.04589
        39         2   4.10021
        39         3   4.79276   4.79276
        39         4   4.10664   4.94458
        39         5   4.94458   4.10664
        39         6   2.95082
        39         7   2.34708
        39         8   4.47071
        39         9   2.95082
        39        10   4.47072
        39        11   2.34709
        39        12   4.76749
        39        13   4.23135   4.78601
        39        14   4.56792
        39        15   2.23304
        39        16   1.38211
        39        17   3.92794
        39        18   3.77186
        39        19   3.77186
        39        20   4.76748
        39        21   4.78602   4.23135
        39        22   2.23304
        39        23   4.56792
        40         0   4.30853
        40         1   4.65023   3.33373
        40         2
        40         3
        40         4   3.44629
        40         5   4.38102   4.70319
        40         6   3.39781
        40         7   3.52211
