         0        16
         0        17
         0        18   2.96080
         0        19   4.83733
         0        20
         0        21
         0        22   2.99173   3.12151
         0        23   4.78952   4.87164
         0        24   2.87549
         0        25   4.71779
         0        26   3.04852
         0        27
         0        28   4.94876
         0        29   2.69390
         0        30   2.92534
         0        31
         0        32
         0        33   2.96399
         0        34   3.16632
         0        35   2.73044
         0        36   4.91494
         0        37
         1        16
         1        17
         1        18   4.83733
         1        19   2.96080
         1        20
         1        21
         1        22   4.78952   4.87164
         1        23   2.99173   3.12151
         1        24   4.71779
         1        25   2.87549
         1        26   3.04852
         1        27
         1        28   4.94876
         1        29   2.69390
         1        30   2.92534
         1        31
         1        32
         1        33   2.96399
         1        34   3.16632
         1        35   2.73044
         1        36   4.91494
         1        37
         2        16
         2        17
         2        18
         2        19
         2        20   2.96080
         2        21   4.83733
         2        22   2.87549
         2        23   4.71779
         2        24   2.99173   3.12151
         2        25   4.78952   4.87164
         2        26
         2        27   3.04852
         2        28   2.69390
         2        29   4.94876
         2        30
         2        31   2.92534
         2        32   2.96399
         2        33
         2        34   2.73044
         2        35   3.16632
         2        36
         2        37   4.91494
         3        16
         3        17
         3        18
         3        19
         3        20   4.83733
         3        21   2.96080
         3        22   4.71779
         3        23   2.87549
         3        24   4.78952   4.87164
         3        25   2.99173   3.12151
         3        26
         3        27   3.04852
         3        28   2.69390
         3        29   4.94876
         3        30
         3        31   2.92534
         3        32   2.96399
         3        33
         3        34   2.73044
         3        35   3.16632
         3        36
         3        37   4.91494
         4        16   3.07044
         4        17   2.84940
         4        18   3.14342   2.93181
         4        19   4.89407   4.76092
         4        20   2.97695
         4        21   4.78885
         4        22   3.37976
         4        23
         4        24
         4        25
         4        26   2.97370
         4        27
         4        28
         4        29   3.40693
         4        30   2.91855
         4        31   4.99795
         4        32   4.95812
         4        33   2.93134
         4        34
         4        35
         4        36   2.89715   4.81775
         4        37   2.77989
         5        16   3.07044
         5        17   2.84940
         5        18   4.89407   4.76092
         5        19   3.14342   2.93181
         5        20   4.78885
         5        21   2.97695
         5        22
         5        23   3.37976
         5        24
         5        25
         5        26   2.97370
         5        27
         5        28
         5        29   3.40693
         5        30   2.91855
         5        31   4.99795
         5        32   4.95812
         5        33   2.93134
         5        34
         5        35
         5        36   2.89715   4.81775
         5        37   2.77989
         6        16   2.84940
         6        17   3.07044
         6        18   2.97695
         6        19   4.78885
         6        20   3.14342   2.93181
         6        21   4.89407   4.76092
         6        22
         6        23
         6        24   3.37976
         6        25
         6        26
         6        27   2.97370
         6        28   3.40693
         6        29
         6        30   4.99795
         6        31   2.91855
         6        32   2.93134
         6        33   4.95812
         6        34
         6        35
         6        36   2.77989
         6        37   2.89715   4.81775
         7        16   2.84940
         7        17   3.07044
         7        18   4.78885
         7        19   2.97695
         7        20   4.89407   4.76092
         7        21   3.14342   2.93181
         7        22
         7        23
         7        24
         7        25   3.37976
         7        26
         7        27   2.97370
         7        28   3.40693
         7        29
         7        30   4.99795
         7        31   2.91855
         7        32   2.93134
         7        33   4.95812
         7        34
         7        35
         7        36   2.77989
         7        37   2.89715   4.81775
         8        16   4.91489   2.16366
         8        17   2.14468   4.67502
         8        18   2.22106
         8        19   2.22106
         8        20   4.92228   4.82582
         8        21   4.92228   4.82582
         8        22   4.64952   4.83312
         8        23   4.64952   4.83312
         8        24
         8        25
         8        26   4.56706   2.28108
         8        27   4.70710
         8        28
         8        29   2.28174
         8        30   4.56209   4.56209
         8        31
         8        32
         8        33   4.51783   4.51783
         8        34
         8        35
         8        36   4.43935   4.43935
         8        37   4.74583   4.74583
         9        16   2.14468   4.67502
         9        17   4.91489   2.16366
         9        18   4.92228   4.82582
         9        19   4.92228   4.82582
         9        20   2.22106
         9        21   2.22106
         9        22
         9        23
         9        24   4.64952   4.83312
         9        25   4.64952   4.83312
         9        26   4.70710
         9        27   4.56706   2.28108
         9        28   2.28174
         9        29
         9        30
         9        31   4.56209   4.56209
         9        32   4.51783   4.51783
         9        33
         9        34
         9        35
         9        36   4.74583   4.74583
         9        37   4.43935   4.43935
        10        16
        10        17
        10        18   4.72356   4.52011
        10        19   4.72356   4.52011
        10        20
        10        21
        10        22   2.34860
        10        23   2.34860
        10        24   4.72293   4.80696
        10        25   4.72293   4.80696
        10        26   4.54525   4.54525
        10        27
        10        28
        10        29   4.52640   4.52640
        10        30   2.23374   4.75455
        10        31   4.83613
        10        32   4.87671
        10        33   4.80728   2.22160
        10        34   2.11405
        10        35   4.50261   2.21312
        10        36   4.73139
        10        37   4.89246
        11        16
        11        17
        11        18
        11        19
        11        20   4.72356   4.52011
        11        21   4.72356   4.52011
        11        22   4.72293   4.80696
        11        23   4.72293   4.80696
        11        24   2.34860
        11        25   2.34860
        11        26
        11        27   4.54525   4.54525
        11        28   4.52640   4.52640
        11        29
        11        30   4.83613
        11        31   2.23374   4.75455
        11        32   4.80728   2.22160
        11        33   4.87671
        11        34   4.50261   2.21312
        11        35   2.11405
        11        36   4.89246
        11        37   4.73139
        12        16   4.65186   4.65186
        12        17   4.67365   4.67365
        12        18   1.84097
        12        19   1.84097
        12        20   4.94139   4.76736
        12        21   4.94139   4.76736
        12        22   4.81643   4.91831
        12        23   4.81643   4.91831
        12        24
        12        25
        12        26   4.55948   4.55948
        12        27
        12        28
        12        29   4.58093   4.58093
        12        30   4.75314   1.91536
        12        31   4.96051
        12        32   4.92945
        12        33   1.90886   4.73193
        12        34   4.84040
        12        35   4.33530
        12        36   1.94625
        12        37   2.67368   4.64347
        13        16   4.67365   4.67365
        13        17   4.65186   4.65186
        13        18   4.94139   4.76736
        13        19   4.94139   4.76736
        13        20   1.84097
        13        21   1.84097
        13        22
        13        23
        13        24   4.81643   4.91831
        13        25   4.81643   4.91831
        13        26
        13        27   4.55948   4.55948
        13        28   4.58093   4.58093
        13        29
        13        30   4.96051
        13        31   4.75314   1.91536
        13        32   1.90886   4.73193
        13        33   4.92945
        13        34   4.33530
        13        35   4.84040
        13        36   2.67368   4.64347
        13        37   1.94625
        14        16   4.63522
        14        17   4.27972
        14        18   4.72120   4.42896
        14        19   4.72120   4.42896
        14        20
        14        21
        14        22   1.79665
        14        23   1.79665
        14        24   4.72566   4.72643
        14        25   4.72566   4.72643
        14        26   1.86164   4.77579
        14        27
        14        28   4.74153
        14        29   4.51210   1.78840
        14        30   4.53529   4.53529
        14        31
        14        32
        14        33   4.48193   4.48193
        14        34   4.73104   4.73104
        14        35   4.70739   4.70739
        14        36
        14        37
        15        16   4.27972
        15        17   4.63522
        15        18
        15        19
        15        20   4.72120   4.42896
        15        21   4.72120   4.42896
        15        22   4.72566   4.72643
        15        23   4.72566   4.72643
        15        24   1.79665
        15        25   1.79665
        15        26
        15        27   1.86164   4.77579
        15        28   4.51210   1.78840
        15        29   4.74153
        15        30
        15        31   4.53529   4.53529
        15        32   4.48193   4.48193
        15        33
        15        34   4.70739   4.70739
        15        35   4.73104   4.73104
        15        36
        15        37
        16         0
        16         1
        16         2
        16         3
        16         4   3.07044
        16         5   3.07044
        16         6   2.84940
        16         7   2.84940
        16         8   2.16366   4.91489
        16         9   4.67502   2.14468
        16        10
        16        11
        16        12   4.65186   4.65186
        16        13   4.67365   4.67365
        16        14   4.63522
        16        15   4.27972
        17         0
        17         1
        17         2
        17         3
        17         4   2.84940
        17         5   2.84940
        17         6   3.07044
        17         7   3.07044
        17         8   4.67502   2.14468
        17         9   2.16366   4.91489
        17        10
        17        11
        17        12   4.67365   4.67365
        17        13   4.65186   4.65186
        17        14   4.27972
        17        15   4.63522
        18         0   2.96080
        18         1   4.83733
        18         2
        18         3
        18         4   2.93181   3.14342
        18         5   4.76092   4.89407
        18         6   2.97695
        18         7   4.78885
        18         8   2.22106
        18         9   4.82582   4.92228
        18        10   4.52011   4.72356
        18        11
        18        12   1.84097
        18        13   4.76736   4.94139
        18        14   4.42896   4.72120
        18        15
        19         0   4.83733
        19         1   2.96080
        19         2
        19         3
        19         4   4.76092   4.89407
        19         5   2.93181   3.14342
        19         6   4.78885
        19         7   2.97695
        19         8   2.22106
        19         9   4.82582   4.92228
        19        10   4.52011   4.72356
        19        11
        19        12   1.84097
        19        13   4.76736   4.94139
        19        14   4.42896   4.72120
        19        15
        20         0
        20         1
        20         2   2.96080
        20         3   4.83733
        20         4   2.97695
        20         5   4.78885
        20         6   2.93181   3.14342
        20         7   4.76092   4.89407
        20         8   4.82582   4.92228
        20         9   2.22106
        20        10
        20        11   4.52011   4.72356
        20        12   4.76736   4.94139
        20        13   1.84097
        20        14
        20        15   4.42896   4.72120
        21         0
        21         1
        21         2   4.83733
        21         3   2.96080
        21         4   4.78885
        21         5   2.97695
        21         6   4.76092   4.89407
        21         7   2.93181   3.14342
        21         8   4.82582   4.92228
        21         9   2.22106
        21        10
        21        11   4.52011   4.72356
        21        12   4.76736   4.94139
        21        13   1.84097
        21        14
        21        15   4.42896   4.72120
        22         0   3.12151   2.99173
        22         1   4.87164   4.78952
        22         2   2.87549
        22         3   4.71779
        22         4   3.37976
        22         5
        22         6
        22         7
        22         8   4.83312   4.64952
        22         9
        22        10   2.34860
        22        11   4.80696   4.72293
        22        12   4.91831   4.81643
        22        13
        22        14   1.79665
        22        15   4.72643   4.72566
        23         0   4.87164   4.78952
        23         1   3.12151   2.99173
        23         2   4.71779
        23         3   2.87549
        23         4
        23         5   3.37976
        23         6
        23         7
        23         8   4.83312   4.64952
        23         9
        23        10   2.34860
        23        11   4.80696   4.72293
        23        12   4.91831   4.81643
        23        13
        23        14   1.79665
        23        15   4.72643   4.72566
        24         0   2.87549
        24         1   4.71779
        24         2   3.12151   2.99173
        24         3   4.87164   4.78952
        24         4
        24         5
        24         6   3.37976
        24         7
        24         8
        24         9   4.83312   4.64952
        24        10   4.80696   4.72293
        24        11   2.34860
        24        12
        24        13   4.91831   4.81643
        24        14   4.72643   4.72566
        24        15   1.79665
        25         0   4.71779
        25         1   2.87549
        25         2   4.87164   4.78952
        25         3   3.12151   2.99173
        25         4
        25         5
        25         6
        25         7   3.37976
        25         8
        25         9   4.83312   4.64952
        25        10   4.80696   4.72293
        25        11   2.34860
        25        12
        25        13   4.91831   4.81643
        25        14   4.72643   4.72566
        25        15   1.79665
        26         0   3.04852
        26         1   3.04852
        26         2
        26         3
        26         4   2.97370
        26         5   2.97370
        26         6
        26         7
        26         8   2.28108   4.56706
        26         9   4.70710
        26        10   4.54525   4.54525
        26        11
        26        12   4.55948   4.55948
        26        13
        26        14   4.77579   1.86164
        26        15
        27         0
        27         1
        27         2   3.04852
        27         3   3.04852
        27         4
        27         5
        27         6   2.97370
        27         7   2.97370
        27         8   4.70710
        27         9   2.28108   4.56706
        27        10
        27        11   4.54525   4.54525
        27        12
        27        13   4.55948   4.55948
        27        14
        27        15   4.77579   1.86164
        28         0   4.94876
        28         1   4.94876
        28         2   2.69390
        28         3   2.69390
        28         4
        28         5
        28         6   3.40693
        28         7   3.40693
        28         8
        28         9   2.28174
        28        10
        28        11   4.52640   4.52640
        28        12
        28        13   4.58093   4.58093
        28        14   4.74153
        28        15   1.78840   4.51210
        29         0   2.69390
        29         1   2.69390
        29         2   4.94876
        29         3   4.94876
        29         4   3.40693
        29         5   3.40693
        29         6
        29         7
        29         8   2.28174
        29         9
        29        10   4.52640   4.52640
        29        11
        29        12   4.58093   4.58093
        29        13
        29        14   1.78840   4.51210
        29        15   4.74153
        30         0   2.92534
        30         1   2.92534
        30         2
        30         3
        30         4   2.91855
        30         5   2.91855
        30         6   4.99795
        30         7   4.99795
        30         8   4.56209   4.56209
        30         9
        30        10   4.75455   2.23374
        30        11   4.83613
        30        12   1.91536   4.75314
        30        13   4.96051
        30        14   4.53529   4.53529
        30        15
        31         0
        31         1
        31         2   2.92534
        31         3   2.92534
        31         4   4.99795
        31         5   4.99795
        31         6   2.91855
        31         7   2.91855
        31         8
        31         9   4.56209   4.56209
        31        10   4.83613
        31        11   4.75455   2.23374
        31        12   4.96051
        31        13   1.91536   4.75314
        31        14
        31        15   4.53529   4.53529
        32         0
        32         1
        32         2   2.96399
        32         3   2.96399
        32         4   4.95812
        32         5   4.95812
        32         6   2.93134
        32         7   2.93134
        32         8
        32         9   4.51783   4.51783
        32        10   4.87671
        32        11   2.22160   4.80728
        32        12   4.92945
        32        13   4.73193   1.90886
        32        14
        32        15   4.48193   4.48193
        33         0   2.96399
        33         1   2.96399
        33         2
        33         3
        33         4   2.93134
        33         5   2.93134
        33         6   4.95812
        33         7   4.95812
        33         8   4.51783   4.51783
        33         9
        33        10   2.22160   4.80728
        33        11   4.87671
        33        12   4.73193   1.90886
        33        13   4.92945
        33        14   4.48193   4.48193
        33        15
        34         0   3.16632
        34         1   3.16632
        34         2   2.73044
        34         3   2.73044
        34         4
        34         5
        34         6
        34         7
        34         8
        34         9
        34        10   2.11405
        34        11   2.21312   4.50261
        34        12   4.84040
        34        13   4.33530
        34        14   4.73104   4.73104
        34        15   4.70739   4.70739
        35         0   2.73044
        35         1   2.73044
        35         2   3.16632
        35         3   3.16632
        35         4
        35         5
        35         6
        35         7
        35         8
        35         9
        35        10   2.21312   4.50261
        35        11   2.11405
        35        12   4.33530
        35        13   4.84040
        35        14   4.70739   4.70739
        35        15   4.73104   4.73104
        36         0   4.91494
        36         1   4.91494
        36         2
        36         3
        36         4   4.81775   2.89715
        36         5   4.81775   2.89715
        36         6   2.77989
        36         7   2.77989
        36         8   4.43935   4.43935
        36         9   4.74583   4.74583
        36        10   4.73139
        36        11   4.89246
        36        12   1.94625
        36        13   4.64347   2.67368
        36        14
        36        15
        37         0
        37         1
        37         2   4.91494
        37         3   4.91494
        37         4   2.77989
        37         5   2.77989
        37         6   4.81775   2.89715
        37         7   4.81775   2.89715
        37         8   4.74583   4.74583
        37         9   4.43935   4.43935
        37        10   4.89246
        37        11   4.73139
        37        12   4.64347   2.67368
        37        13   1.94625
        37        14
        37        15
