         0        24   4.51988   4.50008
         0        25   4.97168   4.37688
         0        26
         0        27   4.44166   4.64157
         0        28   4.57796
         0        29   3.47237   4.68826
         0        30
         0        31   2.31208   4.64022
         0        32   4.69996
         0        33   2.56226
         0        34
         0        35   4.58012   2.99610
         0        36   3.09916   2.40086
         0        37
         0        38   3.94893
         0        39
         0        40   2.97010
         0        41
         0        42
         0        43   4.35868   4.60977
         0        44   2.92664
         0        45   4.90917
         0        46
         0        47   4.05031   3.75818
         0        48   2.41127
         0        49
         0        50
         0        51
         1        24   4.37688   4.97168
         1        25   4.50008   4.51988
         1        26   4.64157   4.44166
         1        27
         1        28   4.68826   3.47237
         1        29   4.57796
         1        30   4.64022   2.31208
         1        31
         1        32   2.56226
         1        33   4.69996
         1        34   2.99610   4.58012
         1        35
         1        36
         1        37   2.40086   3.09916
         1        38
         1        39   3.94893
         1        40
         1        41   2.97010
         1        42   4.60977   4.35868
         1        43
         1        44   4.90917
         1        45   2.92664
         1        46   3.75818   4.05031
         1        47
         1        48
         1        49   2.41127
         1        50
         1        51
         2        24
         2        25   4.64157   4.44166
         2        26   4.50008   4.51988
         2        27   4.37688   4.97168
         2        28
         2        29   4.64022   2.31208
         2        30   4.57796
         2        31   4.68826   3.47237
         2        32
         2        33   2.99610   4.58012
         2        34   4.69996
         2        35   2.56226
         2        36   3.94893
         2        37
         2        38   2.40086   3.09916
         2        39
         2        40
         2        41   4.60977   4.35868
         2        42   2.97010
         2        43
         2        44
         2        45   3.75818   4.05031
         2        46   2.92664
         2        47   4.90917
         2        48
         2        49
         2        50   2.41127
         2        51
         3        24   4.44166   4.64157
         3        25
         3        26   4.97168   4.37688
         3        27   4.51988   4.50008
         3        28   2.31208   4.64022
         3        29
         3        30   3.47237   4.68826
         3        31   4.57796
         3        32   4.58012   2.99610
         3        33
         3        34   2.56226
         3        35   4.69996
         3        36
         3        37   3.94893
         3        38
         3        39   3.09916   2.40086
         3        40   4.35868   4.60977
         3        41
         3        42
         3        43   2.97010
         3        44   4.05031   3.75818
         3        45
         3        46   4.90917
         3        47   2.92664
         3        48
         3        49
         3        50
         3        51   2.41127
         4        24   2.47465
         4        25   4.76654
         4        26
         4        27   4.30649   4.55198
         4        28   2.24740   4.85696
         4        29
         4        30
         4        31   4.43508
         4        32   4.26571   2.92381
         4        33   4.77660
         4        34
         4        35   4.75758
         4        36   2.26516
         4        37   4.86529
         4        38
         4        39   4.36961   4.19597
         4        40   3.45514   4.47149
         4        41
         4        42
         4        43   2.30133
         4        44   2.88027   2.89277
         4        45
         4        46
         4        47   3.68321
         4        48   4.34791   3.49853
         4        49   4.37079
         4        50
         4        51   4.85050
         5        24   4.76654
         5        25   2.47465
         5        26   4.55198   4.30649
         5        27
         5        28
         5        29   4.85696   2.24740
         5        30   4.43508
         5        31
         5        32   4.77660
         5        33   2.92381   4.26571
         5        34   4.75758
         5        35
         5        36   4.86529
         5        37   2.26516
         5        38   4.19597   4.36961
         5        39
         5        40
         5        41   4.47149   3.45514
         5        42   2.30133
         5        43
         5        44
         5        45   2.89277   2.88027
         5        46   3.68321
         5        47
         5        48   4.37079
         5        49   3.49853   4.34791
         5        50   4.85050
         5        51
         6        24
         6        25   4.55198   4.30649
         6        26   2.47465
         6        27   4.76654
         6        28
         6        29   4.43508
         6        30   4.85696   2.24740
         6        31
         6        32
         6        33   4.75758
         6        34   2.92381   4.26571
         6        35   4.77660
         6        36
         6        37   4.19597   4.36961
         6        38   2.26516
         6        39   4.86529
         6        40
         6        41   2.30133
         6        42   4.47149   3.45514
         6        43
         6        44
         6        45   3.68321
         6        46   2.89277   2.88027
         6        47
         6        48
         6        49   4.85050
         6        50   3.49853   4.34791
         6        51   4.37079
         7        24   4.30649   4.55198
         7        25
         7        26   4.76654
         7        27   2.47465
         7        28   4.43508
         7        29
         7        30
         7        31   2.24740   4.85696
         7        32   4.75758
         7        33
         7        34   4.77660
         7        35   4.26571   2.92381
         7        36   4.36961   4.19597
         7        37
         7        38   4.86529
         7        39   2.26516
         7        40   2.30133
         7        41
         7        42
         7        43   3.45514   4.47149
         7        44   3.68321
         7        45
         7        46
         7        47   2.88027   2.89277
         7        48   4.85050
         7        49
         7        50   4.37079
         7        51   4.34791   3.49853
         8        24   2.09332
         8        25
         8        26   4.59094   4.81942
         8        27
         8        28   1.99125   4.94070
         8        29
         8        30   3.46527
         8        31
         8        32   3.62030   2.31629
         8        33
         8        34   3.60642
         8        35
         8        36   4.91955
         8        37   1.97014
         8        38
         8        39   4.45954   4.50625
         8        40   3.75930   4.90865
         8        41
         8        42   3.42234
         8        43   4.77507
         8        44   4.32319   4.54625
         8        45   4.22032   4.69720
         8        46   4.51498
         8        47   4.67439
         8        48
         8        49   2.17378   3.96417
         8        50
         8        51   4.03345
         9        24
         9        25   2.09332
         9        26
         9        27   4.81942   4.59094
         9        28
         9        29   4.94070   1.99125
         9        30
         9        31   3.46527
         9        32
         9        33   2.31629   3.62030
         9        34
         9        35   3.60642
         9        36   1.97014
         9        37   4.91955
         9        38   4.50625   4.45954
         9        39
         9        40
         9        41   4.90865   3.75930
         9        42   4.77507
         9        43   3.42234
         9        44   4.69720   4.22032
         9        45   4.54625   4.32319
         9        46   4.67439
         9        47   4.51498
         9        48   3.96417   2.17378
         9        49
         9        50   4.03345
         9        51
        10        24   4.81942   4.59094
        10        25
        10        26   2.09332
        10        27
        10        28   3.46527
        10        29
        10        30   4.94070   1.99125
        10        31
        10        32   3.60642
        10        33
        10        34   2.31629   3.62030
        10        35
        10        36
        10        37   4.50625   4.45954
        10        38   4.91955
        10        39   1.97014
        10        40   3.42234
        10        41   4.77507
        10        42   4.90865   3.75930
        10        43
        10        44   4.51498
        10        45   4.67439
        10        46   4.54625   4.32319
        10        47   4.69720   4.22032
        10        48
        10        49   4.03345
        10        50
        10        51   3.96417   2.17378
        11        24
        11        25   4.59094   4.81942
        11        26
        11        27   2.09332
        11        28
        11        29   3.46527
        11        30
        11        31   1.99125   4.94070
        11        32
        11        33   3.60642
        11        34
        11        35   3.62030   2.31629
        11        36   4.45954   4.50625
        11        37
        11        38   1.97014
        11        39   4.91955
        11        40   4.77507
        11        41   3.42234
        11        42
        11        43   3.75930   4.90865
        11        44   4.67439
        11        45   4.51498
        11        46   4.22032   4.69720
        11        47   4.32319   4.54625
        11        48   4.03345
        11        49
        11        50   2.17378   3.96417
        11        51
        12        24   2.05731   3.49816
        12        25
        12        26   3.28632
        12        27
        12        28   4.23469   3.23330
        12        29
        12        30   4.98334
        12        31   4.58063
        12        32   2.03153
        12        33
        12        34   4.99540
        12        35
        12        36   4.41540   4.88244
        12        37   4.08138   4.78982
        12        38
        12        39   4.48790   4.72734
        12        40   4.68555   1.99826
        12        41
        12        42   4.38610   4.40794
        12        43
        12        44   3.32223
        12        45   4.14706
        12        46
        12        47   3.76021   4.47675
        12        48
        12        49   4.58588   2.02379
        12        50
        12        51   3.91296   3.80481
        13        24
        13        25   3.49816   2.05731
        13        26
        13        27   3.28632
        13        28
        13        29   3.23330   4.23469
        13        30   4.58063
        13        31   4.98334
        13        32
        13        33   2.03153
        13        34
        13        35   4.99540
        13        36   4.78982   4.08138
        13        37   4.88244   4.41540
        13        38   4.72734   4.48790
        13        39
        13        40
        13        41   1.99826   4.68555
        13        42
        13        43   4.40794   4.38610
        13        44   4.14706
        13        45   3.32223
        13        46   4.47675   3.76021
        13        47
        13        48   2.02379   4.58588
        13        49
        13        50   3.80481   3.91296
        13        51
        14        24   3.28632
        14        25
        14        26   3.49816   2.05731
        14        27
        14        28   4.98334
        14        29   4.58063
        14        30   3.23330   4.23469
        14        31
        14        32   4.99540
        14        33
        14        34   2.03153
        14        35
        14        36
        14        37   4.72734   4.48790
        14        38   4.88244   4.41540
        14        39   4.78982   4.08138
        14        40   4.40794   4.38610
        14        41
        14        42   1.99826   4.68555
        14        43
        14        44
        14        45   4.47675   3.76021
        14        46   3.32223
        14        47   4.14706
        14        48
        14        49   3.80481   3.91296
        14        50
        14        51   2.02379   4.58588
        15        24
        15        25   3.28632
        15        26
        15        27   2.05731   3.49816
        15        28   4.58063
        15        29   4.98334
        15        30
        15        31   4.23469   3.23330
        15        32
        15        33   4.99540
        15        34
        15        35   2.03153
        15        36   4.48790   4.72734
        15        37
        15        38   4.08138   4.78982
        15        39   4.41540   4.88244
        15        40
        15        41   4.38610   4.40794
        15        42
        15        43   4.68555   1.99826
        15        44   3.76021   4.47675
        15        45
        15        46   4.14706
        15        47   3.32223
        15        48   3.91296   3.80481
        15        49
        15        50   4.58588   2.02379
        15        51
        16        24   4.98477
        16        25   3.84666   4.54207
        16        26
        16        27   4.82082   1.61505
        16        28   4.60505   4.11572
        16        29   4.69127
        16        30
        16        31   4.06804
        16        32   3.95548
        16        33   4.30990
        16        34
        16        35   4.77180   4.32577
        16        36   3.70702   4.61471
        16        37
        16        38
        16        39   3.39447
        16        40
        16        41   3.90040
        16        42
        16        43   1.60564   4.02793
        16        44   1.65946
        16        45
        16        46
        16        47   4.75541
        16        48   1.58485
        16        49
        16        50   3.22935
        16        51
        17        24   4.54207   3.84666
        17        25   4.98477
        17        26   1.61505   4.82082
        17        27
        17        28   4.69127
        17        29   4.11572   4.60505
        17        30   4.06804
        17        31
        17        32   4.30990
        17        33   3.95548
        17        34   4.32577   4.77180
        17        35
        17        36
        17        37   4.61471   3.70702
        17        38   3.39447
        17        39
        17        40   3.90040
        17        41
        17        42   4.02793   1.60564
        17        43
        17        44
        17        45   1.65946
        17        46   4.75541
        17        47
        17        48
        17        49   1.58485
        17        50
        17        51   3.22935
        18        24
        18        25   1.61505   4.82082
        18        26   4.98477
        18        27   4.54207   3.84666
        18        28
        18        29   4.06804
        18        30   4.11572   4.60505
        18        31   4.69127
        18        32
        18        33   4.32577   4.77180
        18        34   3.95548
        18        35   4.30990
        18        36
        18        37   3.39447
        18        38   4.61471   3.70702
        18        39
        18        40
        18        41   4.02793   1.60564
        18        42
        18        43   3.90040
        18        44
        18        45   4.75541
        18        46   1.65946
        18        47
        18        48   3.22935
        18        49
        18        50   1.58485
        18        51
        19        24   4.82082   1.61505
        19        25
        19        26   3.84666   4.54207
        19        27   4.98477
        19        28   4.06804
        19        29
        19        30   4.69127
        19        31   4.60505   4.11572
        19        32   4.77180   4.32577
        19        33
        19        34   4.30990
        19        35   3.95548
        19        36   3.39447
        19        37
        19        38
        19        39   3.70702   4.61471
        19        40   1.60564   4.02793
        19        41
        19        42   3.90040
        19        43
        19        44   4.75541
        19        45
        19        46
        19        47   1.65946
        19        48
        19        49   3.22935
        19        50
        19        51   1.58485
        20        24   4.00164   4.26095
        20        25
        20        26
        20        27   3.62670
        20        28   3.99518   1.61895
        20        29
        20        30   3.58404
        20        31
        20        32   1.60411   4.61409
        20        33
        20        34   3.80130   4.79924
        20        35
        20        36   4.89061
        20        37   4.48344   4.53034
        20        38
        20        39   1.65471
        20        40   4.05494
        20        41
        20        42
        20        43   3.44778   4.05712
        20        44   1.64903
        20        45
        20        46
        20        47   4.88771
        20        48   4.22234
        20        49   3.62952
        20        50
        20        51   4.19428
        21        24
        21        25   4.26095   4.00164
        21        26   3.62670
        21        27
        21        28
        21        29   1.61895   3.99518
        21        30
        21        31   3.58404
        21        32
        21        33   4.61409   1.60411
        21        34
        21        35   4.79924   3.80130
        21        36   4.53034   4.48344
        21        37   4.89061
        21        38   1.65471
        21        39
        21        40
        21        41   4.05494
        21        42   4.05712   3.44778
        21        43
        21        44
        21        45   1.64903
        21        46   4.88771
        21        47
        21        48   3.62952
        21        49   4.22234
        21        50   4.19428
        21        51
        22        24
        22        25   3.62670
        22        26   4.26095   4.00164
        22        27
        22        28   3.58404
        22        29
        22        30   1.61895   3.99518
        22        31
        22        32   4.79924   3.80130
        22        33
        22        34   4.61409   1.60411
        22        35
        22        36
        22        37   1.65471
        22        38   4.89061
        22        39   4.53034   4.48344
        22        40
        22        41   4.05712   3.44778
        22        42   4.05494
        22        43
        22        44
        22        45   4.88771
        22        46   1.64903
        22        47
        22        48
        22        49   4.19428
        22        50   4.22234
        22        51   3.62952
        23        24   3.62670
        23        25
        23        26
        23        27   4.00164   4.26095
        23        28
        23        29   3.58404
        23        30
        23        31   3.99518   1.61895
        23        32
        23        33   3.80130   4.79924
        23        34
        23        35   1.60411   4.61409
        23        36   1.65471
        23        37
        23        38   4.48344   4.53034
        23        39   4.89061
        23        40   3.44778   4.05712
        23        41
        23        42
        23        43   4.05494
        23        44   4.88771
        23        45
        23        46
        23        47   1.64903
        23        48   4.19428
        23        49
        23        50   3.62952
        23        51   4.22234
        24         0   4.50008   4.51988
        24         1   4.97168   4.37688
        24         2
        24         3   4.64157   4.44166
        24         4   2.47465
        24         5   4.76654
        24         6
        24         7   4.55198   4.30649
        24         8   2.09332
        24         9
        24        10   4.59094   4.81942
        24        11
        24        12   3.49816   2.05731
        24        13
        24        14   3.28632
        24        15
        24        16   4.98477
        24        17   3.84666   4.54207
        24        18
        24        19   1.61505   4.82082
        24        20   4.26095   4.00164
        24        21
        24        22
        24        23   3.62670
        25         0   4.37688   4.97168
        25         1   4.51988   4.50008
        25         2   4.44166   4.64157
        25         3
        25         4   4.76654
        25         5   2.47465
        25         6   4.30649   4.55198
        25         7
        25         8
        25         9   2.09332
        25        10
        25        11   4.81942   4.59094
        25        12
        25        13   2.05731   3.49816
        25        14
        25        15   3.28632
        25        16   4.54207   3.84666
        25        17   4.98477
        25        18   4.82082   1.61505
        25        19
        25        20
        25        21   4.00164   4.26095
        25        22   3.62670
        25        23
        26         0
        26         1   4.44166   4.64157
        26         2   4.51988   4.50008
        26         3   4.37688   4.97168
        26         4
        26         5   4.30649   4.55198
        26         6   2.47465
        26         7   4.76654
        26         8   4.81942   4.59094
        26         9
        26        10   2.09332
        26        11
        26        12   3.28632
        26        13
        26        14   2.05731   3.49816
        26        15
        26        16
        26        17   4.82082   1.61505
        26        18   4.98477
        26        19   4.54207   3.84666
        26        20
        26        21   3.62670
        26        22   4.00164   4.26095
        26        23
        27         0   4.64157   4.44166
        27         1
        27         2   4.97168   4.37688
        27         3   4.50008   4.51988
        27         4   4.55198   4.30649
        27         5
        27         6   4.76654
        27         7   2.47465
        27         8
        27         9   4.59094   4.81942
        27        10
        27        11   2.09332
        27        12
        27        13   3.28632
        27        14
        27        15   3.49816   2.05731
        27        16   1.61505   4.82082
        27        17
        27        18   3.84666   4.54207
        27        19   4.98477
        27        20   3.62670
        27        21
        27        22
        27        23   4.26095   4.00164
        28         0   4.57796
        28         1   3.47237   4.68826
        28         2
        28         3   4.64022   2.31208
        28         4   4.85696   2.24740
        28         5
        28         6
        28         7   4.43508
        28         8   4.94070   1.99125
        28         9
        28        10   3.46527
        28        11
        28        12   3.23330   4.23469
        28        13
        28        14   4.98334
        28        15   4.58063
        28        16   4.11572   4.60505
        28        17   4.69127
        28        18
        28        19   4.06804
        28        20   1.61895   3.99518
        28        21
        28        22   3.58404
        28        23
        29         0   4.68826   3.47237
        29         1   4.57796
        29         2   2.31208   4.64022
        29         3
        29         4
        29         5   2.24740   4.85696
        29         6   4.43508
        29         7
        29         8
        29         9   1.99125   4.94070
        29        10
        29        11   3.46527
        29        12
        29        13   4.23469   3.23330
        29        14   4.58063
        29        15   4.98334
        29        16   4.69127
        29        17   4.60505   4.11572
        29        18   4.06804
        29        19
        29        20
        29        21   3.99518   1.61895
        29        22
        29        23   3.58404
        30         0
        30         1   2.31208   4.64022
        30         2   4.57796
        30         3   4.68826   3.47237
        30         4
        30         5   4.43508
        30         6   2.24740   4.85696
        30         7
        30         8   3.46527
        30         9
        30        10   1.99125   4.94070
        30        11
        30        12   4.98334
        30        13   4.58063
        30        14   4.23469   3.23330
        30        15
        30        16
        30        17   4.06804
        30        18   4.60505   4.11572
        30        19   4.69127
        30        20   3.58404
        30        21
        30        22   3.99518   1.61895
        30        23
        31         0   4.64022   2.31208
        31         1
        31         2   3.47237   4.68826
        31         3   4.57796
        31         4   4.43508
        31         5
        31         6
        31         7   4.85696   2.24740
        31         8
        31         9   3.46527
        31        10
        31        11   4.94070   1.99125
        31        12   4.58063
        31        13   4.98334
        31        14
        31        15   3.23330   4.23469
        31        16   4.06804
        31        17
        31        18   4.69127
        31        19   4.11572   4.60505
        31        20
        31        21   3.58404
        31        22
        31        23   1.61895   3.99518
        32         0   4.69996
        32         1   2.56226
        32         2
        32         3   2.99610   4.58012
        32         4   2.92381   4.26571
        32         5   4.77660
        32         6
        32         7   4.75758
        32         8   2.31629   3.62030
        32         9
        32        10   3.60642
        32        11
        32        12   2.03153
        32        13
        32        14   4.99540
        32        15
        32        16   3.95548
        32        17   4.30990
        32        18
        32        19   4.32577   4.77180
        32        20   4.61409   1.60411
        32        21
        32        22   3.80130   4.79924
        32        23
        33         0   2.56226
        33         1   4.69996
        33         2   4.58012   2.99610
        33         3
        33         4   4.77660
        33         5   4.26571   2.92381
        33         6   4.75758
        33         7
        33         8
        33         9   3.62030   2.31629
        33        10
        33        11   3.60642
        33        12
        33        13   2.03153
        33        14
        33        15   4.99540
        33        16   4.30990
        33        17   3.95548
        33        18   4.77180   4.32577
        33        19
        33        20
        33        21   1.60411   4.61409
        33        22
        33        23   4.79924   3.80130
        34         0
        34         1   4.58012   2.99610
        34         2   4.69996
        34         3   2.56226
        34         4
        34         5   4.75758
        34         6   4.26571   2.92381
        34         7   4.77660
        34         8   3.60642
        34         9
        34        10   3.62030   2.31629
        34        11
        34        12   4.99540
        34        13
        34        14   2.03153
        34        15
        34        16
        34        17   4.77180   4.32577
        34        18   3.95548
        34        19   4.30990
        34        20   4.79924   3.80130
        34        21
        34        22   1.60411   4.61409
        34        23
        35         0   2.99610   4.58012
        35         1
        35         2   2.56226
        35         3   4.69996
        35         4   4.75758
        35         5
        35         6   4.77660
        35         7   2.92381   4.26571
        35         8
        35         9   3.60642
        35        10
        35        11   2.31629   3.62030
        35        12
        35        13   4.99540
        35        14
        35        15   2.03153
        35        16   4.32577   4.77180
        35        17
        35        18   4.30990
        35        19   3.95548
        35        20
        35        21   3.80130   4.79924
        35        22
        35        23   4.61409   1.60411
        36         0   2.40086   3.09916
        36         1
        36         2   3.94893
        36         3
        36         4   2.26516
        36         5   4.86529
        36         6
        36         7   4.19597   4.36961
        36         8   4.91955
        36         9   1.97014
        36        10
        36        11   4.50625   4.45954
        36        12   4.88244   4.41540
        36        13   4.08138   4.78982
        36        14
        36        15   4.72734   4.48790
        36        16   4.61471   3.70702
        36        17
        36        18
        36        19   3.39447
        36        20   4.89061
        36        21   4.48344   4.53034
        36        22
        36        23   1.65471
        37         0
        37         1   3.09916   2.40086
        37         2
        37         3   3.94893
        37         4   4.86529
        37         5   2.26516
        37         6   4.36961   4.19597
        37         7
        37         8   1.97014
        37         9   4.91955
        37        10   4.45954   4.50625
        37        11
        37        12   4.78982   4.08138
        37        13   4.41540   4.88244
        37        14   4.48790   4.72734
        37        15
        37        16
        37        17   3.70702   4.61471
        37        18   3.39447
        37        19
        37        20   4.53034   4.48344
        37        21   4.89061
        37        22   1.65471
        37        23
        38         0   3.94893
        38         1
        38         2   3.09916   2.40086
        38         3
        38         4
        38         5   4.36961   4.19597
        38         6   2.26516
        38         7   4.86529
        38         8
        38         9   4.45954   4.50625
        38        10   4.91955
        38        11   1.97014
        38        12
        38        13   4.48790   4.72734
        38        14   4.41540   4.88244
        38        15   4.78982   4.08138
        38        16
        38        17   3.39447
        38        18   3.70702   4.61471
        38        19
        38        20
        38        21   1.65471
        38        22   4.89061
        38        23   4.53034   4.48344
        39         0
        39         1   3.94893
        39         2
        39         3   2.40086   3.09916
        39         4   4.19597   4.36961
        39         5
        39         6   4.86529
        39         7   2.26516
        39         8   4.50625   4.45954
        39         9
        39        10   1.97014
        39        11   4.91955
        39        12   4.72734   4.48790
        39        13
        39        14   4.08138   4.78982
        39        15   4.88244   4.41540
        39        16   3.39447
        39        17
        39        18
        39        19   4.61471   3.70702
        39        20   1.65471
        39        21
        39        22   4.48344   4.53034
        39        23   4.89061
        40         0   2.97010
        40         1
        40         2
        40         3   4.60977   4.35868
        40         4   4.47149   3.45514
        40         5
        40         6
        40         7   2.30133
        40         8   4.90865   3.75930
        40         9
        40        10   3.42234
        40        11   4.77507
        40        12   1.99826   4.68555
        40        13
        40        14   4.38610   4.40794
        40        15
        40        16
        40        17   3.90040
        40        18
        40        19   4.02793   1.60564
        40        20   4.05494
        40        21
        40        22
        40        23   4.05712   3.44778
        41         0
        41         1   2.97010
        41         2   4.35868   4.60977
        41         3
        41         4
        41         5   3.45514   4.47149
        41         6   2.30133
        41         7
        41         8
        41         9   3.75930   4.90865
        41        10   4.77507
        41        11   3.42234
        41        12
        41        13   4.68555   1.99826
        41        14
        41        15   4.40794   4.38610
        41        16   3.90040
        41        17
        41        18   1.60564   4.02793
        41        19
        41        20
        41        21   4.05494
        41        22   3.44778   4.05712
        41        23
        42         0
        42         1   4.35868   4.60977
        42         2   2.97010
        42         3
        42         4
        42         5   2.30133
        42         6   3.45514   4.47149
        42         7
        42         8   3.42234
        42         9   4.77507
        42        10   3.75930   4.90865
        42        11
        42        12   4.40794   4.38610
        42        13
        42        14   4.68555   1.99826
        42        15
        42        16
        42        17   1.60564   4.02793
        42        18
        42        19   3.90040
        42        20
        42        21   3.44778   4.05712
        42        22   4.05494
        42        23
        43         0   4.60977   4.35868
        43         1
        43         2
        43         3   2.97010
        43         4   2.30133
        43         5
        43         6
        43         7   4.47149   3.45514
        43         8   4.77507
        43         9   3.42234
        43        10
        43        11   4.90865   3.75930
        43        12
        43        13   4.38610   4.40794
        43        14
        43        15   1.99826   4.68555
        43        16   4.02793   1.60564
        43        17
        43        18   3.90040
        43        19
        43        20   4.05712   3.44778
        43        21
        43        22
        43        23   4.05494
        44         0   2.92664
        44         1   4.90917
        44         2
        44         3   3.75818   4.05031
        44         4   2.89277   2.88027
        44         5
        44         6
        44         7   3.68321
        44         8   4.54625   4.32319
        44         9   4.22032   4.69720
        44        10   4.51498
        44        11   4.67439
        44        12   3.32223
        44        13   4.14706
        44        14
        44        15   4.47675   3.76021
        44        16   1.65946
        44        17
        44        18
        44        19   4.75541
        44        20   1.64903
        44        21
        44        22
        44        23   4.88771
        45         0   4.90917
        45         1   2.92664
        45         2   4.05031   3.75818
        45         3
        45         4
        45         5   2.88027   2.89277
        45         6   3.68321
        45         7
        45         8   4.69720   4.22032
        45         9   4.32319   4.54625
        45        10   4.67439
        45        11   4.51498
        45        12   4.14706
        45        13   3.32223
        45        14   3.76021   4.47675
        45        15
        45        16
        45        17   1.65946
        45        18   4.75541
        45        19
        45        20
        45        21   1.64903
        45        22   4.88771
        45        23
        46         0
        46         1   4.05031   3.75818
        46         2   2.92664
        46         3   4.90917
        46         4
        46         5   3.68321
        46         6   2.88027   2.89277
        46         7
        46         8   4.51498
        46         9   4.67439
        46        10   4.32319   4.54625
        46        11   4.69720   4.22032
        46        12
        46        13   3.76021   4.47675
        46        14   3.32223
        46        15   4.14706
        46        16
        46        17   4.75541
        46        18   1.65946
        46        19
        46        20
        46        21   4.88771
        46        22   1.64903
        46        23
        47         0   3.75818   4.05031
        47         1
        47         2   4.90917
        47         3   2.92664
        47         4   3.68321
        47         5
        47         6
        47         7   2.89277   2.88027
        47         8   4.67439
        47         9   4.51498
        47        10   4.22032   4.69720
        47        11   4.54625   4.32319
        47        12   4.47675   3.76021
        47        13
        47        14   4.14706
        47        15   3.32223
        47        16   4.75541
        47        17
        47        18
        47        19   1.65946
        47        20   4.88771
        47        21
        47        22
        47        23   1.64903
        48         0   2.41127
        48         1
        48         2
        48         3
        48         4   3.49853   4.34791
        48         5   4.37079
        48         6
        48         7   4.85050
        48         8
        48         9   2.17378   3.96417
        48        10
        48        11   4.03345
        48        12
        48        13   4.58588   2.02379
        48        14
        48        15   3.80481   3.91296
        48        16   1.58485
        48        17
        48        18   3.22935
        48        19
        48        20   4.22234
        48        21   3.62952
        48        22
        48        23   4.19428
        49         0
        49         1   2.41127
        49         2
        49         3
        49         4   4.37079
        49         5   4.34791   3.49853
        49         6   4.85050
        49         7
        49         8   3.96417   2.17378
        49         9
        49        10   4.03345
        49        11
        49        12   2.02379   4.58588
        49        13
        49        14   3.91296   3.80481
        49        15
        49        16
        49        17   1.58485
        49        18
        49        19   3.22935
        49        20   3.62952
        49        21   4.22234
        49        22   4.19428
        49        23
        50         0
        50         1
        50         2   2.41127
        50         3
        50         4
        50         5   4.85050
        50         6   4.34791   3.49853
        50         7   4.37079
        50         8
        50         9   4.03345
        50        10
        50        11   3.96417   2.17378
        50        12
        50        13   3.91296   3.80481
        50        14
        50        15   2.02379   4.58588
        50        16   3.22935
        50        17
        50        18   1.58485
        50        19
        50        20
        50        21   4.19428
        50        22   4.22234
        50        23   3.62952
        51         0
        51         1
        51         2
        51         3   2.41127
        51         4   4.85050
        51         5
        51         6   4.37079
        51         7   3.49853   4.34791
        51         8   4.03345
        51         9
        51        10   2.17378   3.96417
        51        11
        51        12   3.80481   3.91296
        51        13
        51        14   4.58588   2.02379
        51        15
        51        16
        51        17   3.22935
        51        18
