         0        16   2.17678
         0        17
         0        18   3.91638
         0        19   4.37892   4.94134
         0        20   3.01169
         0        21   4.58212
         0        22   4.75207
         0        23   2.22666
         0        24   4.72578   4.05751
         0        25   4.16097
         0        26
         0        27   2.45577   4.57999
         0        28   4.04280
         0        29   4.26831
         0        30   3.12521
         0        31   4.35575
         0        32   4.06210   4.67942
         0        33   4.03447
         0        34   4.54500   4.87040
         0        35   3.71780
         0        36   4.96678
         0        37   2.22068
         0        38   4.66082   2.50410
         0        39
         0        40   4.40912
         0        41   3.90137
         0        42   4.77951
         0        43   2.12088
         1        16
         1        17   2.17678
         1        18   4.37892   4.94134
         1        19   3.91638
         1        20   4.58212
         1        21   3.01169
         1        22   2.22666
         1        23   4.75207
         1        24   4.16097
         1        25   4.05751   4.72578
         1        26   4.57999   2.45577
         1        27
         1        28   4.26831
         1        29   4.04280
         1        30   4.35575
         1        31   3.12521
         1        32   4.03447
         1        33   4.67942   4.06210
         1        34   3.71780
         1        35   4.54500   4.87040
         1        36   2.22068
         1        37   4.96678
         1        38
         1        39   2.50410   4.66082
         1        40   3.90137
         1        41   4.40912
         1        42   2.12088
         1        43   4.77951
         2        16   3.91638
         2        17   4.94134   4.37892
         2        18   2.17678
         2        19
         2        20   4.58212
         2        21   3.01169
         2        22   2.22666
         2        23   4.75207
         2        24   4.16097
         2        25   4.05751   4.72578
         2        26   4.04280
         2        27   4.26831
         2        28
         2        29   4.57999   2.45577
         2        30   4.35575
         2        31   3.12521
         2        32   4.03447
         2        33   4.67942   4.06210
         2        34   4.96678
         2        35   2.22068
         2        36   4.87040   4.54500
         2        37   3.71780
         2        38   4.40912
         2        39   3.90137
         2        40   2.50410   4.66082
         2        41
         2        42   2.12088
         2        43   4.77951
         3        16   4.94134   4.37892
         3        17   3.91638
         3        18
         3        19   2.17678
         3        20   3.01169
         3        21   4.58212
         3        22   4.75207
         3        23   2.22666
         3        24   4.72578   4.05751
         3        25   4.16097
         3        26   4.26831
         3        27   4.04280
         3        28   2.45577   4.57999
         3        29
         3        30   3.12521
         3        31   4.35575
         3        32   4.06210   4.67942
         3        33   4.03447
         3        34   2.22068
         3        35   4.96678
         3        36   3.71780
         3        37   4.87040   4.54500
         3        38   3.90137
         3        39   4.40912
         3        40
         3        41   4.66082   2.50410
         3        42   4.77951
         3        43   2.12088
         4        16   2.01430
         4        17
         4        18   4.64293
         4        19   3.71885
         4        20   3.79805   4.32695
         4        21   4.10870
         4        22   4.12237
         4        23   4.77760   4.01050
         4        24   2.16399
         4        25   4.74731
         4        26
         4        27   1.88351
         4        28   4.74454   4.32340
         4        29   3.91761
         4        30   4.48653   3.90124
         4        31   3.89581
         4        32   2.18102
         4        33   4.76096
         4        34   3.79576
         4        35   4.64298
         4        36
         4        37   1.93982
         4        38   2.03939
         4        39   4.87627
         4        40   3.87227
         4        41   4.94571   4.15951
         4        42   4.15038
         4        43   4.08447   4.67204
         5        16
         5        17   2.01430
         5        18   3.71885
         5        19   4.64293
         5        20   4.10870
         5        21   4.32695   3.79805
         5        22   4.01050   4.77760
         5        23   4.12237
         5        24   4.74731
         5        25   2.16399
         5        26   1.88351
         5        27
         5        28   3.91761
         5        29   4.74454   4.32340
         5        30   3.89581
         5        31   3.90124   4.48653
         5        32   4.76096
         5        33   2.18102
         5        34   4.64298
         5        35   3.79576
         5        36   1.93982
         5        37
         5        38   4.87627
         5        39   2.03939
         5        40   4.94571   4.15951
         5        41   3.87227
         5        42   4.67204   4.08447
         5        43   4.15038
         6        16   4.64293
         6        17   3.71885
         6        18   2.01430
         6        19
         6        20   4.10870
         6        21   4.32695   3.79805
         6        22   4.01050   4.77760
         6        23   4.12237
         6        24   4.74731
         6        25   2.16399
         6        26   4.32340   4.74454
         6        27   3.91761
         6        28
         6        29   1.88351
         6        30   3.89581
         6        31   3.90124   4.48653
         6        32   4.76096
         6        33   2.18102
         6        34
         6        35   1.93982
         6        36   3.79576
         6        37   4.64298
         6        38   3.87227
         6        39   4.15951   4.94571
         6        40   2.03939
         6        41   4.87627
         6        42   4.67204   4.08447
         6        43   4.15038
         7        16   3.71885
         7        17   4.64293
         7        18
         7        19   2.01430
         7        20   3.79805   4.32695
         7        21   4.10870
         7        22   4.12237
         7        23   4.77760   4.01050
         7        24   2.16399
         7        25   4.74731
         7        26   3.91761
         7        27   4.32340   4.74454
         7        28   1.88351
         7        29
         7        30   4.48653   3.90124
         7        31   3.89581
         7        32   2.18102
         7        33   4.76096
         7        34   1.93982
         7        35
         7        36   4.64298
         7        37   3.79576
         7        38   4.15951   4.94571
         7        39   3.87227
         7        40   4.87627
         7        41   2.03939
         7        42   4.15038
         7        43   4.08447   4.67204
         8        16   1.69502
         8        17   3.45206
         8        18   3.45206
         8        19   1.69502
         8        20   4.98274   1.72467
         8        21   4.66958   4.66958
         8        22   1.72428
         8        23   4.39095   4.39095
         8        24   2.48211   4.30626
         8        25
         8        26   4.38155
         8        27   4.12652
         8        28   4.12652
         8        29   4.38155
         8        30   3.85291
         8        31
         8        32   3.51657
         8        33
         8        34   4.86782   4.52873
         8        35
         8        36
         8        37   4.86782   4.52873
         8        38   4.38150   4.69013
         8        39   3.90924   4.08405
         8        40   3.90924   4.08405
         8        41   4.38150   4.69013
         8        42   4.32828
         8        43
         9        16   3.45206
         9        17   1.69502
         9        18   1.69502
         9        19   3.45206
         9        20   4.66958   4.66958
         9        21   1.72467   4.98274
         9        22   4.39095   4.39095
         9        23   1.72428
         9        24
         9        25   4.30626   2.48211
         9        26   4.12652
         9        27   4.38155
         9        28   4.38155
         9        29   4.12652
         9        30
         9        31   3.85291
         9        32
         9        33   3.51657
         9        34
         9        35   4.52873   4.86782
         9        36   4.52873   4.86782
         9        37
         9        38   4.08405   3.90924
         9        39   4.69013   4.38150
         9        40   4.69013   4.38150
         9        41   4.08405   3.90924
         9        42
         9        43   4.32828
        10        16   4.46644   4.77631
        10        17
        10        18
        10        19   4.46644   4.77631
        10        20   3.65001
        10        21
        10        22   4.35076
        10        23
        10        24   3.42008
        10        25
        10        26   4.23886   3.90006
        10        27   4.74208   4.10708
        10        28   4.74208   4.10708
        10        29   4.23886   3.90006
        10        30   1.89850   4.77533
        10        31   4.55812   4.55812
        10        32   4.51177   2.27765
        10        33
        10        34   1.77438
        10        35   3.35354
        10        36   3.35354
        10        37   1.77438
        10        38   4.25691
        10        39   4.35638
        10        40   4.35638
        10        41   4.25691
        10        42   1.74779
        10        43   4.46411   4.46411
        11        16
        11        17   4.77631   4.46644
        11        18   4.77631   4.46644
        11        19
        11        20
        11        21   3.65001
        11        22
        11        23   4.35076
        11        24
        11        25   3.42008
        11        26   4.10708   4.74208
        11        27   3.90006   4.23886
        11        28   3.90006   4.23886
        11        29   4.10708   4.74208
        11        30   4.55812   4.55812
        11        31   4.77533   1.89850
        11        32
        11        33   2.27765   4.51177
        11        34   3.35354
        11        35   1.77438
        11        36   1.77438
        11        37   3.35354
        11        38   4.35638
        11        39   4.25691
        11        40   4.25691
        11        41   4.35638
        11        42   4.46411   4.46411
        11        43   1.74779
        12        16   3.94074
        12        17   4.22232
        12        18   4.22232
        12        19   3.94074
        12        20   4.78032
        12        21
        12        22   3.80165
        12        23
        12        24   4.38862
        12        25
        12        26   1.78686
        12        27   3.23213
        12        28   3.23213
        12        29   1.78686
        12        30   1.71022
        12        31   4.71343   4.71343
        12        32   1.76179
        12        33   4.36622   4.36622
        12        34   3.82431   4.23726
        12        35   3.86745
        12        36   3.86745
        12        37   3.82431   4.23726
        12        38
        12        39   4.02127
        12        40   4.02127
        12        41
        12        42   2.89164   4.00794
        12        43
        13        16   4.22232
        13        17   3.94074
        13        18   3.94074
        13        19   4.22232
        13        20
        13        21   4.78032
        13        22
        13        23   3.80165
        13        24
        13        25   4.38862
        13        26   3.23213
        13        27   1.78686
        13        28   1.78686
        13        29   3.23213
        13        30   4.71343   4.71343
        13        31   1.71022
        13        32   4.36622   4.36622
        13        33   1.76179
        13        34   3.86745
        13        35   4.23726   3.82431
        13        36   4.23726   3.82431
        13        37   3.86745
        13        38   4.02127
        13        39
        13        40
        13        41   4.02127
        13        42
        13        43   4.00794   2.89164
        14        16   4.04101
        14        17   3.93947   4.02196
        14        18   3.93947   4.02196
        14        19   4.04101
        14        20   4.79095   4.79095
        14        21   1.80407
        14        22
        14        23   3.07293   3.83299
        14        24   4.37186   4.37186
        14        25   1.73433
        14        26
        14        27   4.06306
        14        28   4.06306
        14        29
        14        30
        14        31   4.96327
        14        32
        14        33   4.35298
        14        34   4.23893
        14        35   3.98020
        14        36   3.98020
        14        37   4.23893
        14        38   1.67242
        14        39   3.35528
        14        40   3.35528
        14        41   1.67242
        14        42
        14        43   3.91144
        15        16   4.02196   3.93947
        15        17   4.04101
        15        18   4.04101
        15        19   4.02196   3.93947
        15        20   1.80407
        15        21   4.79095   4.79095
        15        22   3.83299   3.07293
        15        23
        15        24   1.73433
        15        25   4.37186   4.37186
        15        26   4.06306
        15        27
        15        28
        15        29   4.06306
        15        30   4.96327
        15        31
        15        32   4.35298
        15        33
        15        34   3.98020
        15        35   4.23893
        15        36   4.23893
        15        37   3.98020
        15        38   3.35528
        15        39   1.67242
        15        40   1.67242
        15        41   3.35528
        15        42   3.91144
        15        43
        16         0   2.17678
        16         1
        16         2   3.91638
        16         3   4.37892   4.94134
        16         4   2.01430
        16         5
        16         6   4.64293
        16         7   3.71885
        16         8   1.69502
        16         9   3.45206
        16        10   4.77631   4.46644
        16        11
        16        12   3.94074
        16        13   4.22232
        16        14   4.04101
        16        15   3.93947   4.02196
        17         0
        17         1   2.17678
        17         2   4.37892   4.94134
        17         3   3.91638
        17         4
        17         5   2.01430
        17         6   3.71885
        17         7   4.64293
        17         8   3.45206
        17         9   1.69502
        17        10
        17        11   4.46644   4.77631
        17        12   4.22232
        17        13   3.94074
        17        14   4.02196   3.93947
        17        15   4.04101
        18         0   3.91638
        18         1   4.94134   4.37892
        18         2   2.17678
        18         3
        18         4   4.64293
        18         5   3.71885
        18         6   2.01430
        18         7
        18         8   3.45206
        18         9   1.69502
        18        10
        18        11   4.46644   4.77631
        18        12   4.22232
        18        13   3.94074
        18        14   4.02196   3.93947
        18        15   4.04101
        19         0   4.94134   4.37892
        19         1   3.91638
        19         2
        19         3   2.17678
        19         4   3.71885
        19         5   4.64293
        19         6
        19         7   2.01430
        19         8   1.69502
        19         9   3.45206
        19        10   4.77631   4.46644
        19        11
        19        12   3.94074
        19        13   4.22232
        19        14   4.04101
        19        15   3.93947   4.02196
        20         0   3.01169
        20         1   4.58212
        20         2   4.58212
        20         3   3.01169
        20         4   4.32695   3.79805
        20         5   4.10870
        20         6   4.10870
        20         7   4.32695   3.79805
        20         8   1.72467   4.98274
        20         9   4.66958   4.66958
        20        10   3.65001
        20        11
        20        12   4.78032
        20        13
        20        14   4.79095   4.79095
        20        15   1.80407
        21         0   4.58212
        21         1   3.01169
        21         2   3.01169
        21         3   4.58212
        21         4   4.10870
        21         5   3.79805   4.32695
        21         6   3.79805   4.32695
        21         7   4.10870
        21         8   4.66958   4.66958
        21         9   4.98274   1.72467
        21        10
        21        11   3.65001
        21        12
        21        13   4.78032
        21        14   1.80407
        21        15   4.79095   4.79095
        22         0   4.75207
        22         1   2.22666
        22         2   2.22666
        22         3   4.75207
        22         4   4.12237
        22         5   4.77760   4.01050
        22         6   4.77760   4.01050
        22         7   4.12237
        22         8   1.72428
        22         9   4.39095   4.39095
        22        10   4.35076
        22        11
        22        12   3.80165
        22        13
        22        14
        22        15   3.07293   3.83299
        23         0   2.22666
        23         1   4.75207
        23         2   4.75207
        23         3   2.22666
        23         4   4.01050   4.77760
        23         5   4.12237
        23         6   4.12237
        23         7   4.01050   4.77760
        23         8   4.39095   4.39095
        23         9   1.72428
        23        10
        23        11   4.35076
        23        12
        23        13   3.80165
        23        14   3.83299   3.07293
        23        15
        24         0   4.05751   4.72578
        24         1   4.16097
        24         2   4.16097
        24         3   4.05751   4.72578
        24         4   2.16399
        24         5   4.74731
        24         6   4.74731
        24         7   2.16399
        24         8   4.30626   2.48211
        24         9
        24        10   3.42008
        24        11
        24        12   4.38862
        24        13
        24        14   4.37186   4.37186
        24        15   1.73433
        25         0   4.16097
        25         1   4.72578   4.05751
        25         2   4.72578   4.05751
        25         3   4.16097
        25         4   4.74731
        25         5   2.16399
        25         6   2.16399
        25         7   4.74731
        25         8
        25         9   2.48211   4.30626
        25        10
        25        11   3.42008
        25        12
        25        13   4.38862
        25        14   1.73433
        25        15   4.37186   4.37186
        26         0
        26         1   2.45577   4.57999
        26         2   4.04280
        26         3   4.26831
        26         4
        26         5   1.88351
        26         6   4.74454   4.32340
        26         7   3.91761
        26         8   4.38155
        26         9   4.12652
        26        10   3.90006   4.23886
        26        11   4.74208   4.10708
        26        12   1.78686
        26        13   3.23213
        26        14
        26        15   4.06306
        27         0   4.57999   2.45577
        27         1
        27         2   4.26831
        27         3   4.04280
        27         4   1.88351
        27         5
        27         6   3.91761
        27         7   4.74454   4.32340
        27         8   4.12652
        27         9   4.38155
        27        10   4.10708   4.74208
        27        11   4.23886   3.90006
        27        12   3.23213
        27        13   1.78686
        27        14   4.06306
        27        15
        28         0   4.04280
        28         1   4.26831
        28         2
        28         3   4.57999   2.45577
        28         4   4.32340   4.74454
        28         5   3.91761
        28         6
        28         7   1.88351
        28         8   4.12652
        28         9   4.38155
        28        10   4.10708   4.74208
        28        11   4.23886   3.90006
        28        12   3.23213
        28        13   1.78686
        28        14   4.06306
        28        15
        29         0   4.26831
        29         1   4.04280
        29         2   2.45577   4.57999
        29         3
        29         4   3.91761
        29         5   4.32340   4.74454
        29         6   1.88351
        29         7
        29         8   4.38155
        29         9   4.12652
        29        10   3.90006   4.23886
        29        11   4.74208   4.10708
        29        12   1.78686
        29        13   3.23213
        29        14
        29        15   4.06306
        30         0   3.12521
        30         1   4.35575
        30         2   4.35575
        30         3   3.12521
        30         4   3.90124   4.48653
        30         5   3.89581
        30         6   3.89581
        30         7   3.90124   4.48653
        30         8   3.85291
        30         9
        30        10   4.77533   1.89850
        30        11   4.55812   4.55812
        30        12   1.71022
        30        13   4.71343   4.71343
        30        14
        30        15   4.96327
        31         0   4.35575
        31         1   3.12521
        31         2   3.12521
        31         3   4.35575
        31         4   3.89581
        31         5   4.48653   3.90124
        31         6   4.48653   3.90124
        31         7   3.89581
        31         8
        31         9   3.85291
        31        10   4.55812   4.55812
        31        11   1.89850   4.77533
        31        12   4.71343   4.71343
        31        13   1.71022
        31        14   4.96327
        31        15
        32         0   4.67942   4.06210
        32         1   4.03447
        32         2   4.03447
        32         3   4.67942   4.06210
        32         4   2.18102
        32         5   4.76096
        32         6   4.76096
        32         7   2.18102
        32         8   3.51657
        32         9
        32        10   2.27765   4.51177
        32        11
        32        12   1.76179
        32        13   4.36622   4.36622
        32        14
        32        15   4.35298
        33         0   4.03447
        33         1   4.06210   4.67942
        33         2   4.06210   4.67942
        33         3   4.03447
        33         4   4.76096
        33         5   2.18102
        33         6   2.18102
        33         7   4.76096
        33         8
        33         9   3.51657
        33        10
        33        11   4.51177   2.27765
        33        12   4.36622   4.36622
        33        13   1.76179
        33        14   4.35298
        33        15
        34         0   4.87040   4.54500
        34         1   3.71780
        34         2   4.96678
        34         3   2.22068
        34         4   3.79576
        34         5   4.64298
        34         6
        34         7   1.93982
        34         8   4.52873   4.86782
        34         9
        34        10   1.77438
        34        11   3.35354
        34        12   4.23726   3.82431
        34        13   3.86745
        34        14   4.23893
        34        15   3.98020
        35         0   3.71780
        35         1   4.87040   4.54500
        35         2   2.22068
        35         3   4.96678
        35         4   4.64298
        35         5   3.79576
        35         6   1.93982
        35         7
        35         8
        35         9   4.86782   4.52873
        35        10   3.35354
        35        11   1.77438
        35        12   3.86745
        35        13   3.82431   4.23726
        35        14   3.98020
        35        15   4.23893
        36         0   4.96678
        36         1   2.22068
        36         2   4.54500   4.87040
        36         3   3.71780
        36         4
        36         5   1.93982
        36         6   3.79576
        36         7   4.64298
        36         8
        36         9   4.86782   4.52873
        36        10   3.35354
        36        11   1.77438
        36        12   3.86745
        36        13   3.82431   4.23726
        36        14   3.98020
        36        15   4.23893
        37         0   2.22068
        37         1   4.96678
        37         2   3.71780
        37         3   4.54500   4.87040
        37         4   1.93982
        37         5
        37         6   4.64298
        37         7   3.79576
        37         8   4.52873   4.86782
        37         9
        37        10   1.77438
        37        11   3.35354
        37        12   4.23726   3.82431
        37        13   3.86745
        37        14   4.23893
        37        15   3.98020
        38         0   2.50410   4.66082
        38         1
        38         2   4.40912
        38         3   3.90137
        38         4   2.03939
        38         5   4.87627
        38         6   3.87227
        38         7   4.94571   4.15951
        38         8   4.69013   4.38150
        38         9   3.90924   4.08405
        38        10   4.25691
        38        11   4.35638
        38        12
        38        13   4.02127
        38        14   1.67242
        38        15   3.35528
        39         0
        39         1   4.66082   2.50410
        39         2   3.90137
        39         3   4.40912
        39         4   4.87627
        39         5   2.03939
        39         6   4.94571   4.15951
        39         7   3.87227
        39         8   4.08405   3.90924
        39         9   4.38150   4.69013
        39        10   4.35638
        39        11   4.25691
        39        12   4.02127
        39        13
        39        14   3.35528
        39        15   1.67242
        40         0   4.40912
        40         1   3.90137
        40         2   4.66082   2.50410
        40         3
        40         4   3.87227
        40         5   4.15951   4.94571
        40         6   2.03939
        40         7   4.87627
        40         8   4.08405   3.90924
        40         9   4.38150   4.69013
        40        10   4.35638
        40        11   4.25691
        40        12   4.02127
        40        13
        40        14   3.35528
        40        15   1.67242
        41         0   3.90137
        41         1   4.40912
        41         2
        41         3   2.50410   4.66082
        41         4   4.15951   4.94571
        41         5   3.87227
        41         6   4.87627
        41         7   2.03939
        41         8   4.69013   4.38150
        41         9   3.90924   4.08405
        41        10   4.25691
        41        11   4.35638
        41        12
        41        13   4.02127
        41        14   1.67242
        41        15   3.35528
        42         0   4.77951
        42         1   2.12088
        42         2   2.12088
        42         3   4.77951
        42         4   4.15038
        42         5   4.08447   4.67204
        42         6   4.08447   4.67204
        42         7   4.15038
        42         8   4.32828
        42         9
        42        10   1.74779
        42        11   4.46411   4.46411
        42        12   4.00794   2.89164
        42        13
        42        14
        42        15   3.91144
        43         0   2.12088
        43         1   4.77951
        43         2   4.77951
        43         3   2.12088
        43         4   4.67204   4.08447
        43         5   4.15038
        43         6   4.15038
        43         7   4.67204   4.08447
        43         8
        43         9   4.32828
        43        10   4.46411   4.46411
        43        11   1.74779
        43        12
        43        13   2.89164   4.00794
        43        14   3.91144
        43        15
