         0        16   3.00394
         0        17   4.33685
         0        18   4.64346
         0        19   2.22045
         0        20   3.97853   4.73693
         0        21   4.23927
         0        22   4.67332   3.96364
         0        23   4.10861
         0        24   2.23658
         0        25   4.94133
         0        26   3.64421
         0        27   4.48953   4.92882
         0        28   3.06381
         0        29   4.58108
         0        30
         0        31   2.44720   4.69250
         0        32   3.95017
         0        33   4.48940
         0        34   4.66684   2.46776
         0        35
         0        36   4.19756
         0        37   4.03900
         0        38   4.34812
         0        39   3.85982
         0        40
         0        41   2.23487
         0        42   4.78681
         0        43   2.24582
         1        16   4.33685
         1        17   3.00394
         1        18   2.22045
         1        19   4.64346
         1        20   4.23927
         1        21   4.73693   3.97853
         1        22   4.10861
         1        23   3.96364   4.67332
         1        24   4.94133
         1        25   2.23658
         1        26   4.48953   4.92882
         1        27   3.64421
         1        28   4.58108
         1        29   3.06381
         1        30   4.69250   2.44720
         1        31
         1        32   4.48940
         1        33   3.95017
         1        34
         1        35   2.46776   4.66684
         1        36   4.03900
         1        37   4.19756
         1        38   3.85982
         1        39   4.34812
         1        40   2.23487
         1        41
         1        42   2.24582
         1        43   4.78681
         2        16   4.33685
         2        17   3.00394
         2        18   2.22045
         2        19   4.64346
         2        20   4.23927
         2        21   4.73693   3.97853
         2        22   4.10861
         2        23   3.96364   4.67332
         2        24   3.64421
         2        25   4.92882   4.48953
         2        26   2.23658
         2        27   4.94133
         2        28   4.58108
         2        29   3.06381
         2        30   3.95017
         2        31   4.48940
         2        32
         2        33   4.69250   2.44720
         2        34   4.19756
         2        35   4.03900
         2        36   2.46776   4.66684
         2        37
         2        38
         2        39   2.23487
         2        40   4.34812
         2        41   3.85982
         2        42   2.24582
         2        43   4.78681
         3        16   3.00394
         3        17   4.33685
         3        18   4.64346
         3        19   2.22045
         3        20   3.97853   4.73693
         3        21   4.23927
         3        22   4.67332   3.96364
         3        23   4.10861
         3        24   4.92882   4.48953
         3        25   3.64421
         3        26   4.94133
         3        27   2.23658
         3        28   3.06381
         3        29   4.58108
         3        30   4.48940
         3        31   3.95017
         3        32   2.44720   4.69250
         3        33
         3        34   4.03900
         3        35   4.19756
         3        36
         3        37   4.66684   2.46776
         3        38   2.23487
         3        39
         3        40   3.85982
         3        41   4.34812
         3        42   4.78681
         3        43   2.24582
         4        16   3.99189   4.32554
         4        17   3.95598
         4        18   4.03414
         4        19   4.77405   4.09219
         4        20   2.12057
         4        21   4.77668
         4        22   2.11907
         4        23   4.81311
         4        24   1.92972
         4        25
         4        26   4.59204
         4        27   3.74911
         4        28   4.49026   3.78269
         4        29   3.98472
         4        30   4.96926
         4        31   1.97074
         4        32   4.81589   4.20260
         4        33   3.97153
         4        34   2.00854
         4        35   4.92195
         4        36   3.83933
         4        37   4.77269   4.32253
         4        38   3.69164
         4        39   4.62784
         4        40
         4        41   2.03546
         4        42   4.17119
         4        43   4.02810   4.77754
         5        16   3.95598
         5        17   4.32554   3.99189
         5        18   4.09219   4.77405
         5        19   4.03414
         5        20   4.77668
         5        21   2.12057
         5        22   4.81311
         5        23   2.11907
         5        24
         5        25   1.92972
         5        26   3.74911
         5        27   4.59204
         5        28   3.98472
         5        29   3.78269   4.49026
         5        30   1.97074
         5        31   4.96926
         5        32   3.97153
         5        33   4.81589   4.20260
         5        34   4.92195
         5        35   2.00854
         5        36   4.77269   4.32253
         5        37   3.83933
         5        38   4.62784
         5        39   3.69164
         5        40   2.03546
         5        41
         5        42   4.77754   4.02810
         5        43   4.17119
         6        16   3.95598
         6        17   4.32554   3.99189
         6        18   4.09219   4.77405
         6        19   4.03414
         6        20   4.77668
         6        21   2.12057
         6        22   4.81311
         6        23   2.11907
         6        24   4.59204
         6        25   3.74911
         6        26   1.92972
         6        27
         6        28   3.98472
         6        29   3.78269   4.49026
         6        30   4.20260   4.81589
         6        31   3.97153
         6        32   4.96926
         6        33   1.97074
         6        34   3.83933
         6        35   4.32253   4.77269
         6        36   2.00854
         6        37   4.92195
         6        38
         6        39   2.03546
         6        40   3.69164
         6        41   4.62784
         6        42   4.77754   4.02810
         6        43   4.17119
         7        16   3.99189   4.32554
         7        17   3.95598
         7        18   4.03414
         7        19   4.77405   4.09219
         7        20   2.12057
         7        21   4.77668
         7        22   2.11907
         7        23   4.81311
         7        24   3.74911
         7        25   4.59204
         7        26
         7        27   1.92972
         7        28   4.49026   3.78269
         7        29   3.98472
         7        30   3.97153
         7        31   4.20260   4.81589
         7        32   1.97074
         7        33   4.96926
         7        34   4.32253   4.77269
         7        35   3.83933
         7        36   4.92195
         7        37   2.00854
         7        38   2.03546
         7        39
         7        40   4.62784
         7        41   3.69164
         7        42   4.17119
         7        43   4.02810   4.77754
         8        16   4.91365   1.80267
         8        17   4.50590   4.50590
         8        18   1.60680
         8        19   4.43071   4.43071
         8        20   3.38158
         8        21
         8        22   2.33619   4.52961
         8        23
         8        24   1.75350
         8        25   3.30584
         8        26   3.30584
         8        27   1.75350
         8        28   3.81904
         8        29
         8        30   4.23702
         8        31   4.13510
         8        32   4.13510
         8        33   4.23702
         8        34   4.14414   4.76166
         8        35   3.80302   4.23625
         8        36   3.80302   4.23625
         8        37   4.14414   4.76166
         8        38   4.79000   4.60026
         8        39
         8        40
         8        41   4.79000   4.60026
         8        42   4.26069
         8        43
         9        16   4.50590   4.50590
         9        17   1.80267   4.91365
         9        18   4.43071   4.43071
         9        19   1.60680
         9        20
         9        21   3.38158
         9        22
         9        23   4.52961   2.33619
         9        24   3.30584
         9        25   1.75350
         9        26   1.75350
         9        27   3.30584
         9        28
         9        29   3.81904
         9        30   4.13510
         9        31   4.23702
         9        32   4.23702
         9        33   4.13510
         9        34   4.23625   3.80302
         9        35   4.76166   4.14414
         9        36   4.76166   4.14414
         9        37   4.23625   3.80302
         9        38
         9        39   4.60026   4.79000
         9        40   4.60026   4.79000
         9        41
         9        42
         9        43   4.26069
        10        16   4.89098
        10        17
        10        18   3.93486
        10        19
        10        20   1.76445
        10        21   4.34830   4.34830
        10        22   4.35088
        10        23
        10        24   4.06150
        10        25   4.23310
        10        26   4.23310
        10        27   4.06150
        10        28   1.66737
        10        29   4.70257   4.70257
        10        30   1.75892
        10        31   3.35717
        10        32   3.35717
        10        33   1.75892
        10        34
        10        35   4.11469
        10        36   4.11469
        10        37
        10        38   3.88787   4.06941
        10        39   3.99612
        10        40   3.99612
        10        41   3.88787   4.06941
        10        42   3.07215   3.88592
        10        43
        11        16
        11        17   4.89098
        11        18
        11        19   3.93486
        11        20   4.34830   4.34830
        11        21   1.76445
        11        22
        11        23   4.35088
        11        24   4.23310
        11        25   4.06150
        11        26   4.06150
        11        27   4.23310
        11        28   4.70257   4.70257
        11        29   1.66737
        11        30   3.35717
        11        31   1.75892
        11        32   1.75892
        11        33   3.35717
        11        34   4.11469
        11        35
        11        36
        11        37   4.11469
        11        38   3.99612
        11        39   4.06941   3.88787
        11        40   4.06941   3.88787
        11        41   3.99612
        11        42
        11        43   3.88592   3.07215
        12        16   3.83740
        12        17
        12        18   4.45209
        12        19
        12        20   4.23197   2.61419
        12        21
        12        22   3.47979
        12        23
        12        24   4.56394   4.94816
        12        25
        12        26
        12        27   4.56394   4.94816
        12        28   1.74472   4.97531
        12        29   4.65755   4.65755
        12        30   4.10990   4.03361
        12        31   4.61533   4.43246
        12        32   4.61533   4.43246
        12        33   4.10990   4.03361
        12        34   4.22090
        12        35   4.37972
        12        36   4.37972
        12        37   4.22090
        12        38   1.67768
        12        39   3.38258
        12        40   3.38258
        12        41   1.67768
        12        42   1.79618
        12        43   4.36974   4.36974
        13        16
        13        17   3.83740
        13        18
        13        19   4.45209
        13        20
        13        21   2.61419   4.23197
        13        22
        13        23   3.47979
        13        24
        13        25   4.94816   4.56394
        13        26   4.94816   4.56394
        13        27
        13        28   4.65755   4.65755
        13        29   4.97531   1.74472
        13        30   4.43246   4.61533
        13        31   4.03361   4.10990
        13        32   4.03361   4.10990
        13        33   4.43246   4.61533
        13        34   4.37972
        13        35   4.22090
        13        36   4.22090
        13        37   4.37972
        13        38   3.38258
        13        39   1.67768
        13        40   1.67768
        13        41   3.38258
        13        42   4.36974   4.36974
        13        43   1.79618
        14        16   4.75552   4.75552
        14        17   1.83867
        14        18
        14        19   2.91021   4.00702
        14        20
        14        21   4.31879
        14        22   4.36632   4.36632
        14        23   1.73275
        14        24   3.86756
        14        25   3.76042   4.23035
        14        26   3.76042   4.23035
        14        27   3.86756
        14        28
        14        29   4.91677
        14        30
        14        31   4.03441
        14        32   4.03441
        14        33
        14        34   1.73452
        14        35   3.19012
        14        36   3.19012
        14        37   1.73452
        14        38   4.30157
        14        39   3.94109
        14        40   3.94109
        14        41   4.30157
        14        42
        14        43   3.78957
        15        16   1.83867
        15        17   4.75552   4.75552
        15        18   4.00702   2.91021
        15        19
        15        20   4.31879
        15        21
        15        22   1.73275
        15        23   4.36632   4.36632
        15        24   4.23035   3.76042
        15        25   3.86756
        15        26   3.86756
        15        27   4.23035   3.76042
        15        28   4.91677
        15        29
        15        30   4.03441
        15        31
        15        32
        15        33   4.03441
        15        34   3.19012
        15        35   1.73452
        15        36   1.73452
        15        37   3.19012
        15        38   3.94109
        15        39   4.30157
        15        40   4.30157
        15        41   3.94109
        15        42   3.78957
        15        43
        16         0   3.00394
        16         1   4.33685
        16         2   4.33685
        16         3   3.00394
        16         4   4.32554   3.99189
        16         5   3.95598
        16         6   3.95598
        16         7   4.32554   3.99189
        16         8   1.80267   4.91365
        16         9   4.50590   4.50590
        16        10   4.89098
        16        11
        16        12   3.83740
        16        13
        16        14   4.75552   4.75552
        16        15   1.83867
        17         0   4.33685
        17         1   3.00394
        17         2   3.00394
        17         3   4.33685
        17         4   3.95598
        17         5   3.99189   4.32554
        17         6   3.99189   4.32554
        17         7   3.95598
        17         8   4.50590   4.50590
        17         9   4.91365   1.80267
        17        10
        17        11   4.89098
        17        12
        17        13   3.83740
        17        14   1.83867
        17        15   4.75552   4.75552
        18         0   4.64346
        18         1   2.22045
        18         2   2.22045
        18         3   4.64346
        18         4   4.03414
        18         5   4.77405   4.09219
        18         6   4.77405   4.09219
        18         7   4.03414
        18         8   1.60680
        18         9   4.43071   4.43071
        18        10   3.93486
        18        11
        18        12   4.45209
        18        13
        18        14
        18        15   2.91021   4.00702
        19         0   2.22045
        19         1   4.64346
        19         2   4.64346
        19         3   2.22045
        19         4   4.09219   4.77405
        19         5   4.03414
        19         6   4.03414
        19         7   4.09219   4.77405
        19         8   4.43071   4.43071
        19         9   1.60680
        19        10
        19        11   3.93486
        19        12
        19        13   4.45209
        19        14   4.00702   2.91021
        19        15
        20         0   4.73693   3.97853
        20         1   4.23927
        20         2   4.23927
        20         3   4.73693   3.97853
        20         4   2.12057
        20         5   4.77668
        20         6   4.77668
        20         7   2.12057
        20         8   3.38158
        20         9
        20        10   1.76445
        20        11   4.34830   4.34830
        20        12   2.61419   4.23197
        20        13
        20        14
        20        15   4.31879
        21         0   4.23927
        21         1   3.97853   4.73693
        21         2   3.97853   4.73693
        21         3   4.23927
        21         4   4.77668
        21         5   2.12057
        21         6   2.12057
        21         7   4.77668
        21         8
        21         9   3.38158
        21        10   4.34830   4.34830
        21        11   1.76445
        21        12
        21        13   4.23197   2.61419
        21        14   4.31879
        21        15
        22         0   3.96364   4.67332
        22         1   4.10861
        22         2   4.10861
        22         3   3.96364   4.67332
        22         4   2.11907
        22         5   4.81311
        22         6   4.81311
        22         7   2.11907
        22         8   4.52961   2.33619
        22         9
        22        10   4.35088
        22        11
        22        12   3.47979
        22        13
        22        14   4.36632   4.36632
        22        15   1.73275
        23         0   4.10861
        23         1   4.67332   3.96364
        23         2   4.67332   3.96364
        23         3   4.10861
        23         4   4.81311
        23         5   2.11907
        23         6   2.11907
        23         7   4.81311
        23         8
        23         9   2.33619   4.52961
        23        10
        23        11   4.35088
        23        12
        23        13   3.47979
        23        14   1.73275
        23        15   4.36632   4.36632
        24         0   2.23658
        24         1   4.94133
        24         2   3.64421
        24         3   4.48953   4.92882
        24         4   1.92972
        24         5
        24         6   4.59204
        24         7   3.74911
        24         8   1.75350
        24         9   3.30584
        24        10   4.06150
        24        11   4.23310
        24        12   4.94816   4.56394
        24        13
        24        14   3.86756
        24        15   3.76042   4.23035
        25         0   4.94133
        25         1   2.23658
        25         2   4.48953   4.92882
        25         3   3.64421
        25         4
        25         5   1.92972
        25         6   3.74911
        25         7   4.59204
        25         8   3.30584
        25         9   1.75350
        25        10   4.23310
        25        11   4.06150
        25        12
        25        13   4.56394   4.94816
        25        14   4.23035   3.76042
        25        15   3.86756
        26         0   3.64421
        26         1   4.92882   4.48953
        26         2   2.23658
        26         3   4.94133
        26         4   4.59204
        26         5   3.74911
        26         6   1.92972
        26         7
        26         8   3.30584
        26         9   1.75350
        26        10   4.23310
        26        11   4.06150
        26        12
        26        13   4.56394   4.94816
        26        14   4.23035   3.76042
        26        15   3.86756
        27         0   4.92882   4.48953
        27         1   3.64421
        27         2   4.94133
        27         3   2.23658
        27         4   3.74911
        27         5   4.59204
        27         6
        27         7   1.92972
        27         8   1.75350
        27         9   3.30584
        27        10   4.06150
        27        11   4.23310
        27        12   4.94816   4.56394
        27        13
        27        14   3.86756
        27        15   3.76042   4.23035
        28         0   3.06381
        28         1   4.58108
        28         2   4.58108
        28         3   3.06381
        28         4   3.78269   4.49026
        28         5   3.98472
        28         6   3.98472
        28         7   3.78269   4.49026
        28         8   3.81904
        28         9
        28        10   1.66737
        28        11   4.70257   4.70257
        28        12   4.97531   1.74472
        28        13   4.65755   4.65755
        28        14
        28        15   4.91677
        29         0   4.58108
        29         1   3.06381
        29         2   3.06381
        29         3   4.58108
        29         4   3.98472
        29         5   4.49026   3.78269
        29         6   4.49026   3.78269
        29         7   3.98472
        29         8
        29         9   3.81904
        29        10   4.70257   4.70257
        29        11   1.66737
        29        12   4.65755   4.65755
        29        13   1.74472   4.97531
        29        14   4.91677
        29        15
        30         0
        30         1   2.44720   4.69250
        30         2   3.95017
        30         3   4.48940
        30         4   4.96926
        30         5   1.97074
        30         6   4.81589   4.20260
        30         7   3.97153
        30         8   4.23702
        30         9   4.13510
        30        10   1.75892
        30        11   3.35717
        30        12   4.03361   4.10990
        30        13   4.61533   4.43246
        30        14
        30        15   4.03441
        31         0   4.69250   2.44720
        31         1
        31         2   4.48940
        31         3   3.95017
        31         4   1.97074
        31         5   4.96926
        31         6   3.97153
        31         7   4.81589   4.20260
        31         8   4.13510
        31         9   4.23702
        31        10   3.35717
        31        11   1.75892
        31        12   4.43246   4.61533
        31        13   4.10990   4.03361
        31        14   4.03441
        31        15
        32         0   3.95017
        32         1   4.48940
        32         2
        32         3   4.69250   2.44720
        32         4   4.20260   4.81589
        32         5   3.97153
        32         6   4.96926
        32         7   1.97074
        32         8   4.13510
        32         9   4.23702
        32        10   3.35717
        32        11   1.75892
        32        12   4.43246   4.61533
        32        13   4.10990   4.03361
        32        14   4.03441
        32        15
        33         0   4.48940
        33         1   3.95017
        33         2   2.44720   4.69250
        33         3
        33         4   3.97153
        33         5   4.20260   4.81589
        33         6   1.97074
        33         7   4.96926
        33         8   4.23702
        33         9   4.13510
        33        10   1.75892
        33        11   3.35717
        33        12   4.03361   4.10990
        33        13   4.61533   4.43246
        33        14
        33        15   4.03441
        34         0   2.46776   4.66684
        34         1
        34         2   4.19756
        34         3   4.03900
        34         4   2.00854
        34         5   4.92195
        34         6   3.83933
        34         7   4.77269   4.32253
        34         8   4.76166   4.14414
        34         9   3.80302   4.23625
        34        10
        34        11   4.11469
        34        12   4.22090
        34        13   4.37972
        34        14   1.73452
        34        15   3.19012
        35         0
        35         1   4.66684   2.46776
        35         2   4.03900
        35         3   4.19756
        35         4   4.92195
        35         5   2.00854
        35         6   4.77269   4.32253
        35         7   3.83933
        35         8   4.23625   3.80302
        35         9   4.14414   4.76166
        35        10   4.11469
        35        11
        35        12   4.37972
        35        13   4.22090
        35        14   3.19012
        35        15   1.73452
        36         0   4.19756
        36         1   4.03900
        36         2   4.66684   2.46776
        36         3
        36         4   3.83933
        36         5   4.32253   4.77269
        36         6   2.00854
        36         7   4.92195
        36         8   4.23625   3.80302
        36         9   4.14414   4.76166
        36        10   4.11469
        36        11
        36        12   4.37972
        36        13   4.22090
        36        14   3.19012
        36        15   1.73452
        37         0   4.03900
        37         1   4.19756
        37         2
        37         3   2.46776   4.66684
        37         4   4.32253   4.77269
        37         5   3.83933
        37         6   4.92195
        37         7   2.00854
        37         8   4.76166   4.14414
        37         9   3.80302   4.23625
        37        10
        37        11   4.11469
        37        12   4.22090
        37        13   4.37972
        37        14   1.73452
        37        15   3.19012
        38         0   4.34812
        38         1   3.85982
        38         2
        38         3   2.23487
        38         4   3.69164
        38         5   4.62784
        38         6
        38         7   2.03546
        38         8   4.60026   4.79000
        38         9
        38        10   4.06941   3.88787
        38        11   3.99612
        38        12   1.67768
        38        13   3.38258
        38        14   4.30157
        38        15   3.94109
        39         0   3.85982
        39         1   4.34812
        39         2   2.23487
        39         3
        39         4   4.62784
        39         5   3.69164
        39         6   2.03546
        39         7
        39         8
        39         9   4.79000   4.60026
        39        10   3.99612
        39        11   3.88787   4.06941
        39        12   3.38258
        39        13   1.67768
        39        14   3.94109
        39        15   4.30157
        40         0
        40         1   2.23487
        40         2   4.34812
        40         3   3.85982
        40         4
        40         5   2.03546
        40         6   3.69164
        40         7   4.62784
        40         8
        40         9   4.79000   4.60026
        40        10   3.99612
        40        11   3.88787   4.06941
        40        12   3.38258
        40        13   1.67768
        40        14   3.94109
        40        15   4.30157
        41         0   2.23487
        41         1
        41         2   3.85982
        41         3   4.34812
        41         4   2.03546
        41         5
        41         6   4.62784
        41         7   3.69164
        41         8   4.60026   4.79000
        41         9
        41        10   4.06941   3.88787
        41        11   3.99612
        41        12   1.67768
        41        13   3.38258
        41        14   4.30157
        41        15   3.94109
        42         0   4.78681
        42         1   2.24582
        42         2   2.24582
        42         3   4.78681
        42         4   4.17119
        42         5   4.02810   4.77754
        42         6   4.02810   4.77754
        42         7   4.17119
        42         8   4.26069
        42         9
        42        10   3.88592   3.07215
        42        11
        42        12   1.79618
        42        13   4.36974   4.36974
        42        14
        42        15   3.78957
        43         0   2.24582
        43         1   4.78681
        43         2   4.78681
        43         3   2.24582
        43         4   4.77754   4.02810
        43         5   4.17119
        43         6   4.17119
        43         7   4.77754   4.02810
        43         8
        43         9   4.26069
        43        10
        43        11   3.07215   3.88592
        43        12   4.36974   4.36974
        43        13   1.79618
        43        14   3.78957
        43        15
