         0        16   4.65767
         0        17   2.17430
         0        18
         0        19   2.42262   4.55663
         0        20   3.98462
         0        21   4.37895
         0        22   4.86173
         0        23   2.11649
         0        24   3.02605
         0        25   4.60169
         0        26   3.24511
         0        27   4.27990
         0        28   4.16316   4.57503
         0        29   4.08283
         0        30   4.81895   4.03225
         0        31   4.08919
         0        32   2.24443
         0        33   4.91179
         0        34   3.87855
         0        35   4.34500   4.98801
         0        36   4.59958   4.75719
         0        37   3.80289
         0        38
         0        39   2.14044
         0        40   4.61747   2.47139
         0        41
         0        42   4.38457
         0        43   3.86767
         1        16   2.17430
         1        17   4.65767
         1        18   4.55663   2.42262
         1        19
         1        20   4.37895
         1        21   3.98462
         1        22   2.11649
         1        23   4.86173
         1        24   4.60169
         1        25   3.02605
         1        26   4.27990
         1        27   3.24511
         1        28   4.08283
         1        29   4.57503   4.16316
         1        30   4.08919
         1        31   4.03225   4.81895
         1        32   4.91179
         1        33   2.24443
         1        34   4.34500   4.98801
         1        35   3.87855
         1        36   3.80289
         1        37   4.59958   4.75719
         1        38   2.14044
         1        39
         1        40
         1        41   2.47139   4.61747
         1        42   3.86767
         1        43   4.38457
         2        16   2.17430
         2        17   4.65767
         2        18   3.98462
         2        19   4.37895
         2        20
         2        21   4.55663   2.42262
         2        22   2.11649
         2        23   4.86173
         2        24   4.60169
         2        25   3.02605
         2        26   4.27990
         2        27   3.24511
         2        28   4.08283
         2        29   4.57503   4.16316
         2        30   4.08919
         2        31   4.03225   4.81895
         2        32   3.87855
         2        33   4.98801   4.34500
         2        34   2.24443
         2        35   4.91179
         2        36
         2        37   2.14044
         2        38   4.75719   4.59958
         2        39   3.80289
         2        40   4.38457
         2        41   3.86767
         2        42   2.47139   4.61747
         2        43
         3        16   4.65767
         3        17   2.17430
         3        18   4.37895
         3        19   3.98462
         3        20   2.42262   4.55663
         3        21
         3        22   4.86173
         3        23   2.11649
         3        24   3.02605
         3        25   4.60169
         3        26   3.24511
         3        27   4.27990
         3        28   4.16316   4.57503
         3        29   4.08283
         3        30   4.81895   4.03225
         3        31   4.08919
         3        32   4.98801   4.34500
         3        33   3.87855
         3        34   4.91179
         3        35   2.24443
         3        36   2.14044
         3        37
         3        38   3.80289
         3        39   4.75719   4.59958
         3        40   3.86767
         3        41   4.38457
         3        42
         3        43   4.61747   2.47139
         4        16   4.05709
         4        17   4.00526   4.77251
         4        18
         4        19   1.88535
         4        20   4.78355   4.31156
         4        21   3.90474
         4        22   4.21422
         4        23   4.63849   4.06306
         4        24   3.72109   4.37846
         4        25   4.16098
         4        26   4.53206   3.89485
         4        27   3.79332
         4        28   2.12700
         4        29   4.82023
         4        30   2.23460
         4        31   4.66314
         4        32   4.94307   2.11780
         4        33
         4        34   4.66344
         4        35   3.71009
         4        36   3.81869
         4        37   4.65334
         4        38
         4        39   1.86290
         4        40   1.98515
         4        41   4.91857
         4        42   3.89219
         4        43   4.94477   4.15182
         5        16   4.77251   4.00526
         5        17   4.05709
         5        18   1.88535
         5        19
         5        20   3.90474
         5        21   4.78355   4.31156
         5        22   4.06306   4.63849
         5        23   4.21422
         5        24   4.16098
         5        25   4.37846   3.72109
         5        26   3.79332
         5        27   3.89485   4.53206
         5        28   4.82023
         5        29   2.12700
         5        30   4.66314
         5        31   2.23460
         5        32
         5        33   2.11780   4.94307
         5        34   3.71009
         5        35   4.66344
         5        36   4.65334
         5        37   3.81869
         5        38   1.86290
         5        39
         5        40   4.91857
         5        41   1.98515
         5        42   4.94477   4.15182
         5        43   3.89219
         6        16   4.77251   4.00526
         6        17   4.05709
         6        18   4.31156   4.78355
         6        19   3.90474
         6        20
         6        21   1.88535
         6        22   4.06306   4.63849
         6        23   4.21422
         6        24   4.16098
         6        25   4.37846   3.72109
         6        26   3.79332
         6        27   3.89485   4.53206
         6        28   4.82023
         6        29   2.12700
         6        30   4.66314
         6        31   2.23460
         6        32   4.66344
         6        33   3.71009
         6        34   2.11780   4.94307
         6        35
         6        36
         6        37   1.86290
         6        38   3.81869
         6        39   4.65334
         6        40   3.89219
         6        41   4.15182   4.94477
         6        42   1.98515
         6        43   4.91857
         7        16   4.05709
         7        17   4.00526   4.77251
         7        18   3.90474
         7        19   4.31156   4.78355
         7        20   1.88535
         7        21
         7        22   4.21422
         7        23   4.63849   4.06306
         7        24   3.72109   4.37846
         7        25   4.16098
         7        26   4.53206   3.89485
         7        27   3.79332
         7        28   2.12700
         7        29   4.82023
         7        30   2.23460
         7        31   4.66314
         7        32   3.71009
         7        33   4.66344
         7        34
         7        35   4.94307   2.11780
         7        36   1.86290
         7        37
         7        38   4.65334
         7        39   3.81869
         7        40   4.15182   4.94477
         7        41   3.89219
         7        42   4.91857
         7        43   1.98515
         8        16   4.40456
         8        17
         8        18   4.34857
         8        19   4.09313
         8        20   4.09313
         8        21   4.34857
         8        22   1.77062
         8        23   4.45895   4.45895
         8        24   4.80742   1.87458
         8        25   4.66045   4.66045
         8        26   3.95556
         8        27
         8        28   3.45542
         8        29
         8        30   2.41113   4.32444
         8        31
         8        32   1.60111
         8        33   3.52398
         8        34   3.52398
         8        35   1.60111
         8        36   4.77004   4.54077
         8        37
         8        38
         8        39   4.77004   4.54077
         8        40   4.26776   4.78027
         8        41   3.81406   4.15127
         8        42   3.81406   4.15127
         8        43   4.26776   4.78027
         9        16
         9        17   4.40456
         9        18   4.09313
         9        19   4.34857
         9        20   4.34857
         9        21   4.09313
         9        22   4.45895   4.45895
         9        23   1.77062
         9        24   4.66045   4.66045
         9        25   1.87458   4.80742
         9        26
         9        27   3.95556
         9        28
         9        29   3.45542
         9        30
         9        31   4.32444   2.41113
         9        32   3.52398
         9        33   1.60111
         9        34   1.60111
         9        35   3.52398
         9        36
         9        37   4.54077   4.77004
         9        38   4.54077   4.77004
         9        39
         9        40   4.15127   3.81406
         9        41   4.78027   4.26776
         9        42   4.78027   4.26776
         9        43   4.15127   3.81406
        10        16
        10        17   3.96920
        10        18
        10        19   4.03698
        10        20   4.03698
        10        21
        10        22
        10        23   3.00948   3.90496
        10        24   4.78764   4.78764
        10        25   1.80162
        10        26
        10        27   4.94108
        10        28
        10        29   4.22531
        10        30   4.36552   4.36552
        10        31   1.63942
        10        32   4.11356
        10        33   3.90032   3.93921
        10        34   3.90032   3.93921
        10        35   4.11356
        10        36   4.15634
        10        37   3.91818
        10        38   3.91818
        10        39   4.15634
        10        40   1.68968
        10        41   3.35292
        10        42   3.35292
        10        43   1.68968
        11        16   3.96920
        11        17
        11        18   4.03698
        11        19
        11        20
        11        21   4.03698
        11        22   3.90496   3.00948
        11        23
        11        24   1.80162
        11        25   4.78764   4.78764
        11        26   4.94108
        11        27
        11        28   4.22531
        11        29
        11        30   1.63942
        11        31   4.36552   4.36552
        11        32   3.93921   3.90032
        11        33   4.11356
        11        34   4.11356
        11        35   3.93921   3.90032
        11        36   3.91818
        11        37   4.15634
        11        38   4.15634
        11        39   3.91818
        11        40   3.35292
        11        41   1.68968
        11        42   1.68968
        11        43   3.35292
        12        16   1.66202
        12        17   4.38864   4.38864
        12        18   4.13772   4.00273
        12        19   4.54352   4.29165
        12        20   4.54352   4.29165
        12        21   4.13772   4.00273
        12        22   4.29712
        12        23
        12        24   3.51234
        12        25
        12        26   1.75455   4.88128
        12        27   4.62286   4.62286
        12        28   4.38487   2.38892
        12        29
        12        30   3.51974
        12        31
        12        32   4.26300   4.93381
        12        33
        12        34
        12        35   4.26300   4.93381
        12        36   1.87800
        12        37   3.33430
        12        38   3.33430
        12        39   1.87800
        12        40   4.27814
        12        41   4.32090
        12        42   4.32090
        12        43   4.27814
        13        16   4.38864   4.38864
        13        17   1.66202
        13        18   4.29165   4.54352
        13        19   4.00273   4.13772
        13        20   4.00273   4.13772
        13        21   4.29165   4.54352
        13        22
        13        23   4.29712
        13        24
        13        25   3.51234
        13        26   4.62286   4.62286
        13        27   4.88128   1.75455
        13        28
        13        29   2.38892   4.38487
        13        30
        13        31   3.51974
        13        32
        13        33   4.93381   4.26300
        13        34   4.93381   4.26300
        13        35
        13        36   3.33430
        13        37   1.87800
        13        38   1.87800
        13        39   3.33430
        13        40   4.32090
        13        41   4.27814
        13        42   4.27814
        13        43   4.32090
        14        16   2.95886   3.84028
        14        17
        14        18   1.81132
        14        19   3.25850
        14        20   3.25850
        14        21   1.81132
        14        22   3.78115
        14        23
        14        24   4.75352
        14        25
        14        26   1.60576
        14        27   4.69870   4.69870
        14        28   1.86975
        14        29   4.39999   4.39999
        14        30   4.44984
        14        31
        14        32   3.93562
        14        33   4.32238
        14        34   4.32238
        14        35   3.93562
        14        36   3.87849   4.25540
        14        37   4.98995   3.85231
        14        38   4.98995   3.85231
        14        39   3.87849   4.25540
        14        40
        14        41   3.97466
        14        42   3.97466
        14        43
        15        16
        15        17   3.84028   2.95886
        15        18   3.25850
        15        19   1.81132
        15        20   1.81132
        15        21   3.25850
        15        22
        15        23   3.78115
        15        24
        15        25   4.75352
        15        26   4.69870   4.69870
        15        27   1.60576
        15        28   4.39999   4.39999
        15        29   1.86975
        15        30
        15        31   4.44984
        15        32   4.32238
        15        33   3.93562
        15        34   3.93562
        15        35   4.32238
        15        36   3.85231   4.98995
        15        37   4.25540   3.87849
        15        38   4.25540   3.87849
        15        39   3.85231   4.98995
        15        40   3.97466
        15        41
        15        42
        15        43   3.97466
        16         0   4.65767
        16         1   2.17430
        16         2   2.17430
        16         3   4.65767
        16         4   4.05709
        16         5   4.00526   4.77251
        16         6   4.00526   4.77251
        16         7   4.05709
        16         8   4.40456
        16         9
        16        10
        16        11   3.96920
        16        12   1.66202
        16        13   4.38864   4.38864
        16        14   3.84028   2.95886
        16        15
        17         0   2.17430
        17         1   4.65767
        17         2   4.65767
        17         3   2.17430
        17         4   4.77251   4.00526
        17         5   4.05709
        17         6   4.05709
        17         7   4.77251   4.00526
        17         8
        17         9   4.40456
        17        10   3.96920
        17        11
        17        12   4.38864   4.38864
        17        13   1.66202
        17        14
        17        15   2.95886   3.84028
        18         0
        18         1   2.42262   4.55663
        18         2   3.98462
        18         3   4.37895
        18         4
        18         5   1.88535
        18         6   4.78355   4.31156
        18         7   3.90474
        18         8   4.34857
        18         9   4.09313
        18        10
        18        11   4.03698
        18        12   4.00273   4.13772
        18        13   4.54352   4.29165
        18        14   1.81132
        18        15   3.25850
        19         0   4.55663   2.42262
        19         1
        19         2   4.37895
        19         3   3.98462
        19         4   1.88535
        19         5
        19         6   3.90474
        19         7   4.78355   4.31156
        19         8   4.09313
        19         9   4.34857
        19        10   4.03698
        19        11
        19        12   4.29165   4.54352
        19        13   4.13772   4.00273
        19        14   3.25850
        19        15   1.81132
        20         0   3.98462
        20         1   4.37895
        20         2
        20         3   4.55663   2.42262
        20         4   4.31156   4.78355
        20         5   3.90474
        20         6
        20         7   1.88535
        20         8   4.09313
        20         9   4.34857
        20        10   4.03698
        20        11
        20        12   4.29165   4.54352
        20        13   4.13772   4.00273
        20        14   3.25850
        20        15   1.81132
        21         0   4.37895
        21         1   3.98462
        21         2   2.42262   4.55663
        21         3
        21         4   3.90474
        21         5   4.31156   4.78355
        21         6   1.88535
        21         7
        21         8   4.34857
        21         9   4.09313
        21        10
        21        11   4.03698
        21        12   4.00273   4.13772
        21        13   4.54352   4.29165
        21        14   1.81132
        21        15   3.25850
        22         0   4.86173
        22         1   2.11649
        22         2   2.11649
        22         3   4.86173
        22         4   4.21422
        22         5   4.63849   4.06306
        22         6   4.63849   4.06306
        22         7   4.21422
        22         8   1.77062
        22         9   4.45895   4.45895
        22        10
        22        11   3.00948   3.90496
        22        12   4.29712
        22        13
        22        14   3.78115
        22        15
        23         0   2.11649
        23         1   4.86173
        23         2   4.86173
        23         3   2.11649
        23         4   4.06306   4.63849
        23         5   4.21422
        23         6   4.21422
        23         7   4.06306   4.63849
        23         8   4.45895   4.45895
        23         9   1.77062
        23        10   3.90496   3.00948
        23        11
        23        12
        23        13   4.29712
        23        14
        23        15   3.78115
        24         0   3.02605
        24         1   4.60169
        24         2   4.60169
        24         3   3.02605
        24         4   4.37846   3.72109
        24         5   4.16098
        24         6   4.16098
        24         7   4.37846   3.72109
        24         8   1.87458   4.80742
        24         9   4.66045   4.66045
        24        10   4.78764   4.78764
        24        11   1.80162
        24        12   3.51234
        24        13
        24        14   4.75352
        24        15
        25         0   4.60169
        25         1   3.02605
        25         2   3.02605
        25         3   4.60169
        25         4   4.16098
        25         5   3.72109   4.37846
        25         6   3.72109   4.37846
        25         7   4.16098
        25         8   4.66045   4.66045
        25         9   4.80742   1.87458
        25        10   1.80162
        25        11   4.78764   4.78764
        25        12
        25        13   3.51234
        25        14
        25        15   4.75352
        26         0   3.24511
        26         1   4.27990
        26         2   4.27990
        26         3   3.24511
        26         4   3.89485   4.53206
        26         5   3.79332
        26         6   3.79332
        26         7   3.89485   4.53206
        26         8   3.95556
        26         9
        26        10
        26        11   4.94108
        26        12   4.88128   1.75455
        26        13   4.62286   4.62286
        26        14   1.60576
        26        15   4.69870   4.69870
        27         0   4.27990
        27         1   3.24511
        27         2   3.24511
        27         3   4.27990
        27         4   3.79332
        27         5   4.53206   3.89485
        27         6   4.53206   3.89485
        27         7   3.79332
        27         8
        27         9   3.95556
        27        10   4.94108
        27        11
        27        12   4.62286   4.62286
        27        13   1.75455   4.88128
        27        14   4.69870   4.69870
        27        15   1.60576
        28         0   4.57503   4.16316
        28         1   4.08283
        28         2   4.08283
        28         3   4.57503   4.16316
        28         4   2.12700
        28         5   4.82023
        28         6   4.82023
        28         7   2.12700
        28         8   3.45542
        28         9
        28        10
        28        11   4.22531
        28        12   2.38892   4.38487
        28        13
        28        14   1.86975
        28        15   4.39999   4.39999
        29         0   4.08283
        29         1   4.16316   4.57503
        29         2   4.16316   4.57503
        29         3   4.08283
        29         4   4.82023
        29         5   2.12700
        29         6   2.12700
        29         7   4.82023
        29         8
        29         9   3.45542
        29        10   4.22531
        29        11
        29        12
        29        13   4.38487   2.38892
        29        14   4.39999   4.39999
        29        15   1.86975
        30         0   4.03225   4.81895
        30         1   4.08919
        30         2   4.08919
        30         3   4.03225   4.81895
        30         4   2.23460
        30         5   4.66314
        30         6   4.66314
        30         7   2.23460
        30         8   4.32444   2.41113
        30         9
        30        10   4.36552   4.36552
        30        11   1.63942
        30        12   3.51974
        30        13
        30        14   4.44984
        30        15
        31         0   4.08919
        31         1   4.81895   4.03225
        31         2   4.81895   4.03225
        31         3   4.08919
        31         4   4.66314
        31         5   2.23460
        31         6   2.23460
        31         7   4.66314
        31         8
        31         9   2.41113   4.32444
        31        10   1.63942
        31        11   4.36552   4.36552
        31        12
        31        13   3.51974
        31        14
        31        15   4.44984
        32         0   2.24443
        32         1   4.91179
        32         2   3.87855
        32         3   4.34500   4.98801
        32         4   2.11780   4.94307
        32         5
        32         6   4.66344
        32         7   3.71009
        32         8   1.60111
        32         9   3.52398
        32        10   4.11356
        32        11   3.90032   3.93921
        32        12   4.93381   4.26300
        32        13
        32        14   3.93562
        32        15   4.32238
        33         0   4.91179
        33         1   2.24443
        33         2   4.34500   4.98801
        33         3   3.87855
        33         4
        33         5   4.94307   2.11780
        33         6   3.71009
        33         7   4.66344
        33         8   3.52398
        33         9   1.60111
        33        10   3.93921   3.90032
        33        11   4.11356
        33        12
        33        13   4.26300   4.93381
        33        14   4.32238
        33        15   3.93562
        34         0   3.87855
        34         1   4.98801   4.34500
        34         2   2.24443
        34         3   4.91179
        34         4   4.66344
        34         5   3.71009
        34         6   4.94307   2.11780
        34         7
        34         8   3.52398
        34         9   1.60111
        34        10   3.93921   3.90032
        34        11   4.11356
        34        12
        34        13   4.26300   4.93381
        34        14   4.32238
        34        15   3.93562
        35         0   4.98801   4.34500
        35         1   3.87855
        35         2   4.91179
        35         3   2.24443
        35         4   3.71009
        35         5   4.66344
        35         6
        35         7   2.11780   4.94307
        35         8   1.60111
        35         9   3.52398
        35        10   4.11356
        35        11   3.90032   3.93921
        35        12   4.93381   4.26300
        35        13
        35        14   3.93562
        35        15   4.32238
        36         0   4.75719   4.59958
        36         1   3.80289
        36         2
        36         3   2.14044
        36         4   3.81869
        36         5   4.65334
        36         6
        36         7   1.86290
        36         8   4.54077   4.77004
        36         9
        36        10   4.15634
        36        11   3.91818
        36        12   1.87800
        36        13   3.33430
        36        14   4.25540   3.87849
        36        15   4.98995   3.85231
        37         0   3.80289
        37         1   4.75719   4.59958
        37         2   2.14044
        37         3
        37         4   4.65334
        37         5   3.81869
        37         6   1.86290
        37         7
        37         8
        37         9   4.77004   4.54077
        37        10   3.91818
        37        11   4.15634
        37        12   3.33430
        37        13   1.87800
        37        14   3.85231   4.98995
        37        15   3.87849   4.25540
        38         0
        38         1   2.14044
        38         2   4.59958   4.75719
        38         3   3.80289
        38         4
        38         5   1.86290
        38         6   3.81869
        38         7   4.65334
        38         8
        38         9   4.77004   4.54077
        38        10   3.91818
        38        11   4.15634
        38        12   3.33430
        38        13   1.87800
        38        14   3.85231   4.98995
        38        15   3.87849   4.25540
        39         0   2.14044
        39         1
        39         2   3.80289
        39         3   4.59958   4.75719
        39         4   1.86290
        39         5
        39         6   4.65334
        39         7   3.81869
        39         8   4.54077   4.77004
        39         9
        39        10   4.15634
        39        11   3.91818
        39        12   1.87800
        39        13   3.33430
        39        14   4.25540   3.87849
        39        15   4.98995   3.85231
        40         0   2.47139   4.61747
        40         1
        40         2   4.38457
        40         3   3.86767
        40         4   1.98515
        40         5   4.91857
        40         6   3.89219
        40         7   4.94477   4.15182
        40         8   4.78027   4.26776
        40         9   3.81406   4.15127
        40        10   1.68968
        40        11   3.35292
        40        12   4.27814
        40        13   4.32090
        40        14
        40        15   3.97466
        41         0
        41         1   4.61747   2.47139
        41         2   3.86767
        41         3   4.38457
        41         4   4.91857
        41         5   1.98515
        41         6   4.94477   4.15182
        41         7   3.89219
        41         8   4.15127   3.81406
        41         9   4.26776   4.78027
        41        10   3.35292
        41        11   1.68968
        41        12   4.32090
        41        13   4.27814
        41        14   3.97466
        41        15
        42         0   4.38457
        42         1   3.86767
        42         2   4.61747   2.47139
        42         3
        42         4   3.89219
        42         5   4.15182   4.94477
        42         6   1.98515
        42         7   4.91857
        42         8   4.15127   3.81406
        42         9   4.26776   4.78027
        42        10   3.35292
        42        11   1.68968
        42        12   4.32090
        42        13   4.27814
        42        14   3.97466
        42        15
        43         0   3.86767
        43         1   4.38457
        43         2
        43         3   2.47139   4.61747
        43         4   4.15182   4.94477
        43         5   3.89219
        43         6   4.91857
        43         7   1.98515
        43         8   4.78027   4.26776
        43         9   3.81406   4.15127
        43        10   1.68968
        43        11   3.35292
        43        12   4.27814
        43        13   4.32090
        43        14
        43        15   3.97466
