         0        16   2.17804
         0        17
         0        18   3.86109
         0        19   4.56160   4.82974
         0        20   3.10205
         0        21   4.52384
         0        22   3.26290
         0        23   4.14901
         0        24   4.72188
         0        25   2.15089
         0        26   4.47262   2.61465
         0        27
         0        28   4.30047
         0        29   4.14875
         0        30   4.01516   4.69316
         0        31   4.10741
         0        32   4.56608   4.22677
         0        33   4.10260
         0        34
         0        35   2.31551   4.66254
         0        36   3.78555
         0        37   4.43770
         0        38   4.67546
         0        39   2.24618
         0        40   4.29966
         0        41   3.81903
         0        42   4.86529
         0        43   2.20921
         1        16
         1        17   2.17804
         1        18   4.56160   4.82974
         1        19   3.86109
         1        20   4.52384
         1        21   3.10205
         1        22   4.14901
         1        23   3.26290
         1        24   2.15089
         1        25   4.72188
         1        26
         1        27   2.61465   4.47262
         1        28   4.14875
         1        29   4.30047
         1        30   4.10741
         1        31   4.69316   4.01516
         1        32   4.10260
         1        33   4.22677   4.56608
         1        34   4.66254   2.31551
         1        35
         1        36   4.43770
         1        37   3.78555
         1        38   2.24618
         1        39   4.67546
         1        40   3.81903
         1        41   4.29966
         1        42   2.20921
         1        43   4.86529
         2        16   3.86109
         2        17   4.82974   4.56160
         2        18   2.17804
         2        19
         2        20   4.52384
         2        21   3.10205
         2        22   4.14901
         2        23   3.26290
         2        24   2.15089
         2        25   4.72188
         2        26   4.30047
         2        27   4.14875
         2        28   2.61465   4.47262
         2        29
         2        30   4.10741
         2        31   4.69316   4.01516
         2        32   4.10260
         2        33   4.22677   4.56608
         2        34   3.78555
         2        35   4.43770
         2        36
         2        37   4.66254   2.31551
         2        38   2.24618
         2        39   4.67546
         2        40   4.86529
         2        41   2.20921
         2        42   4.29966
         2        43   3.81903
         3        16   4.82974   4.56160
         3        17   3.86109
         3        18
         3        19   2.17804
         3        20   3.10205
         3        21   4.52384
         3        22   3.26290
         3        23   4.14901
         3        24   4.72188
         3        25   2.15089
         3        26   4.14875
         3        27   4.30047
         3        28
         3        29   4.47262   2.61465
         3        30   4.01516   4.69316
         3        31   4.10741
         3        32   4.56608   4.22677
         3        33   4.10260
         3        34   4.43770
         3        35   3.78555
         3        36   2.31551   4.66254
         3        37
         3        38   4.67546
         3        39   2.24618
         3        40   2.20921
         3        41   4.86529
         3        42   3.81903
         3        43   4.29966
         4        16   1.83279
         4        17
         4        18   4.64847
         4        19   3.75749
         4        20   3.75716   4.37676
         4        21   4.03080
         4        22   4.54123   4.01017
         4        23   3.80496
         4        24   4.20378
         4        25   4.06083   4.70111
         4        26   1.88592
         4        27
         4        28   3.82742
         4        29   4.74844   4.36615
         4        30   2.13569
         4        31   4.79218
         4        32   2.15121
         4        33   4.79004
         4        34   4.97163
         4        35   1.96651
         4        36   4.92638   4.15586
         4        37   3.96502
         4        38   3.99680
         4        39   4.77721   4.03069
         4        40   3.71562
         4        41   4.69177
         4        42
         4        43   2.16622   4.88865
         5        16
         5        17   1.83279
         5        18   3.75749
         5        19   4.64847
         5        20   4.03080
         5        21   4.37676   3.75716
         5        22   3.80496
         5        23   4.01017   4.54123
         5        24   4.70111   4.06083
         5        25   4.20378
         5        26
         5        27   1.88592
         5        28   4.74844   4.36615
         5        29   3.82742
         5        30   4.79218
         5        31   2.13569
         5        32   4.79004
         5        33   2.15121
         5        34   1.96651
         5        35   4.97163
         5        36   3.96502
         5        37   4.92638   4.15586
         5        38   4.03069   4.77721
         5        39   3.99680
         5        40   4.69177
         5        41   3.71562
         5        42   4.88865   2.16622
         5        43
         6        16   4.64847
         6        17   3.75749
         6        18   1.83279
         6        19
         6        20   4.03080
         6        21   4.37676   3.75716
         6        22   3.80496
         6        23   4.01017   4.54123
         6        24   4.70111   4.06083
         6        25   4.20378
         6        26   3.82742
         6        27   4.36615   4.74844
         6        28   1.88592
         6        29
         6        30   4.79218
         6        31   2.13569
         6        32   4.79004
         6        33   2.15121
         6        34   4.15586   4.92638
         6        35   3.96502
         6        36   4.97163
         6        37   1.96651
         6        38   4.03069   4.77721
         6        39   3.99680
         6        40
         6        41   4.88865   2.16622
         6        42   3.71562
         6        43   4.69177
         7        16   3.75749
         7        17   4.64847
         7        18
         7        19   1.83279
         7        20   3.75716   4.37676
         7        21   4.03080
         7        22   4.54123   4.01017
         7        23   3.80496
         7        24   4.20378
         7        25   4.06083   4.70111
         7        26   4.36615   4.74844
         7        27   3.82742
         7        28
         7        29   1.88592
         7        30   2.13569
         7        31   4.79218
         7        32   2.15121
         7        33   4.79004
         7        34   3.96502
         7        35   4.15586   4.92638
         7        36   1.96651
         7        37   4.97163
         7        38   3.99680
         7        39   4.77721   4.03069
         7        40   2.16622   4.88865
         7        41
         7        42   4.69177
         7        43   3.71562
         8        16   4.55396   4.73557
         8        17
         8        18
         8        19   4.55396   4.73557
         8        20   3.66209
         8        21
         8        22   1.78479   4.85169
         8        23   4.50550   4.50550
         8        24   1.67620
         8        25   4.44264   4.44264
         8        26   4.16957
         8        27   4.50865
         8        28   4.50865
         8        29   4.16957
         8        30   4.46084   2.31966
         8        31
         8        32   3.51491
         8        33
         8        34   4.29001   3.77033
         8        35   4.76418   4.31885
         8        36   4.76418   4.31885
         8        37   4.29001   3.77033
         8        38   4.41656
         8        39
         8        40   1.58727
         8        41   3.54547
         8        42   3.54547
         8        43   1.58727
         9        16
         9        17   4.73557   4.55396
         9        18   4.73557   4.55396
         9        19
         9        20
         9        21   3.66209
         9        22   4.50550   4.50550
         9        23   4.85169   1.78479
         9        24   4.44264   4.44264
         9        25   1.67620
         9        26   4.50865
         9        27   4.16957
         9        28   4.16957
         9        29   4.50865
         9        30
         9        31   2.31966   4.46084
         9        32
         9        33   3.51491
         9        34   4.31885   4.76418
         9        35   3.77033   4.29001
         9        36   3.77033   4.29001
         9        37   4.31885   4.76418
         9        38
         9        39   4.41656
         9        40   3.54547
         9        41   1.58727
         9        42   1.58727
         9        43   3.54547
        10        16   1.83067
        10        17   3.38271
        10        18   3.38271
        10        19   1.83067
        10        20   4.87175   1.77190
        10        21   4.70004   4.70004
        10        22   4.03114
        10        23
        10        24   4.39689
        10        25
        10        26   4.16467   4.58415
        10        27   4.04006   4.03684
        10        28   4.04006   4.03684
        10        29   4.16467   4.58415
        10        30   3.43611
        10        31
        10        32   2.33734   4.39517
        10        33
        10        34   4.23235
        10        35   4.18290
        10        36   4.18290
        10        37   4.23235
        10        38   1.65118
        10        39   4.39557   4.39557
        10        40   4.93176   4.23020
        10        41
        10        42
        10        43   4.93176   4.23020
        11        16   3.38271
        11        17   1.83067
        11        18   1.83067
        11        19   3.38271
        11        20   4.70004   4.70004
        11        21   1.77190   4.87175
        11        22
        11        23   4.03114
        11        24
        11        25   4.39689
        11        26   4.03684   4.04006
        11        27   4.58415   4.16467
        11        28   4.58415   4.16467
        11        29   4.03684   4.04006
        11        30
        11        31   3.43611
        11        32
        11        33   4.39517   2.33734
        11        34   4.18290
        11        35   4.23235
        11        36   4.23235
        11        37   4.18290
        11        38   4.39557   4.39557
        11        39   1.65118
        11        40
        11        41   4.23020   4.93176
        11        42   4.23020   4.93176
        11        43
        12        16   4.00486
        12        17   4.10356
        12        18   4.10356
        12        19   4.00486
        12        20   4.94165
        12        21
        12        22   1.77933
        12        23   4.73886   4.73886
        12        24   2.91824   3.90454
        12        25
        12        26
        12        27   4.07037
        12        28   4.07037
        12        29
        12        30   1.79611
        12        31   4.40043   4.40043
        12        32   4.30872
        12        33
        12        34   1.69104
        12        35   3.43404
        12        36   3.43404
        12        37   1.69104
        12        38   3.88200
        12        39
        12        40   3.83921   4.06438
        12        41   4.94531   4.19394
        12        42   4.94531   4.19394
        12        43   3.83921   4.06438
        13        16   4.10356
        13        17   4.00486
        13        18   4.00486
        13        19   4.10356
        13        20
        13        21   4.94165
        13        22   4.73886   4.73886
        13        23   1.77933
        13        24
        13        25   3.90454   2.91824
        13        26   4.07037
        13        27
        13        28
        13        29   4.07037
        13        30   4.40043   4.40043
        13        31   1.79611
        13        32
        13        33   4.30872
        13        34   3.43404
        13        35   1.69104
        13        36   1.69104
        13        37   3.43404
        13        38
        13        39   3.88200
        13        40   4.19394   4.94531
        13        41   4.06438   3.83921
        13        42   4.06438   3.83921
        13        43   4.19394   4.94531
        14        16   3.83628
        14        17   3.87623   4.13888
        14        18   3.87623   4.13888
        14        19   3.83628
        14        20   4.76855   4.76855
        14        21   1.65220
        14        22
        14        23   4.83716
        14        24
        14        25   3.92304
        14        26   1.82459
        14        27   3.15942
        14        28   3.15942
        14        29   1.82459
        14        30
        14        31   4.25493
        14        32   4.39929   4.39929
        14        33   1.82311
        14        34
        14        35   3.94562
        14        36   3.94562
        14        37
        14        38   4.97539   4.97539
        14        39   3.02439   3.78765
        14        40   4.42342
        14        41   3.84795
        14        42   3.84795
        14        43   4.42342
        15        16   4.13888   3.87623
        15        17   3.83628
        15        18   3.83628
        15        19   4.13888   3.87623
        15        20   1.65220
        15        21   4.76855   4.76855
        15        22   4.83716
        15        23
        15        24   3.92304
        15        25
        15        26   3.15942
        15        27   1.82459
        15        28   1.82459
        15        29   3.15942
        15        30   4.25493
        15        31
        15        32   1.82311
        15        33   4.39929   4.39929
        15        34   3.94562
        15        35
        15        36
        15        37   3.94562
        15        38   3.78765   3.02439
        15        39   4.97539   4.97539
        15        40   3.84795
        15        41   4.42342
        15        42   4.42342
        15        43   3.84795
        16         0   2.17804
        16         1
        16         2   3.86109
        16         3   4.56160   4.82974
        16         4   1.83279
        16         5
        16         6   4.64847
        16         7   3.75749
        16         8   4.73557   4.55396
        16         9
        16        10   1.83067
        16        11   3.38271
        16        12   4.00486
        16        13   4.10356
        16        14   3.83628
        16        15   3.87623   4.13888
        17         0
        17         1   2.17804
        17         2   4.56160   4.82974
        17         3   3.86109
        17         4
        17         5   1.83279
        17         6   3.75749
        17         7   4.64847
        17         8
        17         9   4.55396   4.73557
        17        10   3.38271
        17        11   1.83067
        17        12   4.10356
        17        13   4.00486
        17        14   4.13888   3.87623
        17        15   3.83628
        18         0   3.86109
        18         1   4.82974   4.56160
        18         2   2.17804
        18         3
        18         4   4.64847
        18         5   3.75749
        18         6   1.83279
        18         7
        18         8
        18         9   4.55396   4.73557
        18        10   3.38271
        18        11   1.83067
        18        12   4.10356
        18        13   4.00486
        18        14   4.13888   3.87623
        18        15   3.83628
        19         0   4.82974   4.56160
        19         1   3.86109
        19         2
        19         3   2.17804
        19         4   3.75749
        19         5   4.64847
        19         6
        19         7   1.83279
        19         8   4.73557   4.55396
        19         9
        19        10   1.83067
        19        11   3.38271
        19        12   4.00486
        19        13   4.10356
        19        14   3.83628
        19        15   3.87623   4.13888
        20         0   3.10205
        20         1   4.52384
        20         2   4.52384
        20         3   3.10205
        20         4   4.37676   3.75716
        20         5   4.03080
        20         6   4.03080
        20         7   4.37676   3.75716
        20         8   3.66209
        20         9
        20        10   1.77190   4.87175
        20        11   4.70004   4.70004
        20        12   4.94165
        20        13
        20        14   4.76855   4.76855
        20        15   1.65220
        21         0   4.52384
        21         1   3.10205
        21         2   3.10205
        21         3   4.52384
        21         4   4.03080
        21         5   3.75716   4.37676
        21         6   3.75716   4.37676
        21         7   4.03080
        21         8
        21         9   3.66209
        21        10   4.70004   4.70004
        21        11   4.87175   1.77190
        21        12
        21        13   4.94165
        21        14   1.65220
        21        15   4.76855   4.76855
        22         0   3.26290
        22         1   4.14901
        22         2   4.14901
        22         3   3.26290
        22         4   4.01017   4.54123
        22         5   3.80496
        22         6   3.80496
        22         7   4.01017   4.54123
        22         8   4.85169   1.78479
        22         9   4.50550   4.50550
        22        10   4.03114
        22        11
        22        12   1.77933
        22        13   4.73886   4.73886
        22        14
        22        15   4.83716
        23         0   4.14901
        23         1   3.26290
        23         2   3.26290
        23         3   4.14901
        23         4   3.80496
        23         5   4.54123   4.01017
        23         6   4.54123   4.01017
        23         7   3.80496
        23         8   4.50550   4.50550
        23         9   1.78479   4.85169
        23        10
        23        11   4.03114
        23        12   4.73886   4.73886
        23        13   1.77933
        23        14   4.83716
        23        15
        24         0   4.72188
        24         1   2.15089
        24         2   2.15089
        24         3   4.72188
        24         4   4.20378
        24         5   4.06083   4.70111
        24         6   4.06083   4.70111
        24         7   4.20378
        24         8   1.67620
        24         9   4.44264   4.44264
        24        10   4.39689
        24        11
        24        12   3.90454   2.91824
        24        13
        24        14
        24        15   3.92304
        25         0   2.15089
        25         1   4.72188
        25         2   4.72188
        25         3   2.15089
        25         4   4.70111   4.06083
        25         5   4.20378
        25         6   4.20378
        25         7   4.70111   4.06083
        25         8   4.44264   4.44264
        25         9   1.67620
        25        10
        25        11   4.39689
        25        12
        25        13   2.91824   3.90454
        25        14   3.92304
        25        15
        26         0   2.61465   4.47262
        26         1
        26         2   4.30047
        26         3   4.14875
        26         4   1.88592
        26         5
        26         6   3.82742
        26         7   4.74844   4.36615
        26         8   4.16957
        26         9   4.50865
        26        10   4.58415   4.16467
        26        11   4.04006   4.03684
        26        12
        26        13   4.07037
        26        14   1.82459
        26        15   3.15942
        27         0
        27         1   4.47262   2.61465
        27         2   4.14875
        27         3   4.30047
        27         4
        27         5   1.88592
        27         6   4.74844   4.36615
        27         7   3.82742
        27         8   4.50865
        27         9   4.16957
        27        10   4.03684   4.04006
        27        11   4.16467   4.58415
        27        12   4.07037
        27        13
        27        14   3.15942
        27        15   1.82459
        28         0   4.30047
        28         1   4.14875
        28         2   4.47262   2.61465
        28         3
        28         4   3.82742
        28         5   4.36615   4.74844
        28         6   1.88592
        28         7
        28         8   4.50865
        28         9   4.16957
        28        10   4.03684   4.04006
        28        11   4.16467   4.58415
        28        12   4.07037
        28        13
        28        14   3.15942
        28        15   1.82459
        29         0   4.14875
        29         1   4.30047
        29         2
        29         3   2.61465   4.47262
        29         4   4.36615   4.74844
        29         5   3.82742
        29         6
        29         7   1.88592
        29         8   4.16957
        29         9   4.50865
        29        10   4.58415   4.16467
        29        11   4.04006   4.03684
        29        12
        29        13   4.07037
        29        14   1.82459
        29        15   3.15942
        30         0   4.69316   4.01516
        30         1   4.10741
        30         2   4.10741
        30         3   4.69316   4.01516
        30         4   2.13569
        30         5   4.79218
        30         6   4.79218
        30         7   2.13569
        30         8   2.31966   4.46084
        30         9
        30        10   3.43611
        30        11
        30        12   1.79611
        30        13   4.40043   4.40043
        30        14
        30        15   4.25493
        31         0   4.10741
        31         1   4.01516   4.69316
        31         2   4.01516   4.69316
        31         3   4.10741
        31         4   4.79218
        31         5   2.13569
        31         6   2.13569
        31         7   4.79218
        31         8
        31         9   4.46084   2.31966
        31        10
        31        11   3.43611
        31        12   4.40043   4.40043
        31        13   1.79611
        31        14   4.25493
        31        15
        32         0   4.22677   4.56608
        32         1   4.10260
        32         2   4.10260
        32         3   4.22677   4.56608
        32         4   2.15121
        32         5   4.79004
        32         6   4.79004
        32         7   2.15121
        32         8   3.51491
        32         9
        32        10   4.39517   2.33734
        32        11
        32        12   4.30872
        32        13
        32        14   4.39929   4.39929
        32        15   1.82311
        33         0   4.10260
        33         1   4.56608   4.22677
        33         2   4.56608   4.22677
        33         3   4.10260
        33         4   4.79004
        33         5   2.15121
        33         6   2.15121
        33         7   4.79004
        33         8
        33         9   3.51491
        33        10
        33        11   2.33734   4.39517
        33        12
        33        13   4.30872
        33        14   1.82311
        33        15   4.39929   4.39929
        34         0
        34         1   2.31551   4.66254
        34         2   3.78555
        34         3   4.43770
        34         4   4.97163
        34         5   1.96651
        34         6   4.92638   4.15586
        34         7   3.96502
        34         8   3.77033   4.29001
        34         9   4.76418   4.31885
        34        10   4.23235
        34        11   4.18290
        34        12   1.69104
        34        13   3.43404
        34        14
        34        15   3.94562
        35         0   4.66254   2.31551
        35         1
        35         2   4.43770
        35         3   3.78555
        35         4   1.96651
        35         5   4.97163
        35         6   3.96502
        35         7   4.92638   4.15586
        35         8   4.31885   4.76418
        35         9   4.29001   3.77033
        35        10   4.18290
        35        11   4.23235
        35        12   3.43404
        35        13   1.69104
        35        14   3.94562
        35        15
        36         0   3.78555
        36         1   4.43770
        36         2
        36         3   4.66254   2.31551
        36         4   4.15586   4.92638
        36         5   3.96502
        36         6   4.97163
        36         7   1.96651
        36         8   4.31885   4.76418
        36         9   4.29001   3.77033
        36        10   4.18290
        36        11   4.23235
        36        12   3.43404
        36        13   1.69104
        36        14   3.94562
        36        15
        37         0   4.43770
        37         1   3.78555
        37         2   2.31551   4.66254
        37         3
        37         4   3.96502
        37         5   4.15586   4.92638
        37         6   1.96651
        37         7   4.97163
        37         8   3.77033   4.29001
        37         9   4.76418   4.31885
        37        10   4.23235
        37        11   4.18290
        37        12   1.69104
        37        13   3.43404
        37        14
        37        15   3.94562
        38         0   4.67546
        38         1   2.24618
        38         2   2.24618
        38         3   4.67546
        38         4   3.99680
        38         5   4.77721   4.03069
        38         6   4.77721   4.03069
        38         7   3.99680
        38         8   4.41656
        38         9
        38        10   1.65118
        38        11   4.39557   4.39557
        38        12   3.88200
        38        13
        38        14   4.97539   4.97539
        38        15   3.02439   3.78765
        39         0   2.24618
        39         1   4.67546
        39         2   4.67546
        39         3   2.24618
        39         4   4.03069   4.77721
        39         5   3.99680
        39         6   3.99680
        39         7   4.03069   4.77721
        39         8
        39         9   4.41656
        39        10   4.39557   4.39557
        39        11   1.65118
        39        12
        39        13   3.88200
        39        14   3.78765   3.02439
        39        15   4.97539   4.97539
        40         0   4.29966
        40         1   3.81903
        40         2   4.86529
        40         3   2.20921
        40         4   3.71562
        40         5   4.69177
        40         6
        40         7   4.88865   2.16622
        40         8   1.58727
        40         9   3.54547
        40        10   4.23020   4.93176
        40        11
        40        12   4.06438   3.83921
        40        13   4.94531   4.19394
        40        14   4.42342
        40        15   3.84795
        41         0   3.81903
        41         1   4.29966
        41         2   2.20921
        41         3   4.86529
        41         4   4.69177
        41         5   3.71562
        41         6   2.16622   4.88865
        41         7
        41         8   3.54547
        41         9   1.58727
        41        10
        41        11   4.93176   4.23020
        41        12   4.19394   4.94531
        41        13   3.83921   4.06438
        41        14   3.84795
        41        15   4.42342
        42         0   4.86529
        42         1   2.20921
        42         2   4.29966
        42         3   3.81903
        42         4
        42         5   2.16622   4.88865
        42         6   3.71562
        42         7   4.69177
        42         8   3.54547
        42         9   1.58727
        42        10
        42        11   4.93176   4.23020
        42        12   4.19394   4.94531
        42        13   3.83921   4.06438
        42        14   3.84795
        42        15   4.42342
        43         0   2.20921
        43         1   4.86529
        43         2   3.81903
        43         3   4.29966
        43         4   4.88865   2.16622
        43         5
        43         6   4.69177
        43         7   3.71562
        43         8   1.58727
        43         9   3.54547
        43        10   4.23020   4.93176
        43        11
        43        12   4.06438   3.83921
        43        13   4.94531   4.19394
        43        14   4.42342
        43        15   3.84795
