         0        16   1.85507   4.52104
         0        17   4.53755   4.78550
         0        18   4.82190
         0        19   4.54796   3.43878
         0        20   4.60332
         0        21   3.80513   4.79545
         0        22   4.76149   2.30909
         0        23   3.82007
         0        24   4.58254   1.89950
         0        25   4.00526
         0        26   4.97104
         0        27   3.45188   4.51455
         0        28   3.74142
         0        29   3.54596   1.98041
         0        30   4.29670   4.86790
         0        31
         0        32   4.68504   4.83550
         0        33   2.04667   4.69750
         0        34   4.71002   3.76892
         0        35   4.71266
         0        36
         0        37   4.61040   4.86075
         0        38   2.15279   3.86137
         0        39   3.66307   4.73841
         1        16   4.78550   4.53755
         1        17   4.52104   1.85507
         1        18   3.43878   4.54796
         1        19   4.82190
         1        20   4.79545   3.80513
         1        21   4.60332
         1        22   3.82007
         1        23   2.30909   4.76149
         1        24   4.00526
         1        25   1.89950   4.58254
         1        26   4.51455   3.45188
         1        27   4.97104
         1        28   1.98041   3.54596
         1        29   3.74142
         1        30
         1        31   4.86790   4.29670
         1        32   4.69750   2.04667
         1        33   4.83550   4.68504
         1        34   4.71266
         1        35   3.76892   4.71002
         1        36   4.86075   4.61040
         1        37
         1        38   4.73841   3.66307
         1        39   3.86137   2.15279
         2        16   4.82190
         2        17   3.43878   4.54796
         2        18   4.52104   1.85507
         2        19   4.78550   4.53755
         2        20   2.30909   4.76149
         2        21   3.82007
         2        22   4.60332
         2        23   4.79545   3.80513
         2        24   4.97104
         2        25   4.51455   3.45188
         2        26   1.89950   4.58254
         2        27   4.00526
         2        28   4.29670   4.86790
         2        29
         2        30   3.74142
         2        31   1.98041   3.54596
         2        32   3.76892   4.71002
         2        33   4.71266
         2        34   4.83550   4.68504
         2        35   4.69750   2.04667
         2        36   3.86137   2.15279
         2        37   4.73841   3.66307
         2        38
         2        39   4.61040   4.86075
         3        16   4.54796   3.43878
         3        17   4.82190
         3        18   4.53755   4.78550
         3        19   1.85507   4.52104
         3        20   3.82007
         3        21   4.76149   2.30909
         3        22   3.80513   4.79545
         3        23   4.60332
         3        24   3.45188   4.51455
         3        25   4.97104
         3        26   4.00526
         3        27   4.58254   1.89950
         3        28
         3        29   4.86790   4.29670
         3        30   3.54596   1.98041
         3        31   3.74142
         3        32   4.71266
         3        33   4.71002   3.76892
         3        34   2.04667   4.69750
         3        35   4.68504   4.83550
         3        36   3.66307   4.73841
         3        37   2.15279   3.86137
         3        38   4.86075   4.61040
         3        39
         4        16   4.64296   3.55258
         4        17   3.15791
         4        18
         4        19   3.66251
         4        20   4.47692
         4        21   4.65533   4.37574
         4        22   3.36892   4.44853
         4        23   4.32667
         4        24   1.85764   3.44077
         4        25
         4        26
         4        27   4.61726   1.96212
         4        28   3.24925   3.54751
         4        29   3.34285
         4        30   4.53888
         4        31   3.57436
         4        32   1.90196
         4        33   4.32895
         4        34
         4        35   3.47040   3.66040
         4        36
         4        37   3.54944   4.77458
         4        38   4.35974   1.82981
         4        39   4.51023
         5        16   3.15791
         5        17   3.55258   4.64296
         5        18   3.66251
         5        19
         5        20   4.37574   4.65533
         5        21   4.47692
         5        22   4.32667
         5        23   4.44853   3.36892
         5        24
         5        25   3.44077   1.85764
         5        26   1.96212   4.61726
         5        27
         5        28   3.34285
         5        29   3.54751   3.24925
         5        30   3.57436
         5        31   4.53888
         5        32   4.32895
         5        33   1.90196
         5        34   3.66040   3.47040
         5        35
         5        36   4.77458   3.54944
         5        37
         5        38   4.51023
         5        39   1.82981   4.35974
         6        16
         6        17   3.66251
         6        18   3.55258   4.64296
         6        19   3.15791
         6        20   4.44853   3.36892
         6        21   4.32667
         6        22   4.47692
         6        23   4.65533   4.37574
         6        24
         6        25   1.96212   4.61726
         6        26   3.44077   1.85764
         6        27
         6        28   4.53888
         6        29   3.57436
         6        30   3.54751   3.24925
         6        31   3.34285
         6        32
         6        33   3.66040   3.47040
         6        34   1.90196
         6        35   4.32895
         6        36   1.82981   4.35974
         6        37   4.51023
         6        38
         6        39   4.77458   3.54944
         7        16   3.66251
         7        17
         7        18   3.15791
         7        19   4.64296   3.55258
         7        20   4.32667
         7        21   3.36892   4.44853
         7        22   4.37574   4.65533
         7        23   4.47692
         7        24   4.61726   1.96212
         7        25
         7        26
         7        27   1.85764   3.44077
         7        28   3.57436
         7        29   4.53888
         7        30   3.34285
         7        31   3.24925   3.54751
         7        32   3.47040   3.66040
         7        33
         7        34   4.32895
         7        35   1.90196
         7        36   4.51023
         7        37   4.35974   1.82981
         7        38   3.54944   4.77458
         7        39
         8        16   3.42300
         8        17   3.50606   4.57932
         8        18   4.64185   4.67820
         8        19   4.69339   4.41987
         8        20   2.07702   4.63388
         8        21
         8        22   4.82879
         8        23   3.58646   2.04067
         8        24   3.90152
         8        25   4.54394   3.46421
         8        26   4.62076   4.59067
         8        27   4.09375
         8        28   4.63483   2.02366
         8        29   4.72881   4.48061
         8        30   4.64598
         8        31   3.67063   4.68448
         8        32   2.04779   3.46294
         8        33   4.66513
         8        34
         8        35   4.70612   2.02211
         8        36   4.77589   3.51460
         8        37   4.88485
         8        38   3.82812
         8        39   2.11827   4.45956
         9        16   4.57932   3.50606
         9        17   3.42300
         9        18   4.41987   4.69339
         9        19   4.67820   4.64185
         9        20
         9        21   4.63388   2.07702
         9        22   2.04067   3.58646
         9        23   4.82879
         9        24   3.46421   4.54394
         9        25   3.90152
         9        26   4.09375
         9        27   4.59067   4.62076
         9        28   4.48061   4.72881
         9        29   2.02366   4.63483
         9        30   4.68448   3.67063
         9        31   4.64598
         9        32   4.66513
         9        33   3.46294   2.04779
         9        34   2.02211   4.70612
         9        35
         9        36   4.88485
         9        37   3.51460   4.77589
         9        38   4.45956   2.11827
         9        39   3.82812
        10        16   4.64185   4.67820
        10        17   4.41987   4.69339
        10        18   3.42300
        10        19   4.57932   3.50606
        10        20   4.82879
        10        21   2.04067   3.58646
        10        22   4.63388   2.07702
        10        23
        10        24   4.62076   4.59067
        10        25   4.09375
        10        26   3.90152
        10        27   3.46421   4.54394
        10        28   4.64598
        10        29   4.68448   3.67063
        10        30   2.02366   4.63483
        10        31   4.48061   4.72881
        10        32
        10        33   2.02211   4.70612
        10        34   3.46294   2.04779
        10        35   4.66513
        10        36   3.82812
        10        37   4.45956   2.11827
        10        38   3.51460   4.77589
        10        39   4.88485
        11        16   4.69339   4.41987
        11        17   4.67820   4.64185
        11        18   3.50606   4.57932
        11        19   3.42300
        11        20   3.58646   2.04067
        11        21   4.82879
        11        22
        11        23   2.07702   4.63388
        11        24   4.09375
        11        25   4.59067   4.62076
        11        26   4.54394   3.46421
        11        27   3.90152
        11        28   3.67063   4.68448
        11        29   4.64598
        11        30   4.72881   4.48061
        11        31   4.63483   2.02366
        11        32   4.70612   2.02211
        11        33
        11        34   4.66513
        11        35   2.04779   3.46294
        11        36   2.11827   4.45956
        11        37   3.82812
        11        38   4.88485
        11        39   4.77589   3.51460
        12        16   3.47914   1.89122
        12        17   4.76621
        12        18
        12        19   2.04937   4.63998
        12        20   4.52956   2.40489
        12        21
        12        22   4.63479
        12        23   2.05586   3.91795
        12        24   3.66207   4.71247
        12        25   3.43323   4.79193
        12        26   4.83626   4.68095
        12        27   3.74793
        12        28   4.60253   4.85994
        12        29   1.81490   4.56401
        12        30   4.61910   3.60766
        12        31   4.86831
        12        32   3.62023
        12        33   4.43485   3.46689
        12        34   4.67851   4.50071
        12        35   4.62175   4.80874
        12        36   3.59072   4.71792
        12        37   4.93724
        12        38   3.90297
        12        39   4.51714   1.97809
        13        16   4.76621
        13        17   1.89122   3.47914
        13        18   4.63998   2.04937
        13        19
        13        20
        13        21   2.40489   4.52956
        13        22   3.91795   2.05586
        13        23   4.63479
        13        24   4.79193   3.43323
        13        25   4.71247   3.66207
        13        26   3.74793
        13        27   4.68095   4.83626
        13        28   4.56401   1.81490
        13        29   4.85994   4.60253
        13        30   4.86831
        13        31   3.60766   4.61910
        13        32   3.46689   4.43485
        13        33   3.62023
        13        34   4.80874   4.62175
        13        35   4.50071   4.67851
        13        36   4.93724
        13        37   4.71792   3.59072
        13        38   1.97809   4.51714
        13        39   3.90297
        14        16
        14        17   4.63998   2.04937
        14        18   1.89122   3.47914
        14        19   4.76621
        14        20   4.63479
        14        21   3.91795   2.05586
        14        22   2.40489   4.52956
        14        23
        14        24   4.83626   4.68095
        14        25   3.74793
        14        26   4.71247   3.66207
        14        27   4.79193   3.43323
        14        28   3.60766   4.61910
        14        29   4.86831
        14        30   4.85994   4.60253
        14        31   4.56401   1.81490
        14        32   4.67851   4.50071
        14        33   4.80874   4.62175
        14        34   3.62023
        14        35   3.46689   4.43485
        14        36   3.90297
        14        37   1.97809   4.51714
        14        38   4.71792   3.59072
        14        39   4.93724
        15        16   2.04937   4.63998
        15        17
        15        18   4.76621
        15        19   3.47914   1.89122
        15        20   2.05586   3.91795
        15        21   4.63479
        15        22
        15        23   4.52956   2.40489
        15        24   3.74793
        15        25   4.68095   4.83626
        15        26   3.43323   4.79193
        15        27   3.66207   4.71247
        15        28   4.86831
        15        29   4.61910   3.60766
        15        30   1.81490   4.56401
        15        31   4.60253   4.85994
        15        32   4.62175   4.80874
        15        33   4.50071   4.67851
        15        34   4.43485   3.46689
        15        35   3.62023
        15        36   4.51714   1.97809
        15        37   3.90297
        15        38   4.93724
        15        39   3.59072   4.71792
        16         0   4.52104   1.85507
        16         1   4.53755   4.78550
        16         2   4.82190
        16         3   3.43878   4.54796
        16         4   3.55258   4.64296
        16         5   3.15791
        16         6
        16         7   3.66251
        16         8   3.42300
        16         9   3.50606   4.57932
        16        10   4.67820   4.64185
        16        11   4.41987   4.69339
        16        12   1.89122   3.47914
        16        13   4.76621
        16        14
        16        15   4.63998   2.04937
        17         0   4.78550   4.53755
        17         1   1.85507   4.52104
        17         2   4.54796   3.43878
        17         3   4.82190
        17         4   3.15791
        17         5   4.64296   3.55258
        17         6   3.66251
        17         7
        17         8   4.57932   3.50606
        17         9   3.42300
        17        10   4.69339   4.41987
        17        11   4.64185   4.67820
        17        12   4.76621
        17        13   3.47914   1.89122
        17        14   2.04937   4.63998
        17        15
        18         0   4.82190
        18         1   4.54796   3.43878
        18         2   1.85507   4.52104
        18         3   4.78550   4.53755
        18         4
        18         5   3.66251
        18         6   4.64296   3.55258
        18         7   3.15791
        18         8   4.67820   4.64185
        18         9   4.69339   4.41987
        18        10   3.42300
        18        11   4.57932   3.50606
        18        12
        18        13   2.04937   4.63998
        18        14   3.47914   1.89122
        18        15   4.76621
        19         0   3.43878   4.54796
        19         1   4.82190
        19         2   4.53755   4.78550
        19         3   4.52104   1.85507
        19         4   3.66251
        19         5
        19         6   3.15791
        19         7   3.55258   4.64296
        19         8   4.41987   4.69339
        19         9   4.64185   4.67820
        19        10   3.50606   4.57932
        19        11   3.42300
        19        12   4.63998   2.04937
        19        13
        19        14   4.76621
        19        15   1.89122   3.47914
        20         0   4.60332
        20         1   3.80513   4.79545
        20         2   4.76149   2.30909
        20         3   3.82007
        20         4   4.47692
        20         5   4.65533   4.37574
        20         6   3.36892   4.44853
        20         7   4.32667
        20         8   4.63388   2.07702
        20         9
        20        10   4.82879
        20        11   2.04067   3.58646
        20        12   2.40489   4.52956
        20        13
        20        14   4.63479
        20        15   3.91795   2.05586
        21         0   4.79545   3.80513
        21         1   4.60332
        21         2   3.82007
        21         3   2.30909   4.76149
        21         4   4.37574   4.65533
        21         5   4.47692
        21         6   4.32667
        21         7   4.44853   3.36892
        21         8
        21         9   2.07702   4.63388
        21        10   3.58646   2.04067
        21        11   4.82879
        21        12
        21        13   4.52956   2.40489
        21        14   2.05586   3.91795
        21        15   4.63479
        22         0   2.30909   4.76149
        22         1   3.82007
        22         2   4.60332
        22         3   4.79545   3.80513
        22         4   4.44853   3.36892
        22         5   4.32667
        22         6   4.47692
        22         7   4.65533   4.37574
        22         8   4.82879
        22         9   3.58646   2.04067
        22        10   2.07702   4.63388
        22        11
        22        12   4.63479
        22        13   2.05586   3.91795
        22        14   4.52956   2.40489
        22        15
        23         0   3.82007
        23         1   4.76149   2.30909
        23         2   3.80513   4.79545
        23         3   4.60332
        23         4   4.32667
        23         5   3.36892   4.44853
        23         6   4.37574   4.65533
        23         7   4.47692
        23         8   2.04067   3.58646
        23         9   4.82879
        23        10
        23        11   4.63388   2.07702
        23        12   3.91795   2.05586
        23        13   4.63479
        23        14
        23        15   2.40489   4.52956
        24         0   1.89950   4.58254
        24         1   4.00526
        24         2   4.97104
        24         3   4.51455   3.45188
        24         4   3.44077   1.85764
        24         5
        24         6
        24         7   1.96212   4.61726
        24         8   3.90152
        24         9   4.54394   3.46421
        24        10   4.59067   4.62076
        24        11   4.09375
        24        12   4.71247   3.66207
        24        13   3.43323   4.79193
        24        14   4.68095   4.83626
        24        15   3.74793
        25         0   4.00526
        25         1   4.58254   1.89950
        25         2   3.45188   4.51455
        25         3   4.97104
        25         4
        25         5   1.85764   3.44077
        25         6   4.61726   1.96212
        25         7
        25         8   3.46421   4.54394
        25         9   3.90152
        25        10   4.09375
        25        11   4.62076   4.59067
        25        12   4.79193   3.43323
        25        13   3.66207   4.71247
        25        14   3.74793
        25        15   4.83626   4.68095
        26         0   4.97104
        26         1   3.45188   4.51455
        26         2   4.58254   1.89950
        26         3   4.00526
        26         4
        26         5   4.61726   1.96212
        26         6   1.85764   3.44077
        26         7
        26         8   4.59067   4.62076
        26         9   4.09375
        26        10   3.90152
        26        11   3.46421   4.54394
        26        12   4.68095   4.83626
        26        13   3.74793
        26        14   3.66207   4.71247
        26        15   4.79193   3.43323
        27         0   4.51455   3.45188
        27         1   4.97104
        27         2   4.00526
        27         3   1.89950   4.58254
        27         4   1.96212   4.61726
        27         5
        27         6
        27         7   3.44077   1.85764
        27         8   4.09375
        27         9   4.62076   4.59067
        27        10   4.54394   3.46421
        27        11   3.90152
        27        12   3.74793
        27        13   4.83626   4.68095
        27        14   3.43323   4.79193
        27        15   4.71247   3.66207
        28         0   3.74142
        28         1   3.54596   1.98041
        28         2   4.86790   4.29670
        28         3
        28         4   3.54751   3.24925
        28         5   3.34285
        28         6   4.53888
        28         7   3.57436
        28         8   2.02366   4.63483
        28         9   4.72881   4.48061
        28        10   4.64598
        28        11   4.68448   3.67063
        28        12   4.85994   4.60253
        28        13   1.81490   4.56401
        28        14   4.61910   3.60766
        28        15   4.86831
        29         0   1.98041   3.54596
        29         1   3.74142
        29         2
        29         3   4.29670   4.86790
        29         4   3.34285
        29         5   3.24925   3.54751
        29         6   3.57436
        29         7   4.53888
        29         8   4.48061   4.72881
        29         9   4.63483   2.02366
        29        10   3.67063   4.68448
        29        11   4.64598
        29        12   4.56401   1.81490
        29        13   4.60253   4.85994
        29        14   4.86831
        29        15   3.60766   4.61910
        30         0   4.86790   4.29670
        30         1
        30         2   3.74142
        30         3   1.98041   3.54596
        30         4   4.53888
        30         5   3.57436
        30         6   3.24925   3.54751
        30         7   3.34285
        30         8   4.64598
        30         9   3.67063   4.68448
        30        10   4.63483   2.02366
        30        11   4.48061   4.72881
        30        12   3.60766   4.61910
        30        13   4.86831
        30        14   4.60253   4.85994
        30        15   4.56401   1.81490
        31         0
        31         1   4.29670   4.86790
        31         2   3.54596   1.98041
        31         3   3.74142
        31         4   3.57436
        31         5   4.53888
        31         6   3.34285
        31         7   3.54751   3.24925
        31         8   4.68448   3.67063
        31         9   4.64598
        31        10   4.72881   4.48061
        31        11   2.02366   4.63483
        31        12   4.86831
        31        13   4.61910   3.60766
        31        14   1.81490   4.56401
        31        15   4.85994   4.60253
        32         0   4.83550   4.68504
        32         1   2.04667   4.69750
        32         2   4.71002   3.76892
        32         3   4.71266
        32         4   1.90196
        32         5   4.32895
        32         6
        32         7   3.66040   3.47040
        32         8   3.46294   2.04779
        32         9   4.66513
        32        10
        32        11   2.02211   4.70612
        32        12   3.62023
        32        13   4.43485   3.46689
        32        14   4.50071   4.67851
        32        15   4.80874   4.62175
        33         0   4.69750   2.04667
        33         1   4.68504   4.83550
        33         2   4.71266
        33         3   3.76892   4.71002
        33         4   4.32895
        33         5   1.90196
        33         6   3.47040   3.66040
        33         7
        33         8   4.66513
        33         9   2.04779   3.46294
        33        10   4.70612   2.02211
        33        11
        33        12   3.46689   4.43485
        33        13   3.62023
        33        14   4.62175   4.80874
        33        15   4.67851   4.50071
        34         0   3.76892   4.71002
        34         1   4.71266
        34         2   4.68504   4.83550
        34         3   4.69750   2.04667
        34         4
        34         5   3.47040   3.66040
        34         6   1.90196
        34         7   4.32895
        34         8
        34         9   4.70612   2.02211
        34        10   2.04779   3.46294
        34        11   4.66513
        34        12   4.50071   4.67851
        34        13   4.62175   4.80874
        34        14   3.62023
        34        15   3.46689   4.43485
        35         0   4.71266
        35         1   4.71002   3.76892
        35         2   2.04667   4.69750
        35         3   4.83550   4.68504
        35         4   3.66040   3.47040
        35         5
        35         6   4.32895
        35         7   1.90196
        35         8   2.02211   4.70612
        35         9
        35        10   4.66513
        35        11   3.46294   2.04779
        35        12   4.80874   4.62175
        35        13   4.67851   4.50071
        35        14   4.43485   3.46689
        35        15   3.62023
        36         0
        36         1   4.61040   4.86075
        36         2   2.15279   3.86137
        36         3   4.73841   3.66307
        36         4
        36         5   3.54944   4.77458
        36         6   4.35974   1.82981
        36         7   4.51023
        36         8   3.51460   4.77589
        36         9   4.88485
        36        10   3.82812
        36        11   4.45956   2.11827
        36        12   4.71792   3.59072
        36        13   4.93724
        36        14   3.90297
        36        15   1.97809   4.51714
        37         0   4.86075   4.61040
        37         1
        37         2   3.66307   4.73841
        37         3   3.86137   2.15279
        37         4   4.77458   3.54944
        37         5
        37         6   4.51023
        37         7   1.82981   4.35974
        37         8   4.88485
        37         9   4.77589   3.51460
        37        10   2.11827   4.45956
        37        11   3.82812
        37        12   4.93724
        37        13   3.59072   4.71792
        37        14   4.51714   1.97809
        37        15   3.90297
        38         0   3.86137   2.15279
        38         1   3.66307   4.73841
        38         2
        38         3   4.61040   4.86075
        38         4   1.82981   4.35974
        38         5   4.51023
        38         6
        38         7   4.77458   3.54944
        38         8   3.82812
        38         9   2.11827   4.45956
        38        10   4.77589   3.51460
        38        11   4.88485
        38        12   3.90297
        38        13   4.51714   1.97809
        38        14   3.59072   4.71792
        38        15   4.93724
        39         0   4.73841   3.66307
        39         1   2.15279   3.86137
        39         2   4.86075   4.61040
        39         3
        39         4   4.51023
        39         5   4.35974   1.82981
        39         6   3.54944   4.77458
        39         7
        39         8   4.45956   2.11827
        39         9   3.82812
        39        10   4.88485
        39        11   3.51460   4.77589
        39        12   1.97809   4.51714
        39        13   3.90297
        39        14   4.93724
        39        15   4.71792   3.59072
