         0        12   4.65760   4.71081
         0        13   4.57949
         0        14   4.57949
         0        15   4.65760   4.71081
         0        16   4.41621   4.72348
         0        17   2.82177
         0        18   2.82177
         0        19   4.72348   4.41621
         0        20   2.95275
         0        21   4.59821   4.86091
         0        22   4.86091   4.59821
         0        23   2.95275
         0        24   3.73838
         0        25   2.64784
         0        26   2.64784
         0        27   3.73838
         0        28   2.70038
         0        29   3.26137
         0        30   3.26137
         0        31   2.70038
         1        12   4.57949
         1        13   4.71081   4.65760
         1        14   4.71081   4.65760
         1        15   4.57949
         1        16   2.82177
         1        17   4.72348   4.41621
         1        18   4.41621   4.72348
         1        19   2.82177
         1        20   4.59821   4.86091
         1        21   2.95275
         1        22   2.95275
         1        23   4.86091   4.59821
         1        24   2.64784
         1        25   3.73838
         1        26   3.73838
         1        27   2.64784
         1        28   3.26137
         1        29   2.70038
         1        30   2.70038
         1        31   3.26137
         2        12   3.43273
         2        13   4.09842
         2        14   4.09842
         2        15   3.43273
         2        16   4.13578   4.46240
         2        17   4.91870   3.67089
         2        18   4.91870   3.67089
         2        19   4.46240   4.13578
         2        20   4.11109   4.40295
         2        21   4.80160   4.00949
         2        22   4.80160   4.00949
         2        23   4.40295   4.11109
         2        24   1.98316
         2        25   4.49092
         2        26   4.49092
         2        27   1.98316
         2        28   1.94830
         2        29   4.15301
         2        30   4.15301
         2        31   1.94830
         3        12   4.09842
         3        13   3.43273
         3        14   3.43273
         3        15   4.09842
         3        16   3.67089   4.91870
         3        17   4.46240   4.13578
         3        18   4.13578   4.46240
         3        19   3.67089   4.91870
         3        20   4.00949   4.80160
         3        21   4.11109   4.40295
         3        22   4.40295   4.11109
         3        23   4.00949   4.80160
         3        24   4.49092
         3        25   1.98316
         3        26   1.98316
         3        27   4.49092
         3        28   4.15301
         3        29   1.94830
         3        30   1.94830
         3        31   4.15301
         4        12   4.02343   3.75975
         4        13   4.77228
         4        14   1.57855
         4        15   4.09153   3.96536
         4        16   1.66636
         4        17
         4        18   3.96328
         4        19   4.37155   3.59140
         4        20   4.43425   3.81914
         4        21   4.79825
         4        22   3.84175
         4        23   1.64119
         4        24   4.60270
         4        25   4.89387
         4        26   4.56099   4.94135
         4        27   1.56489
         4        28   3.63435   4.26348
         4        29
         4        30   4.19770   3.72582
         4        31   4.14644   4.22737
         5        12   4.77228
         5        13   3.75975   4.02343
         5        14   4.09153   3.96536
         5        15   1.57855
         5        16
         5        17   1.66636
         5        18   4.37155   3.59140
         5        19   3.96328
         5        20   4.79825
         5        21   3.81914   4.43425
         5        22   1.64119
         5        23   3.84175
         5        24   4.89387
         5        25   4.60270
         5        26   1.56489
         5        27   4.94135   4.56099
         5        28
         5        29   4.26348   3.63435
         5        30   4.14644   4.22737
         5        31   3.72582   4.19770
         6        12   1.57855
         6        13   3.96536   4.09153
         6        14   4.02343   3.75975
         6        15   4.77228
         6        16   3.96328
         6        17   3.59140   4.37155
         6        18   1.66636
         6        19
         6        20   3.84175
         6        21   1.64119
         6        22   4.43425   3.81914
         6        23   4.79825
         6        24   4.94135   4.56099
         6        25   1.56489
         6        26   4.60270
         6        27   4.89387
         6        28   3.72582   4.19770
         6        29   4.22737   4.14644
         6        30   3.63435   4.26348
         6        31
         7        12   3.96536   4.09153
         7        13   1.57855
         7        14   4.77228
         7        15   3.75975   4.02343
         7        16   3.59140   4.37155
         7        17   3.96328
         7        18
         7        19   1.66636
         7        20   1.64119
         7        21   3.84175
         7        22   4.79825
         7        23   3.81914   4.43425
         7        24   1.56489
         7        25   4.56099   4.94135
         7        26   4.89387
         7        27   4.60270
         7        28   4.22737   4.14644
         7        29   4.19770   3.72582
         7        30
         7        31   4.26348   3.63435
         8        12   1.60259
         8        13   4.70228   3.63158
         8        14   3.74598   4.44490
         8        15
         8        16   1.61917
         8        17
         8        18   4.17411   4.88917
         8        19   4.86090   3.65375
         8        20   1.59163
         8        21   3.95449
         8        22
         8        23   3.90252   3.86078
         8        24   3.36678   4.29547
         8        25   3.94428   4.00698
         8        26
         8        27   4.04503   3.95047
         8        28   1.62311
         8        29   4.70605
         8        30   4.50243
         8        31   4.76170
         9        12   4.70228   3.63158
         9        13   1.60259
         9        14
         9        15   4.44490   3.74598
         9        16
         9        17   1.61917
         9        18   4.86090   3.65375
         9        19   4.88917   4.17411
         9        20   3.95449
         9        21   1.59163
         9        22   3.86078   3.90252
         9        23
         9        24   4.00698   3.94428
         9        25   3.36678   4.29547
         9        26   3.95047   4.04503
         9        27
         9        28   4.70605
         9        29   1.62311
         9        30   4.76170
         9        31   4.50243
        10        12   3.74598   4.44490
        10        13
        10        14   1.60259
        10        15   3.63158   4.70228
        10        16   4.88917   4.17411
        10        17   3.65375   4.86090
        10        18   1.61917
        10        19
        10        20
        10        21   3.90252   3.86078
        10        22   1.59163
        10        23   3.95449
        10        24
        10        25   4.04503   3.95047
        10        26   4.29547   3.36678
        10        27   4.00698   3.94428
        10        28   4.50243
        10        29   4.76170
        10        30   1.62311
        10        31   4.70605
        11        12
        11        13   4.44490   3.74598
        11        14   3.63158   4.70228
        11        15   1.60259
        11        16   3.65375   4.86090
        11        17   4.17411   4.88917
        11        18
        11        19   1.61917
        11        20   3.86078   3.90252
        11        21
        11        22   3.95449
        11        23   1.59163
        11        24   3.95047   4.04503
        11        25
        11        26   3.94428   4.00698
        11        27   4.29547   3.36678
        11        28   4.76170
        11        29   4.50243
        11        30   4.70605
        11        31   1.62311
        12         0   4.71081   4.65760
        12         1   4.57949
        12         2   3.43273
        12         3   4.09842
        12         4   3.75975   4.02343
        12         5   4.77228
        12         6   1.57855
        12         7   4.09153   3.96536
        12         8   1.60259
        12         9   3.63158   4.70228
        12        10   4.44490   3.74598
        12        11
        13         0   4.57949
        13         1   4.65760   4.71081
        13         2   4.09842
        13         3   3.43273
        13         4   4.77228
        13         5   4.02343   3.75975
        13         6   4.09153   3.96536
        13         7   1.57855
        13         8   3.63158   4.70228
        13         9   1.60259
        13        10
        13        11   3.74598   4.44490
        14         0   4.57949
        14         1   4.65760   4.71081
        14         2   4.09842
        14         3   3.43273
        14         4   1.57855
        14         5   3.96536   4.09153
        14         6   3.75975   4.02343
        14         7   4.77228
        14         8   4.44490   3.74598
        14         9
        14        10   1.60259
        14        11   4.70228   3.63158
        15         0   4.71081   4.65760
        15         1   4.57949
        15         2   3.43273
        15         3   4.09842
        15         4   3.96536   4.09153
        15         5   1.57855
        15         6   4.77228
        15         7   4.02343   3.75975
        15         8
        15         9   3.74598   4.44490
        15        10   4.70228   3.63158
        15        11   1.60259
        16         0   4.72348   4.41621
        16         1   2.82177
        16         2   4.46240   4.13578
        16         3   4.91870   3.67089
        16         4   1.66636
        16         5
        16         6   3.96328
        16         7   4.37155   3.59140
        16         8   1.61917
        16         9
        16        10   4.17411   4.88917
        16        11   4.86090   3.65375
        17         0   2.82177
        17         1   4.41621   4.72348
        17         2   3.67089   4.91870
        17         3   4.13578   4.46240
        17         4
        17         5   1.66636
        17         6   4.37155   3.59140
        17         7   3.96328
        17         8
        17         9   1.61917
        17        10   4.86090   3.65375
        17        11   4.88917   4.17411
        18         0   2.82177
        18         1   4.72348   4.41621
        18         2   3.67089   4.91870
        18         3   4.46240   4.13578
        18         4   3.96328
        18         5   3.59140   4.37155
        18         6   1.66636
        18         7
        18         8   4.88917   4.17411
        18         9   3.65375   4.86090
        18        10   1.61917
        18        11
        19         0   4.41621   4.72348
        19         1   2.82177
        19         2   4.13578   4.46240
        19         3   4.91870   3.67089
        19         4   3.59140   4.37155
        19         5   3.96328
        19         6
        19         7   1.66636
        19         8   3.65375   4.86090
        19         9   4.17411   4.88917
        19        10
        19        11   1.61917
        20         0   2.95275
        20         1   4.86091   4.59821
        20         2   4.40295   4.11109
        20         3   4.80160   4.00949
        20         4   3.81914   4.43425
        20         5   4.79825
        20         6   3.84175
        20         7   1.64119
        20         8   1.59163
        20         9   3.95449
        20        10
        20        11   3.90252   3.86078
        21         0   4.86091   4.59821
        21         1   2.95275
        21         2   4.00949   4.80160
        21         3   4.40295   4.11109
        21         4   4.79825
        21         5   4.43425   3.81914
        21         6   1.64119
        21         7   3.84175
        21         8   3.95449
        21         9   1.59163
        21        10   3.86078   3.90252
        21        11
        22         0   4.59821   4.86091
        22         1   2.95275
        22         2   4.00949   4.80160
        22         3   4.11109   4.40295
        22         4   3.84175
        22         5   1.64119
        22         6   3.81914   4.43425
        22         7   4.79825
        22         8
        22         9   3.90252   3.86078
        22        10   1.59163
        22        11   3.95449
        23         0   2.95275
        23         1   4.59821   4.86091
        23         2   4.11109   4.40295
        23         3   4.80160   4.00949
        23         4   1.64119
        23         5   3.84175
        23         6   4.79825
        23         7   4.43425   3.81914
        23         8   3.86078   3.90252
        23         9
        23        10   3.95449
        23        11   1.59163
        24         0   3.73838
        24         1   2.64784
        24         2   1.98316
        24         3   4.49092
        24         4   4.60270
        24         5   4.89387
        24         6   4.56099   4.94135
        24         7   1.56489
        24         8   4.29547   3.36678
        24         9   3.94428   4.00698
        24        10
        24        11   4.04503   3.95047
        25         0   2.64784
        25         1   3.73838
        25         2   4.49092
        25         3   1.98316
        25         4   4.89387
        25         5   4.60270
        25         6   1.56489
        25         7   4.94135   4.56099
        25         8   4.00698   3.94428
        25         9   4.29547   3.36678
        25        10   3.95047   4.04503
        25        11
        26         0   2.64784
        26         1   3.73838
        26         2   4.49092
        26         3   1.98316
        26         4   4.94135   4.56099
        26         5   1.56489
        26         6   4.60270
        26         7   4.89387
        26         8
        26         9   4.04503   3.95047
        26        10   3.36678   4.29547
        26        11   4.00698   3.94428
        27         0   3.73838
        27         1   2.64784
        27         2   1.98316
        27         3   4.49092
        27         4   1.56489
        27         5   4.56099   4.94135
        27         6   4.89387
        27         7   4.60270
        27         8   3.95047   4.04503
        27         9
        27        10   3.94428   4.00698
        27        11   3.36678   4.29547
        28         0   2.70038
        28         1   3.26137
        28         2   1.94830
        28         3   4.15301
        28         4   4.26348   3.63435
        28         5
        28         6   4.19770   3.72582
        28         7   4.14644   4.22737
        28         8   1.62311
        28         9   4.70605
        28        10   4.50243
        28        11   4.76170
        29         0   3.26137
        29         1   2.70038
        29         2   4.15301
        29         3   1.94830
        29         4
        29         5   3.63435   4.26348
        29         6   4.14644   4.22737
        29         7   3.72582   4.19770
        29         8   4.70605
        29         9   1.62311
        29        10   4.76170
        29        11   4.50243
        30         0   3.26137
        30         1   2.70038
        30         2   4.15301
        30         3   1.94830
        30         4   3.72582   4.19770
        30         5   4.22737   4.14644
        30         6   4.26348   3.63435
        30         7
        30         8   4.50243
        30         9   4.76170
        30        10   1.62311
        30        11   4.70605
        31         0   2.70038
        31         1   3.26137
        31         2   1.94830
        31         3   4.15301
        31         4   4.22737   4.14644
        31         5   4.19770   3.72582
        31         6
        31         7   3.63435   4.26348
        31         8   4.76170
        31         9   4.50243
        31        10   4.70605
        31        11   1.62311
