         0         6   1.84499
         0         7   2.02249   4.14447
         0         8   4.05611   2.04366
         0         9   4.51735   3.67845
         0        10   1.77869
         0        11   4.17715   4.87901
         0        12   4.19072   4.35497   4.77478
         0        13   4.72817   4.90837
         0        14   3.67009   4.38356   4.51622
         0        15   2.27205
         0        16   4.87777   4.76417
         0        17   4.76065
         0        18
         0        19   3.94100
         0        20
         0        21   3.95015
         0        22   2.30283
         0        23   3.63395
         0        24   4.71674
         0        25   3.71009
         1         6   4.14447   2.02249
         1         7   1.84499
         1         8   3.67845   4.51735
         1         9   2.04366   4.05611
         1        10   4.87901   4.17715
         1        11   1.77869
         1        12   4.90837   4.72817
         1        13   4.77478   4.35497   4.19072
         1        14   2.27205
         1        15   4.51622   4.38356   3.67009
         1        16   4.76065
         1        17   4.76417   4.87777
         1        18   3.94100
         1        19
         1        20   3.95015
         1        21
         1        22   3.63395
         1        23   2.30283
         1        24   3.71009
         1        25   4.71674
         2         6   4.33710   4.69574
         2         7   3.84376   4.95082
         2         8   4.56867   4.15345   4.23675
         2         9   4.81631
         2        10   1.62321
         2        11   4.38187
         2        12   1.71923   4.18867
         2        13   4.74093
         2        14   2.05398
         2        15   3.87636
         2        16   1.91165
         2        17   4.73283
         2        18   3.96131
         2        19   4.14596   2.24054
         2        20   3.90175   4.58605
         2        21   2.47366
         2        22   4.48834   4.40475   3.71908
         2        23
         2        24   4.21129
         2        25   4.85585   4.29982
         3         6   4.95082   3.84376
         3         7   4.69574   4.33710
         3         8   4.81631
         3         9   4.23675   4.15345   4.56867
         3        10   4.38187
         3        11   1.62321
         3        12   4.74093
         3        13   4.18867   1.71923
         3        14   3.87636
         3        15   2.05398
         3        16   4.73283
         3        17   1.91165
         3        18   2.24054   4.14596
         3        19   3.96131
         3        20   2.47366
         3        21   4.58605   3.90175
         3        22
         3        23   3.71908   4.40475   4.48834
         3        24   4.29982   4.85585
         3        25   4.21129
         4         6   4.52179
         4         7   4.82695
         4         8   4.21845   4.70119
         4         9   3.94707
         4        10   4.30196   4.79878
         4        11   3.85669
         4        12   4.26785   3.72940
         4        13   4.60290
         4        14   3.44327
         4        15
         4        16   1.78595   4.32152
         4        17   4.59805   4.17237
         4        18   2.55788
         4        19   2.17347
         4        20   4.20247   2.13861
         4        21   3.62380   4.07465
         4        22   1.99916
         4        23   3.83542
         4        24   1.48690
         4        25   3.90283   4.95654   3.54250
         5         6   4.82695
         5         7   4.52179
         5         8   3.94707
         5         9   4.70119   4.21845
         5        10   3.85669
         5        11   4.79878   4.30196
         5        12   4.60290
         5        13   3.72940   4.26785
         5        14
         5        15   3.44327
         5        16   4.17237   4.59805
         5        17   4.32152   1.78595
         5        18   2.17347
         5        19   2.55788
         5        20   4.07465   3.62380
         5        21   2.13861   4.20247
         5        22   3.83542
         5        23   1.99916
         5        24   3.54250   4.95654   3.90283
         5        25   1.48690
         6         0   1.84499
         6         1   2.02249   4.14447
         6         2   4.69574   4.33710
         6         3   3.84376   4.95082
         6         4   4.52179
         6         5   4.82695
         7         0   4.14447   2.02249
         7         1   1.84499
         7         2   4.95082   3.84376
         7         3   4.33710   4.69574
         7         4   4.82695
         7         5   4.52179
         8         0   2.04366   4.05611
         8         1   4.51735   3.67845
         8         2   4.23675   4.15345   4.56867
         8         3   4.81631
         8         4   4.70119   4.21845
         8         5   3.94707
         9         0   3.67845   4.51735
         9         1   4.05611   2.04366
         9         2   4.81631
         9         3   4.56867   4.15345   4.23675
         9         4   3.94707
         9         5   4.21845   4.70119
        10         0   1.77869
        10         1   4.17715   4.87901
        10         2   1.62321
        10         3   4.38187
        10         4   4.79878   4.30196
        10         5   3.85669
        11         0   4.87901   4.17715
        11         1   1.77869
        11         2   4.38187
        11         3   1.62321
        11         4   3.85669
        11         5   4.30196   4.79878
        12         0   4.77478   4.35497   4.19072
        12         1   4.72817   4.90837
        12         2   4.18867   1.71923
        12         3   4.74093
        12         4   3.72940   4.26785
        12         5   4.60290
        13         0   4.90837   4.72817
        13         1   4.19072   4.35497   4.77478
        13         2   4.74093
        13         3   1.71923   4.18867
        13         4   4.60290
        13         5   4.26785   3.72940
        14         0   4.51622   4.38356   3.67009
        14         1   2.27205
        14         2   2.05398
        14         3   3.87636
        14         4   3.44327
        14         5
        15         0   2.27205
        15         1   3.67009   4.38356   4.51622
        15         2   3.87636
        15         3   2.05398
        15         4
        15         5   3.44327
        16         0   4.76417   4.87777
        16         1   4.76065
        16         2   1.91165
        16         3   4.73283
        16         4   4.32152   1.78595
        16         5   4.59805   4.17237
        17         0   4.76065
        17         1   4.87777   4.76417
        17         2   4.73283
        17         3   1.91165
        17         4   4.17237   4.59805
        17         5   1.78595   4.32152
        18         0
        18         1   3.94100
        18         2   3.96131
        18         3   4.14596   2.24054
        18         4   2.55788
        18         5   2.17347
        19         0   3.94100
        19         1
        19         2   2.24054   4.14596
        19         3   3.96131
        19         4   2.17347
        19         5   2.55788
        20         0
        20         1   3.95015
        20         2   4.58605   3.90175
        20         3   2.47366
        20         4   2.13861   4.20247
        20         5   3.62380   4.07465
        21         0   3.95015
        21         1
        21         2   2.47366
        21         3   3.90175   4.58605
        21         4   4.07465   3.62380
        21         5   4.20247   2.13861
        22         0   2.30283
        22         1   3.63395
        22         2   3.71908   4.40475   4.48834
        22         3
        22         4   1.99916
        22         5   3.83542
        23         0   3.63395
        23         1   2.30283
        23         2
        23         3   4.48834   4.40475   3.71908
        23         4   3.83542
        23         5   1.99916
        24         0   4.71674
        24         1   3.71009
        24         2   4.21129
        24         3   4.85585   4.29982
        24         4   1.48690
        24         5   3.90283   4.95654   3.54250
        25         0   3.71009
        25         1   4.71674
        25         2   4.29982   4.85585
        25         3   4.21129
        25         4   3.54250   4.95654   3.90283
        25         5   1.48690
