         0        16   4.61730
         0        17
         0        18   2.19846   4.80131
         0        19   3.67190   2.07367
         0        20   4.82622   2.21168
         0        21   2.11681   3.67180
         0        22   4.47744
         0        23
         0        24   2.07855   4.65817
         0        25   4.92365   3.77073
         0        26   4.72806
         0        27   4.12592
         0        28   4.61495
         0        29   4.36823   4.74928
         0        30   4.68728   2.12105
         0        31   3.86259   4.98498
         0        32   4.45959   4.72186
         0        33   4.04628
         0        34   3.49413
         0        35   3.92975   4.65410
         0        36   3.31930
         0        37   4.50898   4.29555
         0        38   4.54355
         0        39   3.66872
         1        16
         1        17   4.61730
         1        18   3.67190   2.07367
         1        19   2.19846   4.80131
         1        20   2.11681   3.67180
         1        21   4.82622   2.21168
         1        22
         1        23   4.47744
         1        24   4.92365   3.77073
         1        25   2.07855   4.65817
         1        26   4.12592
         1        27   4.72806
         1        28   4.36823   4.74928
         1        29   4.61495
         1        30   3.86259   4.98498
         1        31   4.68728   2.12105
         1        32   4.04628
         1        33   4.45959   4.72186
         1        34   3.92975   4.65410
         1        35   3.49413
         1        36   4.50898   4.29555
         1        37   3.31930
         1        38   3.66872
         1        39   4.54355
         2        16   4.80131   2.19846
         2        17   2.07367   3.67190
         2        18   4.61730
         2        19
         2        20   4.47744
         2        21
         2        22   2.21168   4.82622
         2        23   3.67180   2.11681
         2        24   4.72806
         2        25   4.12592
         2        26   4.65817   2.07855
         2        27   3.77073   4.92365
         2        28   2.12105   4.68728
         2        29   4.98498   3.86259
         2        30   4.61495
         2        31   4.74928   4.36823
         2        32   3.49413
         2        33   4.65410   3.92975
         2        34   4.72186   4.45959
         2        35   4.04628
         2        36   4.54355
         2        37   3.66872
         2        38   3.31930
         2        39   4.29555   4.50898
         3        16   2.07367   3.67190
         3        17   4.80131   2.19846
         3        18
         3        19   4.61730
         3        20
         3        21   4.47744
         3        22   3.67180   2.11681
         3        23   2.21168   4.82622
         3        24   4.12592
         3        25   4.72806
         3        26   3.77073   4.92365
         3        27   4.65817   2.07855
         3        28   4.98498   3.86259
         3        29   2.12105   4.68728
         3        30   4.74928   4.36823
         3        31   4.61495
         3        32   4.65410   3.92975
         3        33   3.49413
         3        34   4.04628
         3        35   4.72186   4.45959
         3        36   3.66872
         3        37   4.54355
         3        38   4.29555   4.50898
         3        39   3.31930
         4        16   4.47356
         4        17   4.94729   3.94713
         4        18   2.00420   4.78894
         4        19   4.77358   3.78182
         4        20   4.81191   2.33482
         4        21   3.87846   4.97408
         4        22   4.69781
         4        23   4.42849   4.97118
         4        24   4.88058   4.55731
         4        25   3.62964   1.96167
         4        26   3.32298
         4        27
         4        28   3.78469
         4        29
         4        30   4.54651
         4        31   2.06492   3.85902
         4        32   3.43717   3.86264
         4        33   2.29646
         4        34   3.85376
         4        35   4.43171
         4        36   4.52369
         4        37   4.87005   4.74722
         4        38   4.35861   2.75260
         4        39   3.18827
         5        16   4.94729   3.94713
         5        17   4.47356
         5        18   4.77358   3.78182
         5        19   2.00420   4.78894
         5        20   3.87846   4.97408
         5        21   4.81191   2.33482
         5        22   4.42849   4.97118
         5        23   4.69781
         5        24   3.62964   1.96167
         5        25   4.55731   4.88058
         5        26
         5        27   3.32298
         5        28
         5        29   3.78469
         5        30   2.06492   3.85902
         5        31   4.54651
         5        32   2.29646
         5        33   3.43717   3.86264
         5        34   4.43171
         5        35   3.85376
         5        36   4.87005   4.74722
         5        37   4.52369
         5        38   3.18827
         5        39   4.35861   2.75260
         6        16   4.78894   2.00420
         6        17   3.78182   4.77358
         6        18   4.47356
         6        19   3.94713   4.94729
         6        20   4.69781
         6        21   4.97118   4.42849
         6        22   2.33482   4.81191
         6        23   4.97408   3.87846
         6        24   3.32298
         6        25
         6        26   4.88058   4.55731
         6        27   1.96167   3.62964
         6        28   4.54651
         6        29   3.85902   2.06492
         6        30   3.78469
         6        31
         6        32   3.85376
         6        33   4.43171
         6        34   3.86264   3.43717
         6        35   2.29646
         6        36   2.75260   4.35861
         6        37   3.18827
         6        38   4.52369
         6        39   4.74722   4.87005
         7        16   3.78182   4.77358
         7        17   4.78894   2.00420
         7        18   3.94713   4.94729
         7        19   4.47356
         7        20   4.97118   4.42849
         7        21   4.69781
         7        22   4.97408   3.87846
         7        23   2.33482   4.81191
         7        24
         7        25   3.32298
         7        26   1.96167   3.62964
         7        27   4.55731   4.88058
         7        28   3.85902   2.06492
         7        29   4.54651
         7        30
         7        31   3.78469
         7        32   4.43171
         7        33   3.85376
         7        34   2.29646
         7        35   3.86264   3.43717
         7        36   3.18827
         7        37   2.75260   4.35861
         7        38   4.74722   4.87005
         7        39   4.52369
         8        16   1.60693
         8        17   3.41974   3.50750
         8        18   4.60975   4.60259
         8        19   3.94690   4.07392
         8        20
         8        21   4.32869
         8        22   4.25324
         8        23   4.32310
         8        24   1.60798
         8        25   4.06449   4.08628
         8        26   3.48545
         8        27   3.29672   3.50962
         8        28
         8        29   4.22277
         8        30   4.62751   3.76081
         8        31   4.20281
         8        32   1.65528   3.91785
         8        33   4.17771   1.63118
         8        34   4.41362
         8        35   3.99359
         8        36
         8        37
         8        38   4.42292   4.20064
         8        39   3.21772
         9        16   3.41974   3.50750
         9        17   1.60693
         9        18   3.94690   4.07392
         9        19   4.60259   4.60975
         9        20   4.32869
         9        21
         9        22   4.32310
         9        23   4.25324
         9        24   4.06449   4.08628
         9        25   1.60798
         9        26   3.29672   3.50962
         9        27   3.48545
         9        28   4.22277
         9        29
         9        30   4.20281
         9        31   4.62751   3.76081
         9        32   4.17771   1.63118
         9        33   1.65528   3.91785
         9        34   3.99359
         9        35   4.41362
         9        36
         9        37
         9        38   3.21772
         9        39   4.42292   4.20064
        10        16   4.60975   4.60259
        10        17   4.07392   3.94690
        10        18   1.60693
        10        19   3.50750   3.41974
        10        20   4.25324
        10        21   4.32310
        10        22
        10        23   4.32869
        10        24   3.48545
        10        25   3.50962   3.29672
        10        26   1.60798
        10        27   4.08628   4.06449
        10        28   3.76081   4.62751
        10        29   4.20281
        10        30
        10        31   4.22277
        10        32   4.41362
        10        33   3.99359
        10        34   3.91785   1.65528
        10        35   1.63118   4.17771
        10        36   4.20064   4.42292
        10        37   3.21772
        10        38
        10        39
        11        16   4.07392   3.94690
        11        17   4.60259   4.60975
        11        18   3.50750   3.41974
        11        19   1.60693
        11        20   4.32310
        11        21   4.25324
        11        22   4.32869
        11        23
        11        24   3.50962   3.29672
        11        25   3.48545
        11        26   4.08628   4.06449
        11        27   1.60798
        11        28   4.20281
        11        29   3.76081   4.62751
        11        30   4.22277
        11        31
        11        32   3.99359
        11        33   4.41362
        11        34   1.63118   4.17771
        11        35   3.91785   1.65528
        11        36   3.21772
        11        37   4.20064   4.42292
        11        38
        11        39
        12        16
        12        17   4.37731
        12        18   4.26596
        12        19   4.29927
        12        20   1.60357
        12        21   3.42187   3.45271
        12        22   4.57005   4.63456
        12        23   4.30905   3.76590
        12        24
        12        25   4.31415
        12        26   3.59457
        12        27   4.38394
        12        28   1.61104   4.96815
        12        29   4.29627   3.62531
        12        30   3.63161
        12        31   3.47401   3.63455
        12        32
        12        33
        12        34   4.00241   4.26926
        12        35   3.27300
        12        36   1.64853   4.41037
        12        37   3.68537   1.70693
        12        38   3.71331
        12        39   4.89772
        13        16   4.37731
        13        17
        13        18   4.29927
        13        19   4.26596
        13        20   3.42187   3.45271
        13        21   1.60357
        13        22   4.30905   3.76590
        13        23   4.63456   4.57005
        13        24   4.31415
        13        25
        13        26   4.38394
        13        27   3.59457
        13        28   4.29627   3.62531
        13        29   1.61104   4.96815
        13        30   3.47401   3.63455
        13        31   3.63161
        13        32
        13        33
        13        34   3.27300
        13        35   4.00241   4.26926
        13        36   3.68537   1.70693
        13        37   1.64853   4.41037
        13        38   4.89772
        13        39   3.71331
        14        16   4.26596
        14        17   4.29927
        14        18
        14        19   4.37731
        14        20   4.57005   4.63456
        14        21   3.76590   4.30905
        14        22   1.60357
        14        23   3.45271   3.42187
        14        24   3.59457
        14        25   4.38394
        14        26
        14        27   4.31415
        14        28   3.63161
        14        29   3.63455   3.47401
        14        30   4.96815   1.61104
        14        31   3.62531   4.29627
        14        32   4.26926   4.00241
        14        33   3.27300
        14        34
        14        35
        14        36   3.71331
        14        37   4.89772
        14        38   4.41037   1.64853
        14        39   1.70693   3.68537
        15        16   4.29927
        15        17   4.26596
        15        18   4.37731
        15        19
        15        20   3.76590   4.30905
        15        21   4.63456   4.57005
        15        22   3.45271   3.42187
        15        23   1.60357
        15        24   4.38394
        15        25   3.59457
        15        26   4.31415
        15        27
        15        28   3.63455   3.47401
        15        29   3.63161
        15        30   3.62531   4.29627
        15        31   4.96815   1.61104
        15        32   3.27300
        15        33   4.26926   4.00241
        15        34
        15        35
        15        36   4.89772
        15        37   3.71331
        15        38   1.70693   3.68537
        15        39   4.41037   1.64853
        16         0   4.61730
        16         1
        16         2   2.19846   4.80131
        16         3   3.67190   2.07367
        16         4   4.47356
        16         5   3.94713   4.94729
        16         6   2.00420   4.78894
        16         7   4.77358   3.78182
        16         8   1.60693
        16         9   3.50750   3.41974
        16        10   4.60259   4.60975
        16        11   3.94690   4.07392
        16        12
        16        13   4.37731
        16        14   4.26596
        16        15   4.29927
        17         0
        17         1   4.61730
        17         2   3.67190   2.07367
        17         3   2.19846   4.80131
        17         4   3.94713   4.94729
        17         5   4.47356
        17         6   4.77358   3.78182
        17         7   2.00420   4.78894
        17         8   3.50750   3.41974
        17         9   1.60693
        17        10   3.94690   4.07392
        17        11   4.60975   4.60259
        17        12   4.37731
        17        13
        17        14   4.29927
        17        15   4.26596
        18         0   4.80131   2.19846
        18         1   2.07367   3.67190
        18         2   4.61730
        18         3
        18         4   4.78894   2.00420
        18         5   3.78182   4.77358
        18         6   4.47356
        18         7   4.94729   3.94713
        18         8   4.60259   4.60975
        18         9   4.07392   3.94690
        18        10   1.60693
        18        11   3.41974   3.50750
        18        12   4.26596
        18        13   4.29927
        18        14
        18        15   4.37731
        19         0   2.07367   3.67190
        19         1   4.80131   2.19846
        19         2
        19         3   4.61730
        19         4   3.78182   4.77358
        19         5   4.78894   2.00420
        19         6   4.94729   3.94713
        19         7   4.47356
        19         8   4.07392   3.94690
        19         9   4.60975   4.60259
        19        10   3.41974   3.50750
        19        11   1.60693
        19        12   4.29927
        19        13   4.26596
        19        14   4.37731
        19        15
        20         0   2.21168   4.82622
        20         1   3.67180   2.11681
        20         2   4.47744
        20         3
        20         4   2.33482   4.81191
        20         5   4.97408   3.87846
        20         6   4.69781
        20         7   4.42849   4.97118
        20         8
        20         9   4.32869
        20        10   4.25324
        20        11   4.32310
        20        12   1.60357
        20        13   3.45271   3.42187
        20        14   4.63456   4.57005
        20        15   4.30905   3.76590
        21         0   3.67180   2.11681
        21         1   2.21168   4.82622
        21         2
        21         3   4.47744
        21         4   4.97408   3.87846
        21         5   2.33482   4.81191
        21         6   4.42849   4.97118
        21         7   4.69781
        21         8   4.32869
        21         9
        21        10   4.32310
        21        11   4.25324
        21        12   3.45271   3.42187
        21        13   1.60357
        21        14   4.30905   3.76590
        21        15   4.57005   4.63456
        22         0   4.47744
        22         1
        22         2   4.82622   2.21168
        22         3   2.11681   3.67180
        22         4   4.69781
        22         5   4.97118   4.42849
        22         6   4.81191   2.33482
        22         7   3.87846   4.97408
        22         8   4.25324
        22         9   4.32310
        22        10
        22        11   4.32869
        22        12   4.63456   4.57005
        22        13   3.76590   4.30905
        22        14   1.60357
        22        15   3.42187   3.45271
        23         0
        23         1   4.47744
        23         2   2.11681   3.67180
        23         3   4.82622   2.21168
        23         4   4.97118   4.42849
        23         5   4.69781
        23         6   3.87846   4.97408
        23         7   4.81191   2.33482
        23         8   4.32310
        23         9   4.25324
        23        10   4.32869
        23        11
        23        12   3.76590   4.30905
        23        13   4.57005   4.63456
        23        14   3.42187   3.45271
        23        15   1.60357
        24         0   4.65817   2.07855
        24         1   3.77073   4.92365
        24         2   4.72806
        24         3   4.12592
        24         4   4.55731   4.88058
        24         5   1.96167   3.62964
        24         6   3.32298
        24         7
        24         8   1.60798
        24         9   4.08628   4.06449
        24        10   3.48545
        24        11   3.29672   3.50962
        24        12
        24        13   4.31415
        24        14   3.59457
        24        15   4.38394
        25         0   3.77073   4.92365
        25         1   4.65817   2.07855
        25         2   4.12592
        25         3   4.72806
        25         4   1.96167   3.62964
        25         5   4.88058   4.55731
        25         6
        25         7   3.32298
        25         8   4.08628   4.06449
        25         9   1.60798
        25        10   3.29672   3.50962
        25        11   3.48545
        25        12   4.31415
        25        13
        25        14   4.38394
        25        15   3.59457
        26         0   4.72806
        26         1   4.12592
        26         2   2.07855   4.65817
        26         3   4.92365   3.77073
        26         4   3.32298
        26         5
        26         6   4.55731   4.88058
        26         7   3.62964   1.96167
        26         8   3.48545
        26         9   3.50962   3.29672
        26        10   1.60798
        26        11   4.06449   4.08628
        26        12   3.59457
        26        13   4.38394
        26        14
        26        15   4.31415
        27         0   4.12592
        27         1   4.72806
        27         2   4.92365   3.77073
        27         3   2.07855   4.65817
        27         4
        27         5   3.32298
        27         6   3.62964   1.96167
        27         7   4.88058   4.55731
        27         8   3.50962   3.29672
        27         9   3.48545
        27        10   4.06449   4.08628
        27        11   1.60798
        27        12   4.38394
        27        13   3.59457
        27        14   4.31415
        27        15
        28         0   4.61495
        28         1   4.74928   4.36823
        28         2   4.68728   2.12105
        28         3   3.86259   4.98498
        28         4   3.78469
        28         5
        28         6   4.54651
        28         7   2.06492   3.85902
        28         8
        28         9   4.22277
        28        10   4.62751   3.76081
        28        11   4.20281
        28        12   4.96815   1.61104
        28        13   3.62531   4.29627
        28        14   3.63161
        28        15   3.47401   3.63455
        29         0   4.74928   4.36823
        29         1   4.61495
        29         2   3.86259   4.98498
        29         3   4.68728   2.12105
        29         4
        29         5   3.78469
        29         6   2.06492   3.85902
        29         7   4.54651
        29         8   4.22277
        29         9
        29        10   4.20281
        29        11   4.62751   3.76081
        29        12   3.62531   4.29627
        29        13   4.96815   1.61104
        29        14   3.47401   3.63455
        29        15   3.63161
        30         0   2.12105   4.68728
        30         1   4.98498   3.86259
        30         2   4.61495
        30         3   4.36823   4.74928
        30         4   4.54651
        30         5   3.85902   2.06492
        30         6   3.78469
        30         7
        30         8   3.76081   4.62751
        30         9   4.20281
        30        10
        30        11   4.22277
        30        12   3.63161
        30        13   3.63455   3.47401
        30        14   1.61104   4.96815
        30        15   4.29627   3.62531
        31         0   4.98498   3.86259
        31         1   2.12105   4.68728
        31         2   4.36823   4.74928
        31         3   4.61495
        31         4   3.85902   2.06492
        31         5   4.54651
        31         6
        31         7   3.78469
        31         8   4.20281
        31         9   3.76081   4.62751
        31        10   4.22277
        31        11
        31        12   3.63455   3.47401
        31        13   3.63161
        31        14   4.29627   3.62531
        31        15   1.61104   4.96815
        32         0   4.72186   4.45959
        32         1   4.04628
        32         2   3.49413
        32         3   3.92975   4.65410
        32         4   3.86264   3.43717
        32         5   2.29646
        32         6   3.85376
        32         7   4.43171
        32         8   3.91785   1.65528
        32         9   1.63118   4.17771
        32        10   4.41362
        32        11   3.99359
        32        12
        32        13
        32        14   4.00241   4.26926
        32        15   3.27300
        33         0   4.04628
        33         1   4.72186   4.45959
        33         2   3.92975   4.65410
        33         3   3.49413
        33         4   2.29646
        33         5   3.86264   3.43717
        33         6   4.43171
        33         7   3.85376
        33         8   1.63118   4.17771
        33         9   3.91785   1.65528
        33        10   3.99359
        33        11   4.41362
        33        12
        33        13
        33        14   3.27300
        33        15   4.00241   4.26926
        34         0   3.49413
        34         1   4.65410   3.92975
        34         2   4.45959   4.72186
        34         3   4.04628
        34         4   3.85376
        34         5   4.43171
        34         6   3.43717   3.86264
        34         7   2.29646
        34         8   4.41362
        34         9   3.99359
        34        10   1.65528   3.91785
        34        11   4.17771   1.63118
        34        12   4.26926   4.00241
        34        13   3.27300
        34        14
        34        15
        35         0   4.65410   3.92975
        35         1   3.49413
        35         2   4.04628
        35         3   4.45959   4.72186
        35         4   4.43171
        35         5   3.85376
        35         6   2.29646
        35         7   3.43717   3.86264
        35         8   3.99359
        35         9   4.41362
        35        10   4.17771   1.63118
        35        11   1.65528   3.91785
        35        12   3.27300
        35        13   4.26926   4.00241
        35        14
        35        15
        36         0   3.31930
        36         1   4.29555   4.50898
        36         2   4.54355
        36         3   3.66872
        36         4   4.52369
        36         5   4.74722   4.87005
        36         6   4.35861   2.75260
        36         7   3.18827
        36         8
        36         9
        36        10   4.42292   4.20064
        36        11   3.21772
        36        12   4.41037   1.64853
        36        13   1.70693   3.68537
        36        14   3.71331
        36        15   4.89772
        37         0   4.29555   4.50898
        37         1   3.31930
        37         2   3.66872
        37         3   4.54355
        37         4   4.74722   4.87005
        37         5   4.52369
        37         6   3.18827
        37         7   4.35861   2.75260
        37         8
        37         9
        37        10   3.21772
        37        11   4.42292   4.20064
        37        12   1.70693   3.68537
        37        13   4.41037   1.64853
        37        14   4.89772
        37        15   3.71331
        38         0   4.54355
        38         1   3.66872
        38         2   3.31930
        38         3   4.50898   4.29555
        38         4   2.75260   4.35861
        38         5   3.18827
        38         6   4.52369
        38         7   4.87005   4.74722
        38         8   4.20064   4.42292
        38         9   3.21772
        38        10
        38        11
        38        12   3.71331
        38        13   4.89772
        38        14   1.64853   4.41037
        38        15   3.68537   1.70693
        39         0   3.66872
        39         1   4.54355
        39         2   4.50898   4.29555
        39         3   3.31930
        39         4   3.18827
        39         5   2.75260   4.35861
        39         6   4.87005   4.74722
        39         7   4.52369
        39         8   3.21772
        39         9   4.20064   4.42292
        39        10
        39        11
        39        12   4.89772
        39        13   3.71331
        39        14   3.68537   1.70693
        39        15   1.64853   4.41037
