         0        24   4.55365
         0        25   4.55365
         0        26   3.57027
         0        27   3.57027
         0        28   1.89578   4.49259
         0        29   4.49259   1.89578
         0        30
         0        31
         0        32   4.49795   1.90846
         0        33   1.90846   4.49795
         0        34
         0        35
         0        36
         0        37
         0        38   4.44541
         0        39   4.44541
         0        40
         0        41
         0        42   4.72915
         0        43   4.72915
         0        44   1.88931
         0        45   3.55769   3.32734
         0        46   3.32734   3.55769
         0        47
         0        48
         0        49
         0        50
         0        51   1.88931
         0        52
         0        53
         0        54
         0        55   4.21483   4.55677
         0        56   4.55677   4.21483
         0        57   3.31207
         0        58   3.31207
         0        59
         1        24   4.55365
         1        25   4.55365
         1        26   3.57027
         1        27   3.57027
         1        28   4.49259   1.89578
         1        29   1.89578   4.49259
         1        30
         1        31
         1        32   1.90846   4.49795
         1        33   4.49795   1.90846
         1        34
         1        35
         1        36
         1        37
         1        38   4.44541
         1        39   4.44541
         1        40
         1        41
         1        42   4.72915
         1        43   4.72915
         1        44   3.32734   3.55769
         1        45   1.88931
         1        46   1.88931
         1        47
         1        48
         1        49
         1        50
         1        51   3.55769   3.32734
         1        52
         1        53
         1        54
         1        55   3.31207
         1        56   3.31207
         1        57   4.21483   4.55677
         1        58   4.55677   4.21483
         1        59
         2        24   3.57027
         2        25   3.57027
         2        26   4.55365
         2        27   4.55365
         2        28
         2        29
         2        30   1.89578   4.49259
         2        31   4.49259   1.89578
         2        32
         2        33
         2        34   4.49795   1.90846
         2        35   1.90846   4.49795
         2        36   4.44541
         2        37   4.44541
         2        38
         2        39
         2        40   4.72915
         2        41   4.72915
         2        42
         2        43
         2        44
         2        45
         2        46
         2        47   1.88931
         2        48   1.88931
         2        49   3.32734   3.55769
         2        50   3.55769   3.32734
         2        51
         2        52   4.21483   4.55677
         2        53   3.31207
         2        54   3.31207
         2        55
         2        56
         2        57
         2        58
         2        59   4.55677   4.21483
         3        24   3.57027
         3        25   3.57027
         3        26   4.55365
         3        27   4.55365
         3        28
         3        29
         3        30   4.49259   1.89578
         3        31   1.89578   4.49259
         3        32
         3        33
         3        34   1.90846   4.49795
         3        35   4.49795   1.90846
         3        36   4.44541
         3        37   4.44541
         3        38
         3        39
         3        40   4.72915
         3        41   4.72915
         3        42
         3        43
         3        44
         3        45
         3        46
         3        47   3.32734   3.55769
         3        48   3.55769   3.32734
         3        49   1.88931
         3        50   1.88931
         3        51
         3        52   3.31207
         3        53   4.55677   4.21483
         3        54   4.21483   4.55677
         3        55
         3        56
         3        57
         3        58
         3        59   3.31207
         4        24   4.21828
         4        25   4.21828
         4        26   3.96090
         4        27   3.96090
         4        28   4.21654
         4        29   4.21654
         4        30
         4        31
         4        32   4.17640
         4        33   4.17640
         4        34
         4        35
         4        36   1.99201   4.53403
         4        37   4.53403   1.99201
         4        38
         4        39
         4        40   4.47593   1.85596
         4        41   1.85596   4.47593
         4        42
         4        43
         4        44
         4        45
         4        46
         4        47   4.57751   4.74758
         4        48   4.74758   4.57751
         4        49   3.66768
         4        50   3.66768
         4        51
         4        52
         4        53
         4        54
         4        55   3.21850   3.65487
         4        56   3.65487   3.21850
         4        57   1.88779
         4        58   1.88779
         4        59
         5        24   4.21828
         5        25   4.21828
         5        26   3.96090
         5        27   3.96090
         5        28   4.21654
         5        29   4.21654
         5        30
         5        31
         5        32   4.17640
         5        33   4.17640
         5        34
         5        35
         5        36   4.53403   1.99201
         5        37   1.99201   4.53403
         5        38
         5        39
         5        40   1.85596   4.47593
         5        41   4.47593   1.85596
         5        42
         5        43
         5        44
         5        45
         5        46
         5        47   3.66768
         5        48   3.66768
         5        49   4.57751   4.74758
         5        50   4.74758   4.57751
         5        51
         5        52
         5        53
         5        54
         5        55   1.88779
         5        56   1.88779
         5        57   3.21850   3.65487
         5        58   3.65487   3.21850
         5        59
         6        24   3.96090
         6        25   3.96090
         6        26   4.21828
         6        27   4.21828
         6        28
         6        29
         6        30   4.21654
         6        31   4.21654
         6        32
         6        33
         6        34   4.17640
         6        35   4.17640
         6        36
         6        37
         6        38   1.99201   4.53403
         6        39   4.53403   1.99201
         6        40
         6        41
         6        42   4.47593   1.85596
         6        43   1.85596   4.47593
         6        44   4.57751   4.74758
         6        45   3.66768
         6        46   3.66768
         6        47
         6        48
         6        49
         6        50
         6        51   4.74758   4.57751
         6        52   3.21850   3.65487
         6        53   1.88779
         6        54   1.88779
         6        55
         6        56
         6        57
         6        58
         6        59   3.65487   3.21850
         7        24   3.96090
         7        25   3.96090
         7        26   4.21828
         7        27   4.21828
         7        28
         7        29
         7        30   4.21654
         7        31   4.21654
         7        32
         7        33
         7        34   4.17640
         7        35   4.17640
         7        36
         7        37
         7        38   4.53403   1.99201
         7        39   1.99201   4.53403
         7        40
         7        41
         7        42   1.85596   4.47593
         7        43   4.47593   1.85596
         7        44   3.66768
         7        45   4.74758   4.57751
         7        46   4.57751   4.74758
         7        47
         7        48
         7        49
         7        50
         7        51   3.66768
         7        52   1.88779
         7        53   3.65487   3.21850
         7        54   3.21850   3.65487
         7        55
         7        56
         7        57
         7        58
         7        59   1.88779
         8        24   1.82333
         8        25
         8        26
         8        27   3.80173
         8        28   4.89294
         8        29
         8        30   4.97517   4.97517
         8        31   1.79417
         8        32
         8        33
         8        34   4.12508
         8        35   3.32438   3.32438
         8        36   4.43721
         8        37
         8        38   3.96486   3.96486
         8        39   2.83133
         8        40
         8        41
         8        42   1.93068
         8        43   4.35454   4.35454
         8        44   4.22752
         8        45   4.22752
         8        46   4.98320
         8        47   3.31959
         8        48   4.11129
         8        49   4.11129
         8        50   3.31959
         8        51   4.98320
         8        52   4.12917   1.86011
         8        53   1.86011   4.12917
         8        54   4.41224
         8        55
         8        56
         8        57
         8        58
         8        59   4.41224
         9        24
         9        25   1.82333
         9        26   3.80173
         9        27
         9        28
         9        29   4.89294
         9        30   1.79417
         9        31   4.97517   4.97517
         9        32
         9        33
         9        34   3.32438   3.32438
         9        35   4.12508
         9        36
         9        37   4.43721
         9        38   2.83133
         9        39   3.96486   3.96486
         9        40
         9        41
         9        42   4.35454   4.35454
         9        43   1.93068
         9        44   4.98320
         9        45   4.98320
         9        46   4.22752
         9        47   4.11129
         9        48   3.31959
         9        49   3.31959
         9        50   4.11129
         9        51   4.22752
         9        52   4.41224
         9        53   4.41224
         9        54   4.12917   1.86011
         9        55
         9        56
         9        57
         9        58
         9        59   1.86011   4.12917
        10        24
        10        25   3.80173
        10        26   1.82333
        10        27
        10        28   4.97517   4.97517
        10        29   1.79417
        10        30   4.89294
        10        31
        10        32   4.12508
        10        33   3.32438   3.32438
        10        34
        10        35
        10        36   3.96486   3.96486
        10        37   2.83133
        10        38   4.43721
        10        39
        10        40   1.93068
        10        41   4.35454   4.35454
        10        42
        10        43
        10        44   3.31959
        10        45   3.31959
        10        46   4.11129
        10        47   4.22752
        10        48   4.98320
        10        49   4.98320
        10        50   4.22752
        10        51   4.11129
        10        52
        10        53
        10        54
        10        55   4.12917   1.86011
        10        56   4.41224
        10        57   4.41224
        10        58   1.86011   4.12917
        10        59
        11        24   3.80173
        11        25
        11        26
        11        27   1.82333
        11        28   1.79417
        11        29   4.97517   4.97517
        11        30
        11        31   4.89294
        11        32   3.32438   3.32438
        11        33   4.12508
        11        34
        11        35
        11        36   2.83133
        11        37   3.96486   3.96486
        11        38
        11        39   4.43721
        11        40   4.35454   4.35454
        11        41   1.93068
        11        42
        11        43
        11        44   4.11129
        11        45   4.11129
        11        46   3.31959
        11        47   4.98320
        11        48   4.22752
        11        49   4.22752
        11        50   4.98320
        11        51   3.31959
        11        52
        11        53
        11        54
        11        55   4.41224
        11        56   1.86011   4.12917
        11        57   4.12917   1.86011
        11        58   4.41224
        11        59
        12        24   2.04186
        12        25
        12        26   4.37542   4.37542
        12        27   4.92718
        12        28   2.22792
        12        29   4.48910   4.48910
        12        30
        12        31   4.46038
        12        32   3.80864   3.80864
        12        33   3.27206
        12        34
        12        35
        12        36   4.06041
        12        37
        12        38   3.60504   3.60504
        12        39   4.52522
        12        40
        12        41
        12        42   2.11122
        12        43
        12        44   4.34909   1.97765
        12        45   1.97765   4.34909
        12        46   4.59953
        12        47   4.48652
        12        48
        12        49
        12        50   4.48652
        12        51   4.59953
        12        52   3.66845
        12        53   3.66845
        12        54   4.38266
        12        55
        12        56   3.75228
        12        57   3.75228
        12        58
        12        59   4.38266
        13        24
        13        25   2.04186
        13        26   4.92718
        13        27   4.37542   4.37542
        13        28   4.48910   4.48910
        13        29   2.22792
        13        30   4.46038
        13        31
        13        32   3.27206
        13        33   3.80864   3.80864
        13        34
        13        35
        13        36
        13        37   4.06041
        13        38   4.52522
        13        39   3.60504   3.60504
        13        40
        13        41
        13        42
        13        43   2.11122
        13        44   4.59953
        13        45   4.59953
        13        46   4.34909   1.97765
        13        47
        13        48   4.48652
        13        49   4.48652
        13        50
        13        51   1.97765   4.34909
        13        52   4.38266
        13        53   4.38266
        13        54   3.66845
        13        55   3.75228
        13        56
        13        57
        13        58   3.75228
        13        59   3.66845
        14        24   4.37542   4.37542
        14        25   4.92718
        14        26   2.04186
        14        27
        14        28
        14        29   4.46038
        14        30   2.22792
        14        31   4.48910   4.48910
        14        32
        14        33
        14        34   3.80864   3.80864
        14        35   3.27206
        14        36   3.60504   3.60504
        14        37   4.52522
        14        38   4.06041
        14        39
        14        40   2.11122
        14        41
        14        42
        14        43
        14        44   4.48652
        14        45   4.48652
        14        46
        14        47   4.34909   1.97765
        14        48   4.59953
        14        49   4.59953
        14        50   1.97765   4.34909
        14        51
        14        52
        14        53
        14        54   3.75228
        14        55   3.66845
        14        56   4.38266
        14        57   4.38266
        14        58   3.66845
        14        59   3.75228
        15        24   4.92718
        15        25   4.37542   4.37542
        15        26
        15        27   2.04186
        15        28   4.46038
        15        29
        15        30   4.48910   4.48910
        15        31   2.22792
        15        32
        15        33
        15        34   3.27206
        15        35   3.80864   3.80864
        15        36   4.52522
        15        37   3.60504   3.60504
        15        38
        15        39   4.06041
        15        40
        15        41   2.11122
        15        42
        15        43
        15        44
        15        45
        15        46   4.48652
        15        47   4.59953
        15        48   1.97765   4.34909
        15        49   4.34909   1.97765
        15        50   4.59953
        15        51   4.48652
        15        52   3.75228
        15        53   3.75228
        15        54
        15        55   4.38266
        15        56   3.66845
        15        57   3.66845
        15        58   4.38266
        15        59
        16        24   1.65747
        16        25
        16        26   4.60527   4.60527
        16        27
        16        28   4.25900
        16        29
        16        30   4.20180   4.20180
        16        31   2.88846
        16        32
        16        33
        16        34   3.29125
        16        35   3.90672   3.90672
        16        36   1.62556
        16        37
        16        38
        16        39
        16        40   3.61445   3.61445
        16        41   3.99765
        16        42   4.31069
        16        43
        16        44   4.94381
        16        45   4.94381
        16        46
        16        47   1.61485   4.55884
        16        48   4.83132
        16        49   4.83132
        16        50   4.55884   1.61485
        16        51
        16        52   4.09320
        16        53   4.09320
        16        54   4.89855
        16        55   4.05949
        16        56   3.57830
        16        57   3.57830
        16        58   4.05949
        16        59   4.89855
        17        24
        17        25   1.65747
        17        26
        17        27   4.60527   4.60527
        17        28
        17        29   4.25900
        17        30   2.88846
        17        31   4.20180   4.20180
        17        32
        17        33
        17        34   3.90672   3.90672
        17        35   3.29125
        17        36
        17        37   1.62556
        17        38
        17        39
        17        40   3.99765
        17        41   3.61445   3.61445
        17        42
        17        43   4.31069
        17        44
        17        45
        17        46   4.94381
        17        47   4.83132
        17        48   4.55884   1.61485
        17        49   1.61485   4.55884
        17        50   4.83132
        17        51   4.94381
        17        52   4.89855
        17        53   4.89855
        17        54   4.09320
        17        55   3.57830
        17        56   4.05949
        17        57   4.05949
        17        58   3.57830
        17        59   4.09320
        18        24   4.60527   4.60527
        18        25
        18        26   1.65747
        18        27
        18        28   4.20180   4.20180
        18        29   2.88846
        18        30   4.25900
        18        31
        18        32   3.29125
        18        33   3.90672   3.90672
        18        34
        18        35
        18        36
        18        37
        18        38   1.62556
        18        39
        18        40   4.31069
        18        41
        18        42   3.61445   3.61445
        18        43   3.99765
        18        44   1.61485   4.55884
        18        45   4.55884   1.61485
        18        46   4.83132
        18        47   4.94381
        18        48
        18        49
        18        50   4.94381
        18        51   4.83132
        18        52   4.05949
        18        53   4.05949
        18        54   3.57830
        18        55   4.09320
        18        56   4.89855
        18        57   4.89855
        18        58   4.09320
        18        59   3.57830
        19        24
        19        25   4.60527   4.60527
        19        26
        19        27   1.65747
        19        28   2.88846
        19        29   4.20180   4.20180
        19        30
        19        31   4.25900
        19        32   3.90672   3.90672
        19        33   3.29125
        19        34
        19        35
        19        36
        19        37
        19        38
        19        39   1.62556
        19        40
        19        41   4.31069
        19        42   3.99765
        19        43   3.61445   3.61445
        19        44   4.83132
        19        45   4.83132
        19        46   1.61485   4.55884
        19        47
        19        48   4.94381
        19        49   4.94381
        19        50
        19        51   4.55884   1.61485
        19        52   3.57830
        19        53   3.57830
        19        54   4.05949
        19        55   4.89855
        19        56   4.09320
        19        57   4.09320
        19        58   4.89855
        19        59   4.05949
        20        24   4.33272   4.33272
        20        25
        20        26
        20        27   3.71135   3.71135
        20        28   3.20134   3.20134
        20        29   3.81656
        20        30
        20        31
        20        32   1.34556
        20        33   4.80631   4.80631
        20        34
        20        35
        20        36   3.92917   3.92917
        20        37   3.14811
        20        38
        20        39
        20        40   3.23468
        20        41   3.72006   3.72006
        20        42
        20        43
        20        44   3.51140
        20        45   3.51140
        20        46   3.52645
        20        47   4.70927
        20        48   4.70525
        20        49   4.70525
        20        50   4.70927
        20        51   3.52645
        20        52
        20        53
        20        54
        20        55   4.75926
        20        56   4.63449   1.37467
        20        57   1.37467   4.63449
        20        58   4.75926
        20        59
        21        24
        21        25   4.33272   4.33272
        21        26   3.71135   3.71135
        21        27
        21        28   3.81656
        21        29   3.20134   3.20134
        21        30
        21        31
        21        32   4.80631   4.80631
        21        33   1.34556
        21        34
        21        35
        21        36   3.14811
        21        37   3.92917   3.92917
        21        38
        21        39
        21        40   3.72006   3.72006
        21        41   3.23468
        21        42
        21        43
        21        44   3.52645
        21        45   3.52645
        21        46   3.51140
        21        47   4.70525
        21        48   4.70927
        21        49   4.70927
        21        50   4.70525
        21        51   3.51140
        21        52
        21        53
        21        54
        21        55   1.37467   4.63449
        21        56   4.75926
        21        57   4.75926
        21        58   4.63449   1.37467
        21        59
        22        24
        22        25   3.71135   3.71135
        22        26   4.33272   4.33272
        22        27
        22        28
        22        29
        22        30   3.20134   3.20134
        22        31   3.81656
        22        32
        22        33
        22        34   1.34556
        22        35   4.80631   4.80631
        22        36
        22        37
        22        38   3.92917   3.92917
        22        39   3.14811
        22        40
        22        41
        22        42   3.23468
        22        43   3.72006   3.72006
        22        44   4.70927
        22        45   4.70927
        22        46   4.70525
        22        47   3.51140
        22        48   3.52645
        22        49   3.52645
        22        50   3.51140
        22        51   4.70525
        22        52   4.75926
        22        53   4.75926
        22        54   1.37467   4.63449
        22        55
        22        56
        22        57
        22        58
        22        59   4.63449   1.37467
        23        24   3.71135   3.71135
        23        25
        23        26
        23        27   4.33272   4.33272
        23        28
        23        29
        23        30   3.81656
        23        31   3.20134   3.20134
        23        32
        23        33
        23        34   4.80631   4.80631
        23        35   1.34556
        23        36
        23        37
        23        38   3.14811
        23        39   3.92917   3.92917
        23        40
        23        41
        23        42   3.72006   3.72006
        23        43   3.23468
        23        44   4.70525
        23        45   4.70525
        23        46   4.70927
        23        47   3.52645
        23        48   3.51140
        23        49   3.51140
        23        50   3.52645
        23        51   4.70927
        23        52   1.37467   4.63449
        23        53   4.63449   1.37467
        23        54   4.75926
        23        55
        23        56
        23        57
        23        58
        23        59   4.75926
        24         0   4.55365
        24         1   4.55365
        24         2   3.57027
        24         3   3.57027
        24         4   4.21828
        24         5   4.21828
        24         6   3.96090
        24         7   3.96090
        24         8   1.82333
        24         9
        24        10
        24        11   3.80173
        24        12   2.04186
        24        13
        24        14   4.37542   4.37542
        24        15   4.92718
        24        16   1.65747
        24        17
        24        18   4.60527   4.60527
        24        19
        24        20   4.33272   4.33272
        24        21
        24        22
        24        23   3.71135   3.71135
        25         0   4.55365
        25         1   4.55365
        25         2   3.57027
        25         3   3.57027
        25         4   4.21828
        25         5   4.21828
        25         6   3.96090
        25         7   3.96090
        25         8
        25         9   1.82333
        25        10   3.80173
        25        11
        25        12
        25        13   2.04186
        25        14   4.92718
        25        15   4.37542   4.37542
        25        16
        25        17   1.65747
        25        18
        25        19   4.60527   4.60527
        25        20
        25        21   4.33272   4.33272
        25        22   3.71135   3.71135
        25        23
        26         0   3.57027
        26         1   3.57027
        26         2   4.55365
        26         3   4.55365
        26         4   3.96090
        26         5   3.96090
        26         6   4.21828
        26         7   4.21828
        26         8
        26         9   3.80173
        26        10   1.82333
        26        11
        26        12   4.37542   4.37542
        26        13   4.92718
        26        14   2.04186
        26        15
        26        16   4.60527   4.60527
        26        17
        26        18   1.65747
        26        19
        26        20
        26        21   3.71135   3.71135
        26        22   4.33272   4.33272
        26        23
        27         0   3.57027
        27         1   3.57027
        27         2   4.55365
        27         3   4.55365
        27         4   3.96090
        27         5   3.96090
        27         6   4.21828
        27         7   4.21828
        27         8   3.80173
        27         9
        27        10
        27        11   1.82333
        27        12   4.92718
        27        13   4.37542   4.37542
        27        14
        27        15   2.04186
        27        16
        27        17   4.60527   4.60527
        27        18
        27        19   1.65747
        27        20   3.71135   3.71135
        27        21
        27        22
        27        23   4.33272   4.33272
        28         0   4.49259   1.89578
        28         1   1.89578   4.49259
        28         2
        28         3
        28         4   4.21654
        28         5   4.21654
        28         6
        28         7
        28         8   4.89294
        28         9
        28        10   4.97517   4.97517
        28        11   1.79417
        28        12   2.22792
        28        13   4.48910   4.48910
        28        14
        28        15   4.46038
        28        16   4.25900
        28        17
        28        18   4.20180   4.20180
        28        19   2.88846
        28        20   3.20134   3.20134
        28        21   3.81656
        28        22
        28        23
        29         0   1.89578   4.49259
        29         1   4.49259   1.89578
        29         2
        29         3
        29         4   4.21654
        29         5   4.21654
        29         6
        29         7
        29         8
        29         9   4.89294
        29        10   1.79417
        29        11   4.97517   4.97517
        29        12   4.48910   4.48910
        29        13   2.22792
        29        14   4.46038
        29        15
        29        16
        29        17   4.25900
        29        18   2.88846
        29        19   4.20180   4.20180
        29        20   3.81656
        29        21   3.20134   3.20134
        29        22
        29        23
        30         0
        30         1
        30         2   4.49259   1.89578
        30         3   1.89578   4.49259
        30         4
        30         5
        30         6   4.21654
        30         7   4.21654
        30         8   4.97517   4.97517
        30         9   1.79417
        30        10   4.89294
        30        11
        30        12
        30        13   4.46038
        30        14   2.22792
        30        15   4.48910   4.48910
        30        16   4.20180   4.20180
        30        17   2.88846
        30        18   4.25900
        30        19
        30        20
        30        21
        30        22   3.20134   3.20134
        30        23   3.81656
        31         0
        31         1
        31         2   1.89578   4.49259
        31         3   4.49259   1.89578
        31         4
        31         5
        31         6   4.21654
        31         7   4.21654
        31         8   1.79417
        31         9   4.97517   4.97517
        31        10
        31        11   4.89294
        31        12   4.46038
        31        13
        31        14   4.48910   4.48910
        31        15   2.22792
        31        16   2.88846
        31        17   4.20180   4.20180
        31        18
        31        19   4.25900
        31        20
        31        21
        31        22   3.81656
        31        23   3.20134   3.20134
        32         0   1.90846   4.49795
        32         1   4.49795   1.90846
        32         2
        32         3
        32         4   4.17640
        32         5   4.17640
        32         6
        32         7
        32         8
        32         9
        32        10   4.12508
        32        11   3.32438   3.32438
        32        12   3.80864   3.80864
        32        13   3.27206
        32        14
        32        15
        32        16
        32        17
        32        18   3.29125
        32        19   3.90672   3.90672
        32        20   1.34556
        32        21   4.80631   4.80631
        32        22
        32        23
        33         0   4.49795   1.90846
        33         1   1.90846   4.49795
        33         2
        33         3
        33         4   4.17640
        33         5   4.17640
        33         6
        33         7
        33         8
        33         9
        33        10   3.32438   3.32438
        33        11   4.12508
        33        12   3.27206
        33        13   3.80864   3.80864
        33        14
        33        15
        33        16
        33        17
        33        18   3.90672   3.90672
        33        19   3.29125
        33        20   4.80631   4.80631
        33        21   1.34556
        33        22
        33        23
        34         0
        34         1
        34         2   1.90846   4.49795
        34         3   4.49795   1.90846
        34         4
        34         5
        34         6   4.17640
        34         7   4.17640
        34         8   4.12508
        34         9   3.32438   3.32438
        34        10
        34        11
        34        12
        34        13
        34        14   3.80864   3.80864
        34        15   3.27206
        34        16   3.29125
        34        17   3.90672   3.90672
        34        18
        34        19
        34        20
        34        21
        34        22   1.34556
        34        23   4.80631   4.80631
        35         0
        35         1
        35         2   4.49795   1.90846
        35         3   1.90846   4.49795
        35         4
        35         5
        35         6   4.17640
        35         7   4.17640
        35         8   3.32438   3.32438
        35         9   4.12508
        35        10
        35        11
        35        12
        35        13
        35        14   3.27206
        35        15   3.80864   3.80864
        35        16   3.90672   3.90672
        35        17   3.29125
        35        18
        35        19
        35        20
        35        21
        35        22   4.80631   4.80631
        35        23   1.34556
        36         0
        36         1
        36         2   4.44541
        36         3   4.44541
        36         4   4.53403   1.99201
        36         5   1.99201   4.53403
        36         6
        36         7
        36         8   4.43721
        36         9
        36        10   3.96486   3.96486
        36        11   2.83133
        36        12   4.06041
        36        13
        36        14   3.60504   3.60504
        36        15   4.52522
        36        16   1.62556
        36        17
        36        18
        36        19
        36        20   3.92917   3.92917
        36        21   3.14811
        36        22
        36        23
        37         0
        37         1
        37         2   4.44541
        37         3   4.44541
        37         4   1.99201   4.53403
        37         5   4.53403   1.99201
        37         6
        37         7
        37         8
        37         9   4.43721
        37        10   2.83133
        37        11   3.96486   3.96486
        37        12
        37        13   4.06041
        37        14   4.52522
        37        15   3.60504   3.60504
        37        16
        37        17   1.62556
        37        18
        37        19
        37        20   3.14811
        37        21   3.92917   3.92917
        37        22
        37        23
        38         0   4.44541
        38         1   4.44541
        38         2
        38         3
        38         4
        38         5
        38         6   4.53403   1.99201
        38         7   1.99201   4.53403
        38         8   3.96486   3.96486
        38         9   2.83133
        38        10   4.43721
        38        11
        38        12   3.60504   3.60504
        38        13   4.52522
        38        14   4.06041
        38        15
        38        16
        38        17
        38        18   1.62556
        38        19
        38        20
        38        21
        38        22   3.92917   3.92917
        38        23   3.14811
        39         0   4.44541
        39         1   4.44541
        39         2
        39         3
        39         4
        39         5
        39         6   1.99201   4.53403
        39         7   4.53403   1.99201
        39         8   2.83133
        39         9   3.96486   3.96486
        39        10
        39        11   4.43721
        39        12   4.52522
        39        13   3.60504   3.60504
        39        14
        39        15   4.06041
        39        16
        39        17
        39        18
        39        19   1.62556
        39        20
        39        21
        39        22   3.14811
        39        23   3.92917   3.92917
        40         0
        40         1
        40         2   4.72915
        40         3   4.72915
        40         4   1.85596   4.47593
        40         5   4.47593   1.85596
        40         6
        40         7
        40         8
        40         9
        40        10   1.93068
        40        11   4.35454   4.35454
        40        12
        40        13
        40        14   2.11122
        40        15
        40        16   3.61445   3.61445
        40        17   3.99765
        40        18   4.31069
        40        19
        40        20   3.23468
        40        21   3.72006   3.72006
        40        22
        40        23
        41         0
        41         1
        41         2   4.72915
        41         3   4.72915
        41         4   4.47593   1.85596
        41         5   1.85596   4.47593
        41         6
        41         7
        41         8
        41         9
        41        10   4.35454   4.35454
        41        11   1.93068
        41        12
        41        13
        41        14
        41        15   2.11122
        41        16   3.99765
        41        17   3.61445   3.61445
        41        18
        41        19   4.31069
        41        20   3.72006   3.72006
        41        21   3.23468
        41        22
        41        23
        42         0   4.72915
        42         1   4.72915
        42         2
        42         3
        42         4
        42         5
        42         6   1.85596   4.47593
        42         7   4.47593   1.85596
        42         8   1.93068
        42         9   4.35454   4.35454
        42        10
        42        11
        42        12   2.11122
        42        13
        42        14
        42        15
        42        16   4.31069
        42        17
        42        18   3.61445   3.61445
        42        19   3.99765
        42        20
        42        21
        42        22   3.23468
        42        23   3.72006   3.72006
        43         0   4.72915
        43         1   4.72915
        43         2
        43         3
        43         4
        43         5
        43         6   4.47593   1.85596
        43         7   1.85596   4.47593
        43         8   4.35454   4.35454
        43         9   1.93068
        43        10
        43        11
        43        12
        43        13   2.11122
        43        14
        43        15
        43        16
        43        17   4.31069
        43        18   3.99765
        43        19   3.61445   3.61445
        43        20
        43        21
        43        22   3.72006   3.72006
        43        23   3.23468
        44         0   1.88931
        44         1   3.55769   3.32734
        44         2
        44         3
        44         4
        44         5
        44         6   4.74758   4.57751
        44         7   3.66768
        44         8   4.22752
        44         9   4.98320
        44        10   3.31959
        44        11   4.11129
        44        12   1.97765   4.34909
        44        13   4.59953
        44        14   4.48652
        44        15
        44        16   4.94381
        44        17
        44        18   4.55884   1.61485
        44        19   4.83132
        44        20   3.51140
        44        21   3.52645
        44        22   4.70927
        44        23   4.70525
        45         0   3.32734   3.55769
        45         1   1.88931
        45         2
        45         3
        45         4
        45         5
