         0        24   4.56474
         0        25   4.56474
         0        26   3.57871
         0        27   3.57871
         0        28   1.89905   4.49967
         0        29   4.49967   1.89905
         0        30
         0        31
         0        32   4.50505   1.91175
         0        33   1.91175   4.50505
         0        34
         0        35
         0        36
         0        37
         0        38   4.45732
         0        39   4.45732
         0        40
         0        41
         0        42   4.74187
         0        43   4.74187
         0        44   1.89451
         0        45   3.56393   3.33428
         0        46   3.33428   3.56393
         0        47
         0        48
         0        49
         0        50
         0        51   1.89451
         0        52
         0        53
         0        54
         0        55   4.22227   4.56467
         0        56   4.56467   4.22227
         0        57   3.31836
         0        58   3.31836
         0        59
         1        24   4.56474
         1        25   4.56474
         1        26   3.57871
         1        27   3.57871
         1        28   4.49967   1.89905
         1        29   1.89905   4.49967
         1        30
         1        31
         1        32   1.91175   4.50505
         1        33   4.50505   1.91175
         1        34
         1        35
         1        36
         1        37
         1        38   4.45732
         1        39   4.45732
         1        40
         1        41
         1        42   4.74187
         1        43   4.74187
         1        44   3.33428   3.56393
         1        45   1.89451
         1        46   1.89451
         1        47
         1        48
         1        49
         1        50
         1        51   3.56393   3.33428
         1        52
         1        53
         1        54
         1        55   3.31836
         1        56   3.31836
         1        57   4.22227   4.56467
         1        58   4.56467   4.22227
         1        59
         2        24   3.57871
         2        25   3.57871
         2        26   4.56474
         2        27   4.56474
         2        28
         2        29
         2        30   1.89905   4.49967
         2        31   4.49967   1.89905
         2        32
         2        33
         2        34   4.50505   1.91175
         2        35   1.91175   4.50505
         2        36   4.45732
         2        37   4.45732
         2        38
         2        39
         2        40   4.74187
         2        41   4.74187
         2        42
         2        43
         2        44
         2        45
         2        46
         2        47   1.89451
         2        48   1.89451
         2        49   3.33428   3.56393
         2        50   3.56393   3.33428
         2        51
         2        52   4.22227   4.56467
         2        53   3.31836
         2        54   3.31836
         2        55
         2        56
         2        57
         2        58
         2        59   4.56467   4.22227
         3        24   3.57871
         3        25   3.57871
         3        26   4.56474
         3        27   4.56474
         3        28
         3        29
         3        30   4.49967   1.89905
         3        31   1.89905   4.49967
         3        32
         3        33
         3        34   1.91175   4.50505
         3        35   4.50505   1.91175
         3        36   4.45732
         3        37   4.45732
         3        38
         3        39
         3        40   4.74187
         3        41   4.74187
         3        42
         3        43
         3        44
         3        45
         3        46
         3        47   3.33428   3.56393
         3        48   3.56393   3.33428
         3        49   1.89451
         3        50   1.89451
         3        51
         3        52   3.31836
         3        53   4.56467   4.22227
         3        54   4.22227   4.56467
         3        55
         3        56
         3        57
         3        58
         3        59   3.31836
         4        24   4.22762
         4        25   4.22762
         4        26   3.97129
         4        27   3.97129
         4        28   4.22451
         4        29   4.22451
         4        30
         4        31
         4        32   4.18430
         4        33   4.18430
         4        34
         4        35
         4        36   1.99738   4.54205
         4        37   4.54205   1.99738
         4        38
         4        39
         4        40   4.48352   1.86045
         4        41   1.86045   4.48352
         4        42
         4        43
         4        44
         4        45
         4        46
         4        47   4.58984   4.75929
         4        48   4.75929   4.58984
         4        49   3.67946
         4        50   3.67946
         4        51
         4        52
         4        53
         4        54
         4        55   3.22396   3.66095
         4        56   3.66095   3.22396
         4        57   1.89153
         4        58   1.89153
         4        59
         5        24   4.22762
         5        25   4.22762
         5        26   3.97129
         5        27   3.97129
         5        28   4.22451
         5        29   4.22451
         5        30
         5        31
         5        32   4.18430
         5        33   4.18430
         5        34
         5        35
         5        36   4.54205   1.99738
         5        37   1.99738   4.54205
         5        38
         5        39
         5        40   1.86045   4.48352
         5        41   4.48352   1.86045
         5        42
         5        43
         5        44
         5        45
         5        46
         5        47   3.67946
         5        48   3.67946
         5        49   4.58984   4.75929
         5        50   4.75929   4.58984
         5        51
         5        52
         5        53
         5        54
         5        55   1.89153
         5        56   1.89153
         5        57   3.22396   3.66095
         5        58   3.66095   3.22396
         5        59
         6        24   3.97129
         6        25   3.97129
         6        26   4.22762
         6        27   4.22762
         6        28
         6        29
         6        30   4.22451
         6        31   4.22451
         6        32
         6        33
         6        34   4.18430
         6        35   4.18430
         6        36
         6        37
         6        38   1.99738   4.54205
         6        39   4.54205   1.99738
         6        40
         6        41
         6        42   4.48352   1.86045
         6        43   1.86045   4.48352
         6        44   4.58984   4.75929
         6        45   3.67946
         6        46   3.67946
         6        47
         6        48
         6        49
         6        50
         6        51   4.75929   4.58984
         6        52   3.22396   3.66095
         6        53   1.89153
         6        54   1.89153
         6        55
         6        56
         6        57
         6        58
         6        59   3.66095   3.22396
         7        24   3.97129
         7        25   3.97129
         7        26   4.22762
         7        27   4.22762
         7        28
         7        29
         7        30   4.22451
         7        31   4.22451
         7        32
         7        33
         7        34   4.18430
         7        35   4.18430
         7        36
         7        37
         7        38   4.54205   1.99738
         7        39   1.99738   4.54205
         7        40
         7        41
         7        42   1.86045   4.48352
         7        43   4.48352   1.86045
         7        44   3.67946
         7        45   4.75929   4.58984
         7        46   4.58984   4.75929
         7        47
         7        48
         7        49
         7        50
         7        51   3.67946
         7        52   1.89153
         7        53   3.66095   3.22396
         7        54   3.22396   3.66095
         7        55
         7        56
         7        57
         7        58
         7        59   1.89153
         8        24   1.83049
         8        25
         8        26
         8        27   3.81194
         8        28   4.90792
         8        29
         8        30   4.98431   4.98431
         8        31   1.79807
         8        32
         8        33
         8        34   4.13349
         8        35   3.32980   3.32980
         8        36   4.44802
         8        37
         8        38   3.97272   3.97272
         8        39   2.83790
         8        40
         8        41
         8        42   1.93473
         8        43   4.36308   4.36308
         8        44   4.23863
         8        45   4.23863
         8        46   4.99679
         8        47   3.32628
         8        48   4.12042
         8        49   4.12042
         8        50   3.32628
         8        51   4.99679
         8        52   4.13559   1.86309
         8        53   1.86309   4.13559
         8        54   4.42060
         8        55
         8        56
         8        57
         8        58
         8        59   4.42060
         9        24
         9        25   1.83049
         9        26   3.81194
         9        27
         9        28
         9        29   4.90792
         9        30   1.79807
         9        31   4.98431   4.98431
         9        32
         9        33
         9        34   3.32980   3.32980
         9        35   4.13349
         9        36
         9        37   4.44802
         9        38   2.83790
         9        39   3.97272   3.97272
         9        40
         9        41
         9        42   4.36308   4.36308
         9        43   1.93473
         9        44   4.99679
         9        45   4.99679
         9        46   4.23863
         9        47   4.12042
         9        48   3.32628
         9        49   3.32628
         9        50   4.12042
         9        51   4.23863
         9        52   4.42060
         9        53   4.42060
         9        54   4.13559   1.86309
         9        55
         9        56
         9        57
         9        58
         9        59   1.86309   4.13559
        10        24
        10        25   3.81194
        10        26   1.83049
        10        27
        10        28   4.98431   4.98431
        10        29   1.79807
        10        30   4.90792
        10        31
        10        32   4.13349
        10        33   3.32980   3.32980
        10        34
        10        35
        10        36   3.97272   3.97272
        10        37   2.83790
        10        38   4.44802
        10        39
        10        40   1.93473
        10        41   4.36308   4.36308
        10        42
        10        43
        10        44   3.32628
        10        45   3.32628
        10        46   4.12042
        10        47   4.23863
        10        48   4.99679
        10        49   4.99679
        10        50   4.23863
        10        51   4.12042
        10        52
        10        53
        10        54
        10        55   4.13559   1.86309
        10        56   4.42060
        10        57   4.42060
        10        58   1.86309   4.13559
        10        59
        11        24   3.81194
        11        25
        11        26
        11        27   1.83049
        11        28   1.79807
        11        29   4.98431   4.98431
        11        30
        11        31   4.90792
        11        32   3.32980   3.32980
        11        33   4.13349
        11        34
        11        35
        11        36   2.83790
        11        37   3.97272   3.97272
        11        38
        11        39   4.44802
        11        40   4.36308   4.36308
        11        41   1.93473
        11        42
        11        43
        11        44   4.12042
        11        45   4.12042
        11        46   3.32628
        11        47   4.99679
        11        48   4.23863
        11        49   4.23863
        11        50   4.99679
        11        51   3.32628
        11        52
        11        53
        11        54
        11        55   4.42060
        11        56   1.86309   4.13559
        11        57   4.13559   1.86309
        11        58   4.42060
        11        59
        12        24   2.04672
        12        25
        12        26   4.38233   4.38233
        12        27   4.94258
        12        28   2.23461
        12        29   4.49876   4.49876
        12        30
        12        31   4.47190
        12        32   3.81764   3.81764
        12        33   3.27946
        12        34
        12        35
        12        36   4.06726
        12        37
        12        38   3.61196   3.61196
        12        39   4.54000
        12        40
        12        41
        12        42   2.11657
        12        43
        12        44   4.35675   1.98110
        12        45   1.98110   4.35675
        12        46   4.61229
        12        47   4.49531
        12        48
        12        49
        12        50   4.49531
        12        51   4.61229
        12        52   3.67828
        12        53   3.67828
        12        54   4.39372
        12        55
        12        56   3.76094
        12        57   3.76094
        12        58
        12        59   4.39372
        13        24
        13        25   2.04672
        13        26   4.94258
        13        27   4.38233   4.38233
        13        28   4.49876   4.49876
        13        29   2.23461
        13        30   4.47190
        13        31
        13        32   3.27946
        13        33   3.81764   3.81764
        13        34
        13        35
        13        36
        13        37   4.06726
        13        38   4.54000
        13        39   3.61196   3.61196
        13        40
        13        41
        13        42
        13        43   2.11657
        13        44   4.61229
        13        45   4.61229
        13        46   4.35675   1.98110
        13        47
        13        48   4.49531
        13        49   4.49531
        13        50
        13        51   1.98110   4.35675
        13        52   4.39372
        13        53   4.39372
        13        54   3.67828
        13        55   3.76094
        13        56
        13        57
        13        58   3.76094
        13        59   3.67828
        14        24   4.38233   4.38233
        14        25   4.94258
        14        26   2.04672
        14        27
        14        28
        14        29   4.47190
        14        30   2.23461
        14        31   4.49876   4.49876
        14        32
        14        33
        14        34   3.81764   3.81764
        14        35   3.27946
        14        36   3.61196   3.61196
        14        37   4.54000
        14        38   4.06726
        14        39
        14        40   2.11657
        14        41
        14        42
        14        43
        14        44   4.49531
        14        45   4.49531
        14        46
        14        47   4.35675   1.98110
        14        48   4.61229
        14        49   4.61229
        14        50   1.98110   4.35675
        14        51
        14        52
        14        53
        14        54   3.76094
        14        55   3.67828
        14        56   4.39372
        14        57   4.39372
        14        58   3.67828
        14        59   3.76094
        15        24   4.94258
        15        25   4.38233   4.38233
        15        26
        15        27   2.04672
        15        28   4.47190
        15        29
        15        30   4.49876   4.49876
        15        31   2.23461
        15        32
        15        33
        15        34   3.27946
        15        35   3.81764   3.81764
        15        36   4.54000
        15        37   3.61196   3.61196
        15        38
        15        39   4.06726
        15        40
        15        41   2.11657
        15        42
        15        43
        15        44
        15        45
        15        46   4.49531
        15        47   4.61229
        15        48   1.98110   4.35675
        15        49   4.35675   1.98110
        15        50   4.61229
        15        51   4.49531
        15        52   3.76094
        15        53   3.76094
        15        54
        15        55   4.39372
        15        56   3.67828
        15        57   3.67828
        15        58   4.39372
        15        59
        16        24   1.65931
        16        25
        16        26   4.61437   4.61437
        16        27
        16        28   4.26903
        16        29
        16        30   4.21081   4.21081
        16        31   2.89716
        16        32
        16        33
        16        34   3.30109
        16        35   3.91461   3.91461
        16        36   1.62915
        16        37
        16        38
        16        39
        16        40   3.62112   3.62112
        16        41   4.01101
        16        42   4.31906
        16        43
        16        44   4.95364
        16        45   4.95364
        16        46
        16        47   1.61855   4.56559
        16        48   4.84462
        16        49   4.84462
        16        50   4.56559   1.61855
        16        51
        16        52   4.10249
        16        53   4.10249
        16        54   4.90962
        16        55   4.06973
        16        56   3.58764
        16        57   3.58764
        16        58   4.06973
        16        59   4.90962
        17        24
        17        25   1.65931
        17        26
        17        27   4.61437   4.61437
        17        28
        17        29   4.26903
        17        30   2.89716
        17        31   4.21081   4.21081
        17        32
        17        33
        17        34   3.91461   3.91461
        17        35   3.30109
        17        36
        17        37   1.62915
        17        38
        17        39
        17        40   4.01101
        17        41   3.62112   3.62112
        17        42
        17        43   4.31906
        17        44
        17        45
        17        46   4.95364
        17        47   4.84462
        17        48   4.56559   1.61855
        17        49   1.61855   4.56559
        17        50   4.84462
        17        51   4.95364
        17        52   4.90962
        17        53   4.90962
        17        54   4.10249
        17        55   3.58764
        17        56   4.06973
        17        57   4.06973
        17        58   3.58764
        17        59   4.10249
        18        24   4.61437   4.61437
        18        25
        18        26   1.65931
        18        27
        18        28   4.21081   4.21081
        18        29   2.89716
        18        30   4.26903
        18        31
        18        32   3.30109
        18        33   3.91461   3.91461
        18        34
        18        35
        18        36
        18        37
        18        38   1.62915
        18        39
        18        40   4.31906
        18        41
        18        42   3.62112   3.62112
        18        43   4.01101
        18        44   1.61855   4.56559
        18        45   4.56559   1.61855
        18        46   4.84462
        18        47   4.95364
        18        48
        18        49
        18        50   4.95364
        18        51   4.84462
        18        52   4.06973
        18        53   4.06973
        18        54   3.58764
        18        55   4.10249
        18        56   4.90962
        18        57   4.90962
        18        58   4.10249
        18        59   3.58764
        19        24
        19        25   4.61437   4.61437
        19        26
        19        27   1.65931
        19        28   2.89716
        19        29   4.21081   4.21081
        19        30
        19        31   4.26903
        19        32   3.91461   3.91461
        19        33   3.30109
        19        34
        19        35
        19        36
        19        37
        19        38
        19        39   1.62915
        19        40
        19        41   4.31906
        19        42   4.01101
        19        43   3.62112   3.62112
        19        44   4.84462
        19        45   4.84462
        19        46   1.61855   4.56559
        19        47
        19        48   4.95364
        19        49   4.95364
        19        50
        19        51   4.56559   1.61855
        19        52   3.58764
        19        53   3.58764
        19        54   4.06973
        19        55   4.90962
        19        56   4.10249
        19        57   4.10249
        19        58   4.90962
        19        59   4.06973
        20        24   4.34237   4.34237
        20        25
        20        26
        20        27   3.72000   3.72000
        20        28   3.20609   3.20609
        20        29   3.82292
        20        30
        20        31
        20        32   1.34717
        20        33   4.81412   4.81412
        20        34
        20        35
        20        36   3.93685   3.93685
        20        37   3.15721
        20        38
        20        39
        20        40   3.24268
        20        41   3.72764   3.72764
        20        42
        20        43
        20        44   3.51866
        20        45   3.51866
        20        46   3.53247
        20        47   4.72190
        20        48   4.71891
        20        49   4.71891
        20        50   4.72190
        20        51   3.53247
        20        52
        20        53
        20        54
        20        55   4.76929
        20        56   4.64183   1.37742
        20        57   1.37742   4.64183
        20        58   4.76929
        20        59
        21        24
        21        25   4.34237   4.34237
        21        26   3.72000   3.72000
        21        27
        21        28   3.82292
        21        29   3.20609   3.20609
        21        30
        21        31
        21        32   4.81412   4.81412
        21        33   1.34717
        21        34
        21        35
        21        36   3.15721
        21        37   3.93685   3.93685
        21        38
        21        39
        21        40   3.72764   3.72764
        21        41   3.24268
        21        42
        21        43
        21        44   3.53247
        21        45   3.53247
        21        46   3.51866
        21        47   4.71891
        21        48   4.72190
        21        49   4.72190
        21        50   4.71891
        21        51   3.51866
        21        52
        21        53
        21        54
        21        55   1.37742   4.64183
        21        56   4.76929
        21        57   4.76929
        21        58   4.64183   1.37742
        21        59
        22        24
        22        25   3.72000   3.72000
        22        26   4.34237   4.34237
        22        27
        22        28
        22        29
        22        30   3.20609   3.20609
        22        31   3.82292
        22        32
        22        33
        22        34   1.34717
        22        35   4.81412   4.81412
        22        36
        22        37
        22        38   3.93685   3.93685
        22        39   3.15721
        22        40
        22        41
        22        42   3.24268
        22        43   3.72764   3.72764
        22        44   4.72190
        22        45   4.72190
        22        46   4.71891
        22        47   3.51866
        22        48   3.53247
        22        49   3.53247
        22        50   3.51866
        22        51   4.71891
        22        52   4.76929
        22        53   4.76929
        22        54   1.37742   4.64183
        22        55
        22        56
        22        57
        22        58
        22        59   4.64183   1.37742
        23        24   3.72000   3.72000
        23        25
        23        26
        23        27   4.34237   4.34237
        23        28
        23        29
        23        30   3.82292
        23        31   3.20609   3.20609
        23        32
        23        33
        23        34   4.81412   4.81412
        23        35   1.34717
        23        36
        23        37
        23        38   3.15721
        23        39   3.93685   3.93685
        23        40
        23        41
        23        42   3.72764   3.72764
        23        43   3.24268
        23        44   4.71891
        23        45   4.71891
        23        46   4.72190
        23        47   3.53247
        23        48   3.51866
        23        49   3.51866
        23        50   3.53247
        23        51   4.72190
        23        52   1.37742   4.64183
        23        53   4.64183   1.37742
        23        54   4.76929
        23        55
        23        56
        23        57
        23        58
        23        59   4.76929
        24         0   4.56474
        24         1   4.56474
        24         2   3.57871
        24         3   3.57871
        24         4   4.22762
        24         5   4.22762
        24         6   3.97129
        24         7   3.97129
        24         8   1.83049
        24         9
        24        10
        24        11   3.81194
        24        12   2.04672
        24        13
        24        14   4.38233   4.38233
        24        15   4.94258
        24        16   1.65931
        24        17
        24        18   4.61437   4.61437
        24        19
        24        20   4.34237   4.34237
        24        21
        24        22
        24        23   3.72000   3.72000
        25         0   4.56474
        25         1   4.56474
        25         2   3.57871
        25         3   3.57871
        25         4   4.22762
        25         5   4.22762
        25         6   3.97129
        25         7   3.97129
        25         8
        25         9   1.83049
        25        10   3.81194
        25        11
        25        12
        25        13   2.04672
        25        14   4.94258
        25        15   4.38233   4.38233
        25        16
        25        17   1.65931
        25        18
        25        19   4.61437   4.61437
        25        20
        25        21   4.34237   4.34237
        25        22   3.72000   3.72000
        25        23
        26         0   3.57871
        26         1   3.57871
        26         2   4.56474
        26         3   4.56474
        26         4   3.97129
        26         5   3.97129
        26         6   4.22762
        26         7   4.22762
        26         8
        26         9   3.81194
        26        10   1.83049
        26        11
        26        12   4.38233   4.38233
        26        13   4.94258
        26        14   2.04672
        26        15
        26        16   4.61437   4.61437
        26        17
        26        18   1.65931
        26        19
        26        20
        26        21   3.72000   3.72000
        26        22   4.34237   4.34237
        26        23
        27         0   3.57871
        27         1   3.57871
        27         2   4.56474
        27         3   4.56474
        27         4   3.97129
        27         5   3.97129
        27         6   4.22762
        27         7   4.22762
        27         8   3.81194
        27         9
        27        10
        27        11   1.83049
        27        12   4.94258
        27        13   4.38233   4.38233
        27        14
        27        15   2.04672
        27        16
        27        17   4.61437   4.61437
        27        18
        27        19   1.65931
        27        20   3.72000   3.72000
        27        21
        27        22
        27        23   4.34237   4.34237
        28         0   4.49967   1.89905
        28         1   1.89905   4.49967
        28         2
        28         3
        28         4   4.22451
        28         5   4.22451
        28         6
        28         7
        28         8   4.90792
        28         9
        28        10   4.98431   4.98431
        28        11   1.79807
        28        12   2.23461
        28        13   4.49876   4.49876
        28        14
        28        15   4.47190
        28        16   4.26903
        28        17
        28        18   4.21081   4.21081
        28        19   2.89716
        28        20   3.20609   3.20609
        28        21   3.82292
        28        22
        28        23
        29         0   1.89905   4.49967
        29         1   4.49967   1.89905
        29         2
        29         3
        29         4   4.22451
        29         5   4.22451
        29         6
        29         7
        29         8
        29         9   4.90792
        29        10   1.79807
        29        11   4.98431   4.98431
        29        12   4.49876   4.49876
        29        13   2.23461
        29        14   4.47190
        29        15
        29        16
        29        17   4.26903
        29        18   2.89716
        29        19   4.21081   4.21081
        29        20   3.82292
        29        21   3.20609   3.20609
        29        22
        29        23
        30         0
        30         1
        30         2   4.49967   1.89905
        30         3   1.89905   4.49967
        30         4
        30         5
        30         6   4.22451
        30         7   4.22451
        30         8   4.98431   4.98431
        30         9   1.79807
        30        10   4.90792
        30        11
        30        12
        30        13   4.47190
        30        14   2.23461
        30        15   4.49876   4.49876
        30        16   4.21081   4.21081
        30        17   2.89716
        30        18   4.26903
        30        19
        30        20
        30        21
        30        22   3.20609   3.20609
        30        23   3.82292
        31         0
        31         1
        31         2   1.89905   4.49967
        31         3   4.49967   1.89905
        31         4
        31         5
        31         6   4.22451
        31         7   4.22451
        31         8   1.79807
        31         9   4.98431   4.98431
        31        10
        31        11   4.90792
        31        12   4.47190
        31        13
        31        14   4.49876   4.49876
        31        15   2.23461
        31        16   2.89716
        31        17   4.21081   4.21081
        31        18
        31        19   4.26903
        31        20
        31        21
        31        22   3.82292
        31        23   3.20609   3.20609
        32         0   1.91175   4.50505
        32         1   4.50505   1.91175
        32         2
        32         3
        32         4   4.18430
        32         5   4.18430
        32         6
        32         7
        32         8
        32         9
        32        10   4.13349
        32        11   3.32980   3.32980
        32        12   3.81764   3.81764
        32        13   3.27946
        32        14
        32        15
        32        16
        32        17
        32        18   3.30109
        32        19   3.91461   3.91461
        32        20   1.34717
        32        21   4.81412   4.81412
        32        22
        32        23
        33         0   4.50505   1.91175
        33         1   1.91175   4.50505
        33         2
        33         3
        33         4   4.18430
        33         5   4.18430
        33         6
        33         7
        33         8
        33         9
        33        10   3.32980   3.32980
        33        11   4.13349
        33        12   3.27946
        33        13   3.81764   3.81764
        33        14
        33        15
        33        16
        33        17
        33        18   3.91461   3.91461
        33        19   3.30109
        33        20   4.81412   4.81412
        33        21   1.34717
        33        22
        33        23
        34         0
        34         1
        34         2   1.91175   4.50505
        34         3   4.50505   1.91175
        34         4
        34         5
        34         6   4.18430
        34         7   4.18430
        34         8   4.13349
        34         9   3.32980   3.32980
        34        10
        34        11
        34        12
        34        13
        34        14   3.81764   3.81764
        34        15   3.27946
        34        16   3.30109
        34        17   3.91461   3.91461
        34        18
        34        19
        34        20
        34        21
        34        22   1.34717
        34        23   4.81412   4.81412
        35         0
        35         1
        35         2   4.50505   1.91175
        35         3   1.91175   4.50505
        35         4
        35         5
        35         6   4.18430
        35         7   4.18430
        35         8   3.32980   3.32980
        35         9   4.13349
        35        10
        35        11
        35        12
        35        13
        35        14   3.27946
        35        15   3.81764   3.81764
        35        16   3.91461   3.91461
        35        17   3.30109
        35        18
        35        19
        35        20
        35        21
        35        22   4.81412   4.81412
        35        23   1.34717
        36         0
        36         1
        36         2   4.45732
        36         3   4.45732
        36         4   4.54205   1.99738
        36         5   1.99738   4.54205
        36         6
        36         7
        36         8   4.44802
        36         9
        36        10   3.97272   3.97272
        36        11   2.83790
        36        12   4.06726
        36        13
        36        14   3.61196   3.61196
        36        15   4.54000
        36        16   1.62915
        36        17
        36        18
        36        19
        36        20   3.93685   3.93685
        36        21   3.15721
        36        22
        36        23
        37         0
        37         1
        37         2   4.45732
        37         3   4.45732
        37         4   1.99738   4.54205
        37         5   4.54205   1.99738
        37         6
        37         7
        37         8
        37         9   4.44802
        37        10   2.83790
        37        11   3.97272   3.97272
        37        12
        37        13   4.06726
        37        14   4.54000
        37        15   3.61196   3.61196
        37        16
        37        17   1.62915
        37        18
        37        19
        37        20   3.15721
        37        21   3.93685   3.93685
        37        22
        37        23
        38         0   4.45732
        38         1   4.45732
        38         2
        38         3
        38         4
        38         5
        38         6   4.54205   1.99738
        38         7   1.99738   4.54205
        38         8   3.97272   3.97272
        38         9   2.83790
        38        10   4.44802
        38        11
        38        12   3.61196   3.61196
        38        13   4.54000
        38        14   4.06726
        38        15
        38        16
        38        17
        38        18   1.62915
        38        19
        38        20
        38        21
        38        22   3.93685   3.93685
        38        23   3.15721
        39         0   4.45732
        39         1   4.45732
        39         2
        39         3
        39         4
        39         5
        39         6   1.99738   4.54205
        39         7   4.54205   1.99738
        39         8   2.83790
        39         9   3.97272   3.97272
        39        10
        39        11   4.44802
        39        12   4.54000
        39        13   3.61196   3.61196
        39        14
        39        15   4.06726
        39        16
        39        17
        39        18
        39        19   1.62915
        39        20
        39        21
        39        22   3.15721
        39        23   3.93685   3.93685
        40         0
        40         1
        40         2   4.74187
        40         3   4.74187
        40         4   1.86045   4.48352
        40         5   4.48352   1.86045
        40         6
        40         7
        40         8
        40         9
        40        10   1.93473
        40        11   4.36308   4.36308
        40        12
        40        13
        40        14   2.11657
        40        15
        40        16   3.62112   3.62112
        40        17   4.01101
        40        18   4.31906
        40        19
        40        20   3.24268
        40        21   3.72764   3.72764
        40        22
        40        23
        41         0
        41         1
        41         2   4.74187
        41         3   4.74187
        41         4   4.48352   1.86045
        41         5   1.86045   4.48352
        41         6
        41         7
        41         8
        41         9
        41        10   4.36308   4.36308
        41        11   1.93473
        41        12
        41        13
        41        14
        41        15   2.11657
        41        16   4.01101
        41        17   3.62112   3.62112
        41        18
        41        19   4.31906
        41        20   3.72764   3.72764
        41        21   3.24268
        41        22
        41        23
        42         0   4.74187
        42         1   4.74187
        42         2
        42         3
        42         4
        42         5
        42         6   1.86045   4.48352
        42         7   4.48352   1.86045
        42         8   1.93473
        42         9   4.36308   4.36308
        42        10
        42        11
        42        12   2.11657
        42        13
        42        14
        42        15
        42        16   4.31906
        42        17
        42        18   3.62112   3.62112
        42        19   4.01101
        42        20
        42        21
        42        22   3.24268
        42        23   3.72764   3.72764
        43         0   4.74187
        43         1   4.74187
        43         2
        43         3
        43         4
        43         5
        43         6   4.48352   1.86045
        43         7   1.86045   4.48352
        43         8   4.36308   4.36308
        43         9   1.93473
        43        10
        43        11
        43        12
        43        13   2.11657
        43        14
        43        15
        43        16
        43        17   4.31906
        43        18   4.01101
        43        19   3.62112   3.62112
        43        20
        43        21
        43        22   3.72764   3.72764
        43        23   3.24268
        44         0   1.89451
        44         1   3.56393   3.33428
        44         2
        44         3
        44         4
        44         5
        44         6   4.75929   4.58984
        44         7   3.67946
        44         8   4.23863
        44         9   4.99679
        44        10   3.32628
        44        11   4.12042
        44        12   1.98110   4.35675
        44        13   4.61229
        44        14   4.49531
        44        15
        44        16   4.95364
        44        17
        44        18   4.56559   1.61855
        44        19   4.84462
        44        20   3.51866
        44        21   3.53247
        44        22   4.72190
        44        23   4.71891
        45         0   3.33428   3.56393
        45         1   1.89451
        45         2
        45         3
        45         4
        45         5
