         0        16   4.73908
         0        17   4.27743
         0        18   2.21369   4.85855
         0        19   4.91810   3.73620
         0        20   4.72693   4.69045
         0        21   3.80151   2.35464
         0        22   3.61428
         0        23
         0        24   3.74562   3.89934
         0        25   2.13227
         0        26   4.11844
         0        27   4.92392
         0        28   4.81592   2.17834
         0        29   3.65444   4.88268
         0        30   4.49583
         0        31   4.52473   4.81056
         0        32   3.50960
         0        33
         0        34   4.76641   4.49496
         0        35   2.06347   3.76079
         0        36   4.41167
         0        37   4.76889   4.57564
         0        38   4.43676   2.38976
         0        39   3.09868   4.95596
         1        16   4.27743
         1        17   4.73908
         1        18   4.91810   3.73620
         1        19   2.21369   4.85855
         1        20   3.80151   2.35464
         1        21   4.69045   4.72693
         1        22
         1        23   3.61428
         1        24   2.13227
         1        25   3.74562   3.89934
         1        26   4.92392
         1        27   4.11844
         1        28   3.65444   4.88268
         1        29   4.81592   2.17834
         1        30   4.52473   4.81056
         1        31   4.49583
         1        32
         1        33   3.50960
         1        34   2.06347   3.76079
         1        35   4.49496   4.76641
         1        36   4.76889   4.57564
         1        37   4.41167
         1        38   3.09868   4.95596
         1        39   4.43676   2.38976
         2        16   4.85855   2.21369
         2        17   3.73620   4.91810
         2        18   4.73908
         2        19   4.27743
         2        20   3.61428
         2        21
         2        22   4.72693   4.69045
         2        23   2.35464   3.80151
         2        24   4.11844
         2        25   4.92392
         2        26   3.89934   3.74562
         2        27   2.13227
         2        28   4.49583
         2        29   4.81056   4.52473
         2        30   2.17834   4.81592
         2        31   4.88268   3.65444
         2        32   4.76641   4.49496
         2        33   3.76079   2.06347
         2        34   3.50960
         2        35
         2        36   2.38976   4.43676
         2        37   4.95596   3.09868
         2        38   4.41167
         2        39   4.57564   4.76889
         3        16   3.73620   4.91810
         3        17   4.85855   2.21369
         3        18   4.27743
         3        19   4.73908
         3        20
         3        21   3.61428
         3        22   2.35464   3.80151
         3        23   4.69045   4.72693
         3        24   4.92392
         3        25   4.11844
         3        26   2.13227
         3        27   3.89934   3.74562
         3        28   4.81056   4.52473
         3        29   4.49583
         3        30   4.88268   3.65444
         3        31   2.17834   4.81592
         3        32   3.76079   2.06347
         3        33   4.49496   4.76641
         3        34
         3        35   3.50960
         3        36   4.95596   3.09868
         3        37   2.38976   4.43676
         3        38   4.57564   4.76889
         3        39   4.41167
         4        16   4.71674
         4        17
         4        18   2.14663   4.82509
         4        19   3.79490   2.03498
         4        20   1.96029   4.88239
         4        21   4.77463   3.72269
         4        22   4.81517
         4        23   3.98687
         4        24   4.28417   4.41563
         4        25   4.07761
         4        26   3.72439
         4        27   4.07506   4.80997
         4        28   4.79315   2.12008
         4        29   2.01235   3.80837
         4        30   4.61761
         4        31
         4        32   4.74722
         4        33   4.49687   4.84341
         4        34   4.77533   1.92984
         4        35   3.70356   4.85494
         4        36   3.41544
         4        37   4.64932   4.44734
         4        38   4.46021
         4        39   3.53093
         5        16
         5        17   4.71674
         5        18   3.79490   2.03498
         5        19   2.14663   4.82509
         5        20   4.77463   3.72269
         5        21   1.96029   4.88239
         5        22   3.98687
         5        23   4.81517
         5        24   4.07761
         5        25   4.28417   4.41563
         5        26   4.07506   4.80997
         5        27   3.72439
         5        28   2.01235   3.80837
         5        29   4.79315   2.12008
         5        30
         5        31   4.61761
         5        32   4.49687   4.84341
         5        33   4.74722
         5        34   3.70356   4.85494
         5        35   4.77533   1.92984
         5        36   4.64932   4.44734
         5        37   3.41544
         5        38   3.53093
         5        39   4.46021
         6        16   4.82509   2.14663
         6        17   2.03498   3.79490
         6        18   4.71674
         6        19
         6        20   4.81517
         6        21   3.98687
         6        22   4.88239   1.96029
         6        23   3.72269   4.77463
         6        24   3.72439
         6        25   4.80997   4.07506
         6        26   4.41563   4.28417
         6        27   4.07761
         6        28   4.61761
         6        29
         6        30   2.12008   4.79315
         6        31   3.80837   2.01235
         6        32   1.92984   4.77533
         6        33   4.85494   3.70356
         6        34   4.74722
         6        35   4.84341   4.49687
         6        36   4.46021
         6        37   3.53093
         6        38   3.41544
         6        39   4.44734   4.64932
         7        16   2.03498   3.79490
         7        17   4.82509   2.14663
         7        18
         7        19   4.71674
         7        20   3.98687
         7        21   4.81517
         7        22   3.72269   4.77463
         7        23   4.88239   1.96029
         7        24   4.80997   4.07506
         7        25   3.72439
         7        26   4.07761
         7        27   4.41563   4.28417
         7        28
         7        29   4.61761
         7        30   3.80837   2.01235
         7        31   2.12008   4.79315
         7        32   4.85494   3.70356
         7        33   1.92984   4.77533
         7        34   4.84341   4.49687
         7        35   4.74722
         7        36   3.53093
         7        37   4.46021
         7        38   4.44734   4.64932
         7        39   3.41544
         8        16   1.72606
         8        17   3.56105   3.53179
         8        18   4.58828   4.42014
         8        19   4.00228   4.06827
         8        20   1.67019
         8        21   4.09759   4.31790
         8        22   3.20814
         8        23   3.40860   3.17642
         8        24   1.78433   3.88847
         8        25   4.47781   1.74743
         8        26   4.53716
         8        27   3.75833
         8        28
         8        29   4.21082
         8        30   4.27515
         8        31   4.15992
         8        32
         8        33   4.18768
         8        34   4.81641   3.86147
         8        35   4.37217
         8        36
         8        37
         8        38   4.57244   4.20648
         8        39   3.22684
         9        16   3.56105   3.53179
         9        17   1.72606
         9        18   4.00228   4.06827
         9        19   4.42014   4.58828
         9        20   4.09759   4.31790
         9        21   1.67019
         9        22   3.40860   3.17642
         9        23   3.20814
         9        24   4.47781   1.74743
         9        25   1.78433   3.88847
         9        26   3.75833
         9        27   4.53716
         9        28   4.21082
         9        29
         9        30   4.15992
         9        31   4.27515
         9        32   4.18768
         9        33
         9        34   4.37217
         9        35   4.81641   3.86147
         9        36
         9        37
         9        38   3.22684
         9        39   4.57244   4.20648
        10        16   4.58828   4.42014
        10        17   4.06827   4.00228
        10        18   1.72606
        10        19   3.53179   3.56105
        10        20   3.20814
        10        21   3.17642   3.40860
        10        22   1.67019
        10        23   4.31790   4.09759
        10        24   4.53716
        10        25   3.75833
        10        26   3.88847   1.78433
        10        27   1.74743   4.47781
        10        28   4.27515
        10        29   4.15992
        10        30
        10        31   4.21082
        10        32   3.86147   4.81641
        10        33   4.37217
        10        34
        10        35   4.18768
        10        36   4.20648   4.57244
        10        37   3.22684
        10        38
        10        39
        11        16   4.06827   4.00228
        11        17   4.42014   4.58828
        11        18   3.53179   3.56105
        11        19   1.72606
        11        20   3.17642   3.40860
        11        21   3.20814
        11        22   4.31790   4.09759
        11        23   1.67019
        11        24   3.75833
        11        25   4.53716
        11        26   1.74743   4.47781
        11        27   3.88847   1.78433
        11        28   4.15992
        11        29   4.27515
        11        30   4.21082
        11        31
        11        32   4.37217
        11        33   3.86147   4.81641
        11        34   4.18768
        11        35
        11        36   3.22684
        11        37   4.20648   4.57244
        11        38
        11        39
        12        16
        12        17   4.33093
        12        18   4.27742
        12        19   4.24145
        12        20
        12        21   4.45021
        12        22   3.74180
        12        23   4.73329
        12        24
        12        25
        12        26   3.96761   4.27481
        12        27   3.29809
        12        28   1.78989
        12        29   3.47984   3.62607
        12        30   4.63062   4.44305
        12        31   4.50524   3.67679
        12        32   1.73069
        12        33   4.51737   3.77205
        12        34   3.42338
        12        35   3.44419   3.50734
        12        36   1.76400   4.55993
        12        37   3.78987   1.76372
        12        38   3.51748
        12        39   4.92296
        13        16   4.33093
        13        17
        13        18   4.24145
        13        19   4.27742
        13        20   4.45021
        13        21
        13        22   4.73329
        13        23   3.74180
        13        24
        13        25
        13        26   3.29809
        13        27   3.96761   4.27481
        13        28   3.47984   3.62607
        13        29   1.78989
        13        30   4.50524   3.67679
        13        31   4.44305   4.63062
        13        32   4.51737   3.77205
        13        33   1.73069
        13        34   3.44419   3.50734
        13        35   3.42338
        13        36   3.78987   1.76372
        13        37   1.76400   4.55993
        13        38   4.92296
        13        39   3.51748
        14        16   4.27742
        14        17   4.24145
        14        18
        14        19   4.33093
        14        20   3.74180
        14        21   4.73329
        14        22
        14        23   4.45021
        14        24   4.27481   3.96761
        14        25   3.29809
        14        26
        14        27
        14        28   4.63062   4.44305
        14        29   3.67679   4.50524
        14        30   1.78989
        14        31   3.62607   3.47984
        14        32   3.42338
        14        33   3.50734   3.44419
        14        34   1.73069
        14        35   3.77205   4.51737
        14        36   3.51748
        14        37   4.92296
        14        38   4.55993   1.76400
        14        39   1.76372   3.78987
        15        16   4.24145
        15        17   4.27742
        15        18   4.33093
        15        19
        15        20   4.73329
        15        21   3.74180
        15        22   4.45021
        15        23
        15        24   3.29809
        15        25   4.27481   3.96761
        15        26
        15        27
        15        28   3.67679   4.50524
        15        29   4.44305   4.63062
        15        30   3.62607   3.47984
        15        31   1.78989
        15        32   3.50734   3.44419
        15        33   3.42338
        15        34   3.77205   4.51737
        15        35   1.73069
        15        36   4.92296
        15        37   3.51748
        15        38   1.76372   3.78987
        15        39   4.55993   1.76400
        16         0   4.73908
        16         1   4.27743
        16         2   2.21369   4.85855
        16         3   4.91810   3.73620
        16         4   4.71674
        16         5
        16         6   2.14663   4.82509
        16         7   3.79490   2.03498
        16         8   1.72606
        16         9   3.53179   3.56105
        16        10   4.42014   4.58828
        16        11   4.00228   4.06827
        16        12
        16        13   4.33093
        16        14   4.27742
        16        15   4.24145
        17         0   4.27743
        17         1   4.73908
        17         2   4.91810   3.73620
        17         3   2.21369   4.85855
        17         4
        17         5   4.71674
        17         6   3.79490   2.03498
        17         7   2.14663   4.82509
        17         8   3.53179   3.56105
        17         9   1.72606
        17        10   4.00228   4.06827
        17        11   4.58828   4.42014
        17        12   4.33093
        17        13
        17        14   4.24145
        17        15   4.27742
        18         0   4.85855   2.21369
        18         1   3.73620   4.91810
        18         2   4.73908
        18         3   4.27743
        18         4   4.82509   2.14663
        18         5   2.03498   3.79490
        18         6   4.71674
        18         7
        18         8   4.42014   4.58828
        18         9   4.06827   4.00228
        18        10   1.72606
        18        11   3.56105   3.53179
        18        12   4.27742
        18        13   4.24145
        18        14
        18        15   4.33093
        19         0   3.73620   4.91810
        19         1   4.85855   2.21369
        19         2   4.27743
        19         3   4.73908
        19         4   2.03498   3.79490
        19         5   4.82509   2.14663
        19         6
        19         7   4.71674
        19         8   4.06827   4.00228
        19         9   4.58828   4.42014
        19        10   3.56105   3.53179
        19        11   1.72606
        19        12   4.24145
        19        13   4.27742
        19        14   4.33093
        19        15
        20         0   4.69045   4.72693
        20         1   2.35464   3.80151
        20         2   3.61428
        20         3
        20         4   4.88239   1.96029
        20         5   3.72269   4.77463
        20         6   4.81517
        20         7   3.98687
        20         8   1.67019
        20         9   4.31790   4.09759
        20        10   3.20814
        20        11   3.40860   3.17642
        20        12
        20        13   4.45021
        20        14   3.74180
        20        15   4.73329
        21         0   2.35464   3.80151
        21         1   4.72693   4.69045
        21         2
        21         3   3.61428
        21         4   3.72269   4.77463
        21         5   4.88239   1.96029
        21         6   3.98687
        21         7   4.81517
        21         8   4.31790   4.09759
        21         9   1.67019
        21        10   3.40860   3.17642
        21        11   3.20814
        21        12   4.45021
        21        13
        21        14   4.73329
        21        15   3.74180
        22         0   3.61428
        22         1
        22         2   4.69045   4.72693
        22         3   3.80151   2.35464
        22         4   4.81517
        22         5   3.98687
        22         6   1.96029   4.88239
        22         7   4.77463   3.72269
        22         8   3.20814
        22         9   3.17642   3.40860
        22        10   1.67019
        22        11   4.09759   4.31790
        22        12   3.74180
        22        13   4.73329
        22        14
        22        15   4.45021
        23         0
        23         1   3.61428
        23         2   3.80151   2.35464
        23         3   4.72693   4.69045
        23         4   3.98687
        23         5   4.81517
        23         6   4.77463   3.72269
        23         7   1.96029   4.88239
        23         8   3.17642   3.40860
        23         9   3.20814
        23        10   4.09759   4.31790
        23        11   1.67019
        23        12   4.73329
        23        13   3.74180
        23        14   4.45021
        23        15
        24         0   3.89934   3.74562
        24         1   2.13227
        24         2   4.11844
        24         3   4.92392
        24         4   4.41563   4.28417
        24         5   4.07761
        24         6   3.72439
        24         7   4.07506   4.80997
        24         8   3.88847   1.78433
        24         9   1.74743   4.47781
        24        10   4.53716
        24        11   3.75833
        24        12
        24        13
        24        14   3.96761   4.27481
        24        15   3.29809
        25         0   2.13227
        25         1   3.89934   3.74562
        25         2   4.92392
        25         3   4.11844
        25         4   4.07761
        25         5   4.41563   4.28417
        25         6   4.07506   4.80997
        25         7   3.72439
        25         8   1.74743   4.47781
        25         9   3.88847   1.78433
        25        10   3.75833
        25        11   4.53716
        25        12
        25        13
        25        14   3.29809
        25        15   3.96761   4.27481
        26         0   4.11844
        26         1   4.92392
        26         2   3.74562   3.89934
        26         3   2.13227
        26         4   3.72439
        26         5   4.80997   4.07506
        26         6   4.28417   4.41563
        26         7   4.07761
        26         8   4.53716
        26         9   3.75833
        26        10   1.78433   3.88847
        26        11   4.47781   1.74743
        26        12   4.27481   3.96761
        26        13   3.29809
        26        14
        26        15
        27         0   4.92392
        27         1   4.11844
        27         2   2.13227
        27         3   3.74562   3.89934
        27         4   4.80997   4.07506
        27         5   3.72439
        27         6   4.07761
        27         7   4.28417   4.41563
        27         8   3.75833
        27         9   4.53716
        27        10   4.47781   1.74743
        27        11   1.78433   3.88847
        27        12   3.29809
        27        13   4.27481   3.96761
        27        14
        27        15
        28         0   2.17834   4.81592
        28         1   4.88268   3.65444
        28         2   4.49583
        28         3   4.52473   4.81056
        28         4   2.12008   4.79315
        28         5   3.80837   2.01235
        28         6   4.61761
        28         7
        28         8
        28         9   4.21082
        28        10   4.27515
        28        11   4.15992
        28        12   1.78989
        28        13   3.62607   3.47984
        28        14   4.44305   4.63062
        28        15   4.50524   3.67679
        29         0   4.88268   3.65444
        29         1   2.17834   4.81592
        29         2   4.52473   4.81056
        29         3   4.49583
        29         4   3.80837   2.01235
        29         5   2.12008   4.79315
        29         6
        29         7   4.61761
        29         8   4.21082
        29         9
        29        10   4.15992
        29        11   4.27515
        29        12   3.62607   3.47984
        29        13   1.78989
        29        14   4.50524   3.67679
        29        15   4.63062   4.44305
        30         0   4.49583
        30         1   4.81056   4.52473
        30         2   4.81592   2.17834
        30         3   3.65444   4.88268
        30         4   4.61761
        30         5
        30         6   4.79315   2.12008
        30         7   2.01235   3.80837
        30         8   4.27515
        30         9   4.15992
        30        10
        30        11   4.21082
        30        12   4.44305   4.63062
        30        13   3.67679   4.50524
        30        14   1.78989
        30        15   3.47984   3.62607
        31         0   4.81056   4.52473
        31         1   4.49583
        31         2   3.65444   4.88268
        31         3   4.81592   2.17834
        31         4
        31         5   4.61761
        31         6   2.01235   3.80837
        31         7   4.79315   2.12008
        31         8   4.15992
        31         9   4.27515
        31        10   4.21082
        31        11
        31        12   3.67679   4.50524
        31        13   4.63062   4.44305
        31        14   3.47984   3.62607
        31        15   1.78989
        32         0   3.50960
        32         1
        32         2   4.49496   4.76641
        32         3   2.06347   3.76079
        32         4   4.74722
        32         5   4.84341   4.49687
        32         6   4.77533   1.92984
        32         7   3.70356   4.85494
        32         8
        32         9   4.18768
        32        10   4.81641   3.86147
        32        11   4.37217
        32        12   1.73069
        32        13   3.77205   4.51737
        32        14   3.42338
        32        15   3.44419   3.50734
        33         0
        33         1   3.50960
        33         2   2.06347   3.76079
        33         3   4.76641   4.49496
        33         4   4.84341   4.49687
        33         5   4.74722
        33         6   3.70356   4.85494
        33         7   4.77533   1.92984
        33         8   4.18768
        33         9
        33        10   4.37217
        33        11   4.81641   3.86147
        33        12   3.77205   4.51737
        33        13   1.73069
        33        14   3.44419   3.50734
        33        15   3.42338
        34         0   4.49496   4.76641
        34         1   3.76079   2.06347
        34         2   3.50960
        34         3
        34         4   1.92984   4.77533
        34         5   4.85494   3.70356
        34         6   4.74722
        34         7   4.49687   4.84341
        34         8   3.86147   4.81641
        34         9   4.37217
        34        10
        34        11   4.18768
        34        12   3.42338
        34        13   3.50734   3.44419
        34        14   1.73069
        34        15   4.51737   3.77205
        35         0   3.76079   2.06347
        35         1   4.76641   4.49496
        35         2
        35         3   3.50960
        35         4   4.85494   3.70356
        35         5   1.92984   4.77533
        35         6   4.49687   4.84341
        35         7   4.74722
        35         8   4.37217
        35         9   3.86147   4.81641
        35        10   4.18768
        35        11
        35        12   3.50734   3.44419
        35        13   3.42338
        35        14   4.51737   3.77205
        35        15   1.73069
        36         0   4.41167
        36         1   4.57564   4.76889
        36         2   4.43676   2.38976
        36         3   3.09868   4.95596
        36         4   3.41544
        36         5   4.44734   4.64932
        36         6   4.46021
        36         7   3.53093
        36         8
        36         9
        36        10   4.57244   4.20648
        36        11   3.22684
        36        12   4.55993   1.76400
        36        13   1.76372   3.78987
        36        14   3.51748
        36        15   4.92296
        37         0   4.57564   4.76889
        37         1   4.41167
        37         2   3.09868   4.95596
        37         3   4.43676   2.38976
        37         4   4.44734   4.64932
        37         5   3.41544
        37         6   3.53093
        37         7   4.46021
        37         8
        37         9
        37        10   3.22684
        37        11   4.57244   4.20648
        37        12   1.76372   3.78987
        37        13   4.55993   1.76400
        37        14   4.92296
        37        15   3.51748
        38         0   2.38976   4.43676
        38         1   4.95596   3.09868
        38         2   4.41167
        38         3   4.76889   4.57564
        38         4   4.46021
        38         5   3.53093
        38         6   3.41544
        38         7   4.64932   4.44734
        38         8   4.20648   4.57244
        38         9   3.22684
        38        10
        38        11
        38        12   3.51748
        38        13   4.92296
        38        14   1.76400   4.55993
        38        15   3.78987   1.76372
        39         0   4.95596   3.09868
        39         1   2.38976   4.43676
        39         2   4.76889   4.57564
        39         3   4.41167
        39         4   3.53093
        39         5   4.46021
        39         6   4.64932   4.44734
        39         7   3.41544
        39         8   3.22684
        39         9   4.20648   4.57244
        39        10
        39        11
        39        12   4.92296
        39        13   3.51748
        39        14   3.78987   1.76372
        39        15   1.76400   4.55993
