         0        16   4.73528
         0        17   4.24585
         0        18   2.08171   4.88677
         0        19   4.77934   3.73759
         0        20   4.58480   4.69419
         0        21   3.67260   2.34409
         0        22   3.61546
         0        23
         0        24   3.76297   3.94062
         0        25   2.13009
         0        26   4.04244
         0        27   4.81287
         0        28   4.70486   2.17266
         0        29   3.56814   4.87196
         0        30   4.46512
         0        31   4.44399   4.77729
         0        32   3.47043
         0        33
         0        34   4.69760   4.54112
         0        35   1.98213   3.81515
         0        36   4.35946
         0        37   4.63213   4.53373
         0        38   4.38561   2.40701
         0        39   3.16125   4.99732
         1        16   4.24585
         1        17   4.73528
         1        18   4.77934   3.73759
         1        19   2.08171   4.88677
         1        20   3.67260   2.34409
         1        21   4.69419   4.58480
         1        22
         1        23   3.61546
         1        24   2.13009
         1        25   3.76297   3.94062
         1        26   4.81287
         1        27   4.04244
         1        28   3.56814   4.87196
         1        29   4.70486   2.17266
         1        30   4.44399   4.77729
         1        31   4.46512
         1        32
         1        33   3.47043
         1        34   1.98213   3.81515
         1        35   4.54112   4.69760
         1        36   4.63213   4.53373
         1        37   4.35946
         1        38   3.16125   4.99732
         1        39   4.38561   2.40701
         2        16   4.88677   2.08171
         2        17   3.73759   4.77934
         2        18   4.73528
         2        19   4.24585
         2        20   3.61546
         2        21
         2        22   4.58480   4.69419
         2        23   2.34409   3.67260
         2        24   4.04244
         2        25   4.81287
         2        26   3.94062   3.76297
         2        27   2.13009
         2        28   4.46512
         2        29   4.77729   4.44399
         2        30   2.17266   4.70486
         2        31   4.87196   3.56814
         2        32   4.69760   4.54112
         2        33   3.81515   1.98213
         2        34   3.47043
         2        35
         2        36   2.40701   4.38561
         2        37   4.99732   3.16125
         2        38   4.35946
         2        39   4.53373   4.63213
         3        16   3.73759   4.77934
         3        17   4.88677   2.08171
         3        18   4.24585
         3        19   4.73528
         3        20
         3        21   3.61546
         3        22   2.34409   3.67260
         3        23   4.69419   4.58480
         3        24   4.81287
         3        25   4.04244
         3        26   2.13009
         3        27   3.94062   3.76297
         3        28   4.77729   4.44399
         3        29   4.46512
         3        30   4.87196   3.56814
         3        31   2.17266   4.70486
         3        32   3.81515   1.98213
         3        33   4.54112   4.69760
         3        34
         3        35   3.47043
         3        36   4.99732   3.16125
         3        37   2.40701   4.38561
         3        38   4.53373   4.63213
         3        39   4.35946
         4        16   4.66899
         4        17
         4        18   2.13981   4.81684
         4        19   3.73601   2.03996
         4        20   1.89873   4.80705
         4        21   4.71024   3.64271
         4        22   4.83192
         4        23   4.00881
         4        24   4.26573   4.31755
         4        25   4.09124
         4        26   3.70157
         4        27   4.00982   4.78010
         4        28   4.77931   2.12197
         4        29   2.03810   3.77285
         4        30   4.53809
         4        31
         4        32   4.68853
         4        33   4.48033   4.75404
         4        34   4.73792   1.93160
         4        35   3.67295   4.81594
         4        36   3.36414
         4        37   4.61057   4.40814
         4        38   4.46383
         4        39   3.49803
         5        16
         5        17   4.66899
         5        18   3.73601   2.03996
         5        19   2.13981   4.81684
         5        20   4.71024   3.64271
         5        21   1.89873   4.80705
         5        22   4.00881
         5        23   4.83192
         5        24   4.09124
         5        25   4.26573   4.31755
         5        26   4.00982   4.78010
         5        27   3.70157
         5        28   2.03810   3.77285
         5        29   4.77931   2.12197
         5        30
         5        31   4.53809
         5        32   4.48033   4.75404
         5        33   4.68853
         5        34   3.67295   4.81594
         5        35   4.73792   1.93160
         5        36   4.61057   4.40814
         5        37   3.36414
         5        38   3.49803
         5        39   4.46383
         6        16   4.81684   2.13981
         6        17   2.03996   3.73601
         6        18   4.66899
         6        19
         6        20   4.83192
         6        21   4.00881
         6        22   4.80705   1.89873
         6        23   3.64271   4.71024
         6        24   3.70157
         6        25   4.78010   4.00982
         6        26   4.31755   4.26573
         6        27   4.09124
         6        28   4.53809
         6        29
         6        30   2.12197   4.77931
         6        31   3.77285   2.03810
         6        32   1.93160   4.73792
         6        33   4.81594   3.67295
         6        34   4.68853
         6        35   4.75404   4.48033
         6        36   4.46383
         6        37   3.49803
         6        38   3.36414
         6        39   4.40814   4.61057
         7        16   2.03996   3.73601
         7        17   4.81684   2.13981
         7        18
         7        19   4.66899
         7        20   4.00881
         7        21   4.83192
         7        22   3.64271   4.71024
         7        23   4.80705   1.89873
         7        24   4.78010   4.00982
         7        25   3.70157
         7        26   4.09124
         7        27   4.31755   4.26573
         7        28
         7        29   4.53809
         7        30   3.77285   2.03810
         7        31   2.12197   4.77931
         7        32   4.81594   3.67295
         7        33   1.93160   4.73792
         7        34   4.75404   4.48033
         7        35   4.68853
         7        36   3.49803
         7        37   4.46383
         7        38   4.40814   4.61057
         7        39   3.36414
         8        16   1.70534
         8        17   3.56056   3.49661
         8        18   4.52252   4.41584
         8        19   3.90350   4.04938
         8        20   1.69822
         8        21   4.07750   4.32036
         8        22   3.19680
         8        23   3.38632   3.18379
         8        24   1.78280   3.81832
         8        25   4.47663   1.73836
         8        26   4.55661
         8        27   3.67220
         8        28
         8        29   4.20714
         8        30   4.28021
         8        31   4.18380
         8        32
         8        33   4.17226
         8        34   4.76063   3.86047
         8        35   4.34531
         8        36
         8        37
         8        38   4.57567   4.18684
         8        39   3.21585
         9        16   3.56056   3.49661
         9        17   1.70534
         9        18   3.90350   4.04938
         9        19   4.41584   4.52252
         9        20   4.07750   4.32036
         9        21   1.69822
         9        22   3.38632   3.18379
         9        23   3.19680
         9        24   4.47663   1.73836
         9        25   1.78280   3.81832
         9        26   3.67220
         9        27   4.55661
         9        28   4.20714
         9        29
         9        30   4.18380
         9        31   4.28021
         9        32   4.17226
         9        33
         9        34   4.34531
         9        35   4.76063   3.86047
         9        36
         9        37
         9        38   3.21585
         9        39   4.57567   4.18684
        10        16   4.52252   4.41584
        10        17   4.04938   3.90350
        10        18   1.70534
        10        19   3.49661   3.56056
        10        20   3.19680
        10        21   3.18379   3.38632
        10        22   1.69822
        10        23   4.32036   4.07750
        10        24   4.55661
        10        25   3.67220
        10        26   3.81832   1.78280
        10        27   1.73836   4.47663
        10        28   4.28021
        10        29   4.18380
        10        30
        10        31   4.20714
        10        32   3.86047   4.76063
        10        33   4.34531
        10        34
        10        35   4.17226
        10        36   4.18684   4.57567
        10        37   3.21585
        10        38
        10        39
        11        16   4.04938   3.90350
        11        17   4.41584   4.52252
        11        18   3.49661   3.56056
        11        19   1.70534
        11        20   3.18379   3.38632
        11        21   3.19680
        11        22   4.32036   4.07750
        11        23   1.69822
        11        24   3.67220
        11        25   4.55661
        11        26   1.73836   4.47663
        11        27   3.81832   1.78280
        11        28   4.18380
        11        29   4.28021
        11        30   4.20714
        11        31
        11        32   4.34531
        11        33   3.86047   4.76063
        11        34   4.17226
        11        35
        11        36   3.21585
        11        37   4.18684   4.57567
        11        38
        11        39
        12        16
        12        17   4.29097
        12        18   4.24503
        12        19   4.24957
        12        20
        12        21   4.36713
        12        22   3.64276
        12        23   4.66223
        12        24
        12        25
        12        26   3.90734   4.24234
        12        27   3.27639
        12        28   1.73765
        12        29   3.43248   3.57871
        12        30   4.57946   4.40660
        12        31   4.47004   3.61602
        12        32   1.71857   4.98450
        12        33   4.50456   3.70989
        12        34   3.39390
        12        35   3.39860   3.49254
        12        36   1.76263   4.54372
        12        37   3.73146   1.74435
        12        38   3.44351
        12        39   4.94193
        13        16   4.29097
        13        17
        13        18   4.24957
        13        19   4.24503
        13        20   4.36713
        13        21
        13        22   4.66223
        13        23   3.64276
        13        24
        13        25
        13        26   3.27639
        13        27   3.90734   4.24234
        13        28   3.43248   3.57871
        13        29   1.73765
        13        30   4.47004   3.61602
        13        31   4.40660   4.57946
        13        32   4.50456   3.70989
        13        33   1.71857   4.98450
        13        34   3.39860   3.49254
        13        35   3.39390
        13        36   3.73146   1.74435
        13        37   1.76263   4.54372
        13        38   4.94193
        13        39   3.44351
        14        16   4.24503
        14        17   4.24957
        14        18
        14        19   4.29097
        14        20   3.64276
        14        21   4.66223
        14        22
        14        23   4.36713
        14        24   4.24234   3.90734
        14        25   3.27639
        14        26
        14        27
        14        28   4.57946   4.40660
        14        29   3.61602   4.47004
        14        30   1.73765
        14        31   3.57871   3.43248
        14        32   3.39390
        14        33   3.49254   3.39860
        14        34   4.98450   1.71857
        14        35   3.70989   4.50456
        14        36   3.44351
        14        37   4.94193
        14        38   4.54372   1.76263
        14        39   1.74435   3.73146
        15        16   4.24957
        15        17   4.24503
        15        18   4.29097
        15        19
        15        20   4.66223
        15        21   3.64276
        15        22   4.36713
        15        23
        15        24   3.27639
        15        25   4.24234   3.90734
        15        26
        15        27
        15        28   3.61602   4.47004
        15        29   4.40660   4.57946
        15        30   3.57871   3.43248
        15        31   1.73765
        15        32   3.49254   3.39860
        15        33   3.39390
        15        34   3.70989   4.50456
        15        35   4.98450   1.71857
        15        36   4.94193
        15        37   3.44351
        15        38   1.74435   3.73146
        15        39   4.54372   1.76263
        16         0   4.73528
        16         1   4.24585
        16         2   2.08171   4.88677
        16         3   4.77934   3.73759
        16         4   4.66899
        16         5
        16         6   2.13981   4.81684
        16         7   3.73601   2.03996
        16         8   1.70534
        16         9   3.49661   3.56056
        16        10   4.41584   4.52252
        16        11   3.90350   4.04938
        16        12
        16        13   4.29097
        16        14   4.24503
        16        15   4.24957
        17         0   4.24585
        17         1   4.73528
        17         2   4.77934   3.73759
        17         3   2.08171   4.88677
        17         4
        17         5   4.66899
        17         6   3.73601   2.03996
        17         7   2.13981   4.81684
        17         8   3.49661   3.56056
        17         9   1.70534
        17        10   3.90350   4.04938
        17        11   4.52252   4.41584
        17        12   4.29097
        17        13
        17        14   4.24957
        17        15   4.24503
        18         0   4.88677   2.08171
        18         1   3.73759   4.77934
        18         2   4.73528
        18         3   4.24585
        18         4   4.81684   2.13981
        18         5   2.03996   3.73601
        18         6   4.66899
        18         7
        18         8   4.41584   4.52252
        18         9   4.04938   3.90350
        18        10   1.70534
        18        11   3.56056   3.49661
        18        12   4.24503
        18        13   4.24957
        18        14
        18        15   4.29097
        19         0   3.73759   4.77934
        19         1   4.88677   2.08171
        19         2   4.24585
        19         3   4.73528
        19         4   2.03996   3.73601
        19         5   4.81684   2.13981
        19         6
        19         7   4.66899
        19         8   4.04938   3.90350
        19         9   4.52252   4.41584
        19        10   3.56056   3.49661
        19        11   1.70534
        19        12   4.24957
        19        13   4.24503
        19        14   4.29097
        19        15
        20         0   4.69419   4.58480
        20         1   2.34409   3.67260
        20         2   3.61546
        20         3
        20         4   4.80705   1.89873
        20         5   3.64271   4.71024
        20         6   4.83192
        20         7   4.00881
        20         8   1.69822
        20         9   4.32036   4.07750
        20        10   3.19680
        20        11   3.38632   3.18379
        20        12
        20        13   4.36713
        20        14   3.64276
        20        15   4.66223
        21         0   2.34409   3.67260
        21         1   4.58480   4.69419
        21         2
        21         3   3.61546
        21         4   3.64271   4.71024
        21         5   4.80705   1.89873
        21         6   4.00881
        21         7   4.83192
        21         8   4.32036   4.07750
        21         9   1.69822
        21        10   3.38632   3.18379
        21        11   3.19680
        21        12   4.36713
        21        13
        21        14   4.66223
        21        15   3.64276
        22         0   3.61546
        22         1
        22         2   4.69419   4.58480
        22         3   3.67260   2.34409
        22         4   4.83192
        22         5   4.00881
        22         6   1.89873   4.80705
        22         7   4.71024   3.64271
        22         8   3.19680
        22         9   3.18379   3.38632
        22        10   1.69822
        22        11   4.07750   4.32036
        22        12   3.64276
        22        13   4.66223
        22        14
        22        15   4.36713
        23         0
        23         1   3.61546
        23         2   3.67260   2.34409
        23         3   4.58480   4.69419
        23         4   4.00881
        23         5   4.83192
        23         6   4.71024   3.64271
        23         7   1.89873   4.80705
        23         8   3.18379   3.38632
        23         9   3.19680
        23        10   4.07750   4.32036
        23        11   1.69822
        23        12   4.66223
        23        13   3.64276
        23        14   4.36713
        23        15
        24         0   3.94062   3.76297
        24         1   2.13009
        24         2   4.04244
        24         3   4.81287
        24         4   4.31755   4.26573
        24         5   4.09124
        24         6   3.70157
        24         7   4.00982   4.78010
        24         8   3.81832   1.78280
        24         9   1.73836   4.47663
        24        10   4.55661
        24        11   3.67220
        24        12
        24        13
        24        14   3.90734   4.24234
        24        15   3.27639
        25         0   2.13009
        25         1   3.94062   3.76297
        25         2   4.81287
        25         3   4.04244
        25         4   4.09124
        25         5   4.31755   4.26573
        25         6   4.00982   4.78010
        25         7   3.70157
        25         8   1.73836   4.47663
        25         9   3.81832   1.78280
        25        10   3.67220
        25        11   4.55661
        25        12
        25        13
        25        14   3.27639
        25        15   3.90734   4.24234
        26         0   4.04244
        26         1   4.81287
        26         2   3.76297   3.94062
        26         3   2.13009
        26         4   3.70157
        26         5   4.78010   4.00982
        26         6   4.26573   4.31755
        26         7   4.09124
        26         8   4.55661
        26         9   3.67220
        26        10   1.78280   3.81832
        26        11   4.47663   1.73836
        26        12   4.24234   3.90734
        26        13   3.27639
        26        14
        26        15
        27         0   4.81287
        27         1   4.04244
        27         2   2.13009
        27         3   3.76297   3.94062
        27         4   4.78010   4.00982
        27         5   3.70157
        27         6   4.09124
        27         7   4.26573   4.31755
        27         8   3.67220
        27         9   4.55661
        27        10   4.47663   1.73836
        27        11   1.78280   3.81832
        27        12   3.27639
        27        13   4.24234   3.90734
        27        14
        27        15
        28         0   2.17266   4.70486
        28         1   4.87196   3.56814
        28         2   4.46512
        28         3   4.44399   4.77729
        28         4   2.12197   4.77931
        28         5   3.77285   2.03810
        28         6   4.53809
        28         7
        28         8
        28         9   4.20714
        28        10   4.28021
        28        11   4.18380
        28        12   1.73765
        28        13   3.57871   3.43248
        28        14   4.40660   4.57946
        28        15   4.47004   3.61602
        29         0   4.87196   3.56814
        29         1   2.17266   4.70486
        29         2   4.44399   4.77729
        29         3   4.46512
        29         4   3.77285   2.03810
        29         5   2.12197   4.77931
        29         6
        29         7   4.53809
        29         8   4.20714
        29         9
        29        10   4.18380
        29        11   4.28021
        29        12   3.57871   3.43248
        29        13   1.73765
        29        14   4.47004   3.61602
        29        15   4.57946   4.40660
        30         0   4.46512
        30         1   4.77729   4.44399
        30         2   4.70486   2.17266
        30         3   3.56814   4.87196
        30         4   4.53809
        30         5
        30         6   4.77931   2.12197
        30         7   2.03810   3.77285
        30         8   4.28021
        30         9   4.18380
        30        10
        30        11   4.20714
        30        12   4.40660   4.57946
        30        13   3.61602   4.47004
        30        14   1.73765
        30        15   3.43248   3.57871
        31         0   4.77729   4.44399
        31         1   4.46512
        31         2   3.56814   4.87196
        31         3   4.70486   2.17266
        31         4
        31         5   4.53809
        31         6   2.03810   3.77285
        31         7   4.77931   2.12197
        31         8   4.18380
        31         9   4.28021
        31        10   4.20714
        31        11
        31        12   3.61602   4.47004
        31        13   4.57946   4.40660
        31        14   3.43248   3.57871
        31        15   1.73765
        32         0   3.47043
        32         1
        32         2   4.54112   4.69760
        32         3   1.98213   3.81515
        32         4   4.68853
        32         5   4.75404   4.48033
        32         6   4.73792   1.93160
        32         7   3.67295   4.81594
        32         8
        32         9   4.17226
        32        10   4.76063   3.86047
        32        11   4.34531
        32        12   4.98450   1.71857
        32        13   3.70989   4.50456
        32        14   3.39390
        32        15   3.39860   3.49254
        33         0
        33         1   3.47043
        33         2   1.98213   3.81515
        33         3   4.69760   4.54112
        33         4   4.75404   4.48033
        33         5   4.68853
        33         6   3.67295   4.81594
        33         7   4.73792   1.93160
        33         8   4.17226
        33         9
        33        10   4.34531
        33        11   4.76063   3.86047
        33        12   3.70989   4.50456
        33        13   4.98450   1.71857
        33        14   3.39860   3.49254
        33        15   3.39390
        34         0   4.54112   4.69760
        34         1   3.81515   1.98213
        34         2   3.47043
        34         3
        34         4   1.93160   4.73792
        34         5   4.81594   3.67295
        34         6   4.68853
        34         7   4.48033   4.75404
        34         8   3.86047   4.76063
        34         9   4.34531
        34        10
        34        11   4.17226
        34        12   3.39390
        34        13   3.49254   3.39860
        34        14   1.71857   4.98450
        34        15   4.50456   3.70989
        35         0   3.81515   1.98213
        35         1   4.69760   4.54112
        35         2
        35         3   3.47043
        35         4   4.81594   3.67295
        35         5   1.93160   4.73792
        35         6   4.48033   4.75404
        35         7   4.68853
        35         8   4.34531
        35         9   3.86047   4.76063
        35        10   4.17226
        35        11
        35        12   3.49254   3.39860
        35        13   3.39390
        35        14   4.50456   3.70989
        35        15   1.71857   4.98450
        36         0   4.35946
        36         1   4.53373   4.63213
        36         2   4.38561   2.40701
        36         3   3.16125   4.99732
        36         4   3.36414
        36         5   4.40814   4.61057
        36         6   4.46383
        36         7   3.49803
        36         8
        36         9
        36        10   4.57567   4.18684
        36        11   3.21585
        36        12   4.54372   1.76263
        36        13   1.74435   3.73146
        36        14   3.44351
        36        15   4.94193
        37         0   4.53373   4.63213
        37         1   4.35946
        37         2   3.16125   4.99732
        37         3   4.38561   2.40701
        37         4   4.40814   4.61057
        37         5   3.36414
        37         6   3.49803
        37         7   4.46383
        37         8
        37         9
        37        10   3.21585
        37        11   4.57567   4.18684
        37        12   1.74435   3.73146
        37        13   4.54372   1.76263
        37        14   4.94193
        37        15   3.44351
        38         0   2.40701   4.38561
        38         1   4.99732   3.16125
        38         2   4.35946
        38         3   4.63213   4.53373
        38         4   4.46383
        38         5   3.49803
        38         6   3.36414
        38         7   4.61057   4.40814
        38         8   4.18684   4.57567
        38         9   3.21585
        38        10
        38        11
        38        12   3.44351
        38        13   4.94193
        38        14   1.76263   4.54372
        38        15   3.73146   1.74435
        39         0   4.99732   3.16125
        39         1   2.40701   4.38561
        39         2   4.63213   4.53373
        39         3   4.35946
        39         4   3.49803
        39         5   4.46383
        39         6   4.61057   4.40814
        39         7   3.36414
        39         8   3.21585
        39         9   4.18684   4.57567
        39        10
        39        11
        39        12   4.94193
        39        13   3.44351
        39        14   3.73146   1.74435
        39        15   1.76263   4.54372
