         0        16   2.06704
         0        17   3.95751
         0        18   4.74842
         0        19   2.03162
         0        20
         0        21   4.49628
         0        22
         0        23
         0        24
         0        25
         0        26   3.80111
         0        27   4.18775
         0        28   2.10243   4.73627
         0        29   1.91878   4.65765
         0        30   4.31284
         0        31   4.87842
         0        32   3.64610   3.64610
         0        33
         0        34
         0        35   3.62401   3.62401
         0        36
         0        37   4.49628
         0        38
         0        39
         0        40
         0        41
         0        42
         0        43   4.73627   2.10243
         0        44   4.65765   1.91878
         0        45   4.31284
         0        46   4.87842
         0        47
         0        48   4.34638
         0        49   4.85123   4.85123
         1        16   3.73275
         1        17   3.20229
         1        18   2.02356
         1        19   3.62628
         1        20   4.48583
         1        21   4.71313
         1        22
         1        23   4.56160
         1        24   4.76990
         1        25   2.09016
         1        26
         1        27
         1        28
         1        29
         1        30   2.18475   4.77338
         1        31   1.90028   4.65006
         1        32   4.78581   4.78581
         1        33   4.41987   4.41987
         1        34   3.62649   3.62649
         1        35   4.70700   4.70700
         1        36   4.51930
         1        37   4.71313
         1        38
         1        39   4.56160
         1        40
         1        41   3.65715   3.65715
         1        42
         1        43
         1        44
         1        45   4.77338   2.18475
         1        46   4.65006   1.90028
         1        47
         1        48   4.07934
         1        49
         2        16
         2        17   3.41119
         2        18
         2        19
         2        20   2.35471
         2        21   4.46403
         2        22   4.55844
         2        23   1.99569
         2        24   4.89510   2.43926
         2        25   4.58587   1.73731
         2        26   4.42818
         2        27   4.99575
         2        28
         2        29
         2        30   3.71778
         2        31   3.19760
         2        32
         2        33   3.35865
         2        34
         2        35
         2        36   3.86764   3.86764
         2        37
         2        38
         2        39   3.60399   3.60399
         2        40   2.43926   4.89510
         2        41   1.73731   4.58587
         2        42   4.99575
         2        43
         2        44
         2        45   4.77785   4.77785
         2        46   4.38527   4.38527
         2        47   4.50276
         2        48   4.50276
         2        49   4.38547
         3        16
         3        17   4.86061
         3        18
         3        19   4.57463
         3        20   3.27519
         3        21   3.32390
         3        22   1.81844
         3        23   3.56353
         3        24
         3        25
         3        26   4.79206   2.22526
         3        27   4.61355   1.80909
         3        28
         3        29   2.86111
         3        30
         3        31
         3        32
         3        33   4.77565
         3        34
         3        35   4.57463
         3        36   4.37514   4.37514
         3        37   4.47821   4.47821
         3        38   3.47695   3.47695
         3        39   4.65884   4.65884
         3        40
         3        41
         3        42   1.80909   4.61355
         3        43
         3        44   4.14632   4.14632
         3        45
         3        46
         3        47   3.37368
         3        48   3.37368
         3        49   2.26403   4.81018
         4        16
         4        17
         4        18   3.92604
         4        19   4.34817
         4        20   1.84713   4.62860
         4        21   2.19452   4.77786
         4        22   4.39515
         4        23   4.67792
         4        24   1.91632
         4        25   3.77441
         4        26   4.60420
         4        27   1.98594
         4        28
         4        29   4.75349
         4        30
         4        31
         4        32
         4        33
         4        34   4.93150   4.93150
         4        35
         4        36   4.62557   1.83954
         4        37   4.77786   2.19452
         4        38   4.45173
         4        39   4.67792
         4        40   3.56066   3.56066
         4        41   4.82205   4.82205
         4        42   3.59860   3.59860
         4        43
         4        44   4.75349
         4        45
         4        46
         4        47   4.64905   4.64905
         4        48   3.55072
         4        49
         5        16   4.23342
         5        17   1.79319
         5        18
         5        19
         5        20
         5        21
         5        22   2.11799   4.74319
         5        23   2.09369   4.73239
         5        24   4.04621
         5        25   3.17352
         5        26   2.29463
         5        27   3.83861
         5        28   3.99110
         5        29
         5        30
         5        31   4.19386
         5        32
         5        33   3.44440   3.44440
         5        34
         5        35
         5        36
         5        37
         5        38   4.71533   2.05484
         5        39   4.73239   2.09369
         5        40
         5        41   4.36775   4.36775
         5        42   4.87246   4.87246
         5        43   3.99110
         5        44
         5        45
         5        46   4.19386
         5        47   4.50872   4.50872
         5        48   3.36490
         5        49   3.77103   3.77103
         6        16   4.72146   2.06885
         6        17   4.64807   1.89541
         6        18   4.30798
         6        19   4.82842
         6        20
         6        21
         6        22   3.69868
         6        23   3.70737
         6        24
         6        25   3.67510
         6        26
         6        27
         6        28   2.02241
         6        29   3.96850
         6        30   4.77085
         6        31   2.06016
         6        32   2.06147   4.71823
         6        33   1.96218   4.67570
         6        34   4.32105
         6        35   4.82842
         6        36
         6        37
         6        38   4.79898   4.79898
         6        39   4.76976   4.76976
         6        40
         6        41   3.67510
         6        42
         6        43   3.61886   3.61886
         6        44   4.97544   4.97544
         6        45
         6        46   3.64009   3.64009
         6        47   4.52210
         6        48   4.52210
         6        49
         7        16
         7        17
         7        18   4.82370   2.29262
         7        19   4.61268   1.80688
         7        20   4.95545
         7        21   2.29061
         7        22
         7        23
         7        24
         7        25
         7        26
         7        27   4.25328
         7        28   3.55537
         7        29   3.15141
         7        30   1.95265
         7        31   3.69499
         7        32
         7        33
         7        34   2.28488   4.82003
         7        35   1.80688   4.61268
         7        36
         7        37   3.77530   3.77530
         7        38
         7        39
         7        40
         7        41
         7        42   4.25328
         7        43   4.65260   4.65260
         7        44   4.35171   4.35171
         7        45   3.58034   3.58034
         7        46   4.76014   4.76014
         7        47   4.50955
         7        48   4.50955
         7        49
         8        16   3.64176   3.64176
         8        17   4.87333   4.87333
         8        18
         8        19   3.59266   3.59266
         8        20
         8        21   4.55042
         8        22
         8        23
         8        24
         8        25
         8        26   4.99258   4.99258
         8        27
         8        28   4.68605   1.98672
         8        29   4.70693   2.03548
         8        30   4.19574
         8        31   4.85097
         8        32   2.06589
         8        33   3.92085
         8        34   4.69329
         8        35   1.97514
         8        36
         8        37   4.55042
         8        38
         8        39
         8        40
         8        41
         8        42   4.33371
         8        43   1.98672   4.68605
         8        44   2.03548   4.70693
         8        45   4.19574
         8        46   4.85097
         8        47   4.15893
         8        48
         8        49   4.00057
         9        16   4.75615   4.75615
         9        17   4.38597   4.38597
         9        18   3.59259   3.59259
         9        19   4.70124   4.70124
         9        20   4.54137
         9        21   4.67206
         9        22
         9        23   4.59130
         9        24
         9        25   3.68358   3.68358
         9        26
         9        27
         9        28
         9        29
         9        30   4.77980   2.19875
         9        31   4.64167   1.87966
         9        32   3.68519
         9        33   3.24295
         9        34   1.98764
         9        35   3.61879
         9        36   4.57492
         9        37   4.67206
         9        38
         9        39   4.59130
         9        40   4.82319
         9        41   2.13607
         9        42
         9        43
         9        44
         9        45   2.19875   4.77980
         9        46   1.87966   4.64167
         9        47   4.12603
         9        48
         9        49
        10        16
        10        17   3.64611
        10        18
        10        19
        10        20   3.73972   3.73972
        10        21
        10        22
        10        23   3.52675   3.52675
        10        24   2.11756   4.74300
        10        25   2.00513   4.69388
        10        26   4.19714
        10        27   4.86263
        10        28
        10        29
        10        30
        10        31   4.71658   4.71658
        10        32
        10        33   3.58327
        10        34
        10        35
        10        36   2.32283
        10        37   4.12202
        10        38   4.38246
        10        39   1.85256
        10        40   4.74300   2.11756
        10        41   4.69388   2.00513
        10        42   4.86263
        10        43
        10        44
        10        45   4.11947
        10        46   3.63870
        10        47   4.65605
        10        48   4.65605
        10        49   4.15260
        11        16
        11        17   4.71765
        11        18
        11        19
        11        20   3.70318   3.70318
        11        21   4.75691   4.75691
        11        22   3.49507   3.49507
        11        23
        11        24   4.32568
        11        25   4.63312
        11        26   3.53382
        11        27   2.24372   4.80065
        11        28
        11        29
        11        30
        11        31
        11        32
        11        33   4.66270
        11        34
        11        35
        11        36   2.07943
        11        37   3.69083
        11        38   1.91161
        11        39   4.45514
        11        40   4.32568
        11        41   4.63312
        11        42   4.80065   2.24372
        11        43   4.33243
        11        44   4.60920
        11        45   4.00586
        11        46
        11        47   4.69700   2.01242
        11        48   2.01242   4.69700
        11        49   3.57452
        12        16
        12        17
        12        18   4.77996   4.77996
        12        19
        12        20   4.68370   1.98118
        12        21   4.70955   2.04154
        12        22   4.47748
        12        23   4.76725
        12        24   3.59179   3.59179
        12        25   4.96824   4.96824
        12        26
        12        27   3.59588   3.59588
        12        28
        12        29   4.62619
        12        30
        12        31
        12        32
        12        33
        12        34   3.70758
        12        35   4.14453
        12        36   1.97312   4.68030
        12        37   2.04154   4.70955
        12        38   4.52625
        12        39   4.76725
        12        40   1.97357
        12        41   3.95947
        12        42   1.98101
        12        43
        12        44   4.62619
        12        45
        12        46
        12        47   3.72739
        12        48   4.78534   4.78534
        12        49   4.64248
        13        16
        13        17   3.65130   3.65130
        13        18
        13        19
        13        20
        13        21
        13        22   4.75251   2.13876
        13        23   4.67075   1.95037
        13        24   4.86811   4.86811
        13        25   4.38644   4.38644
        13        26   3.60529   3.60529
        13        27   4.77777   4.77777
        13        28   4.29392
        13        29   4.91470
        13        30
        13        31   4.39324
        13        32   4.54341
        13        33   1.97457
        13        34
        13        35
        13        36
        13        37
        13        38   2.05155   4.71390
        13        39   1.95037   4.67075
        13        40   3.83308
        13        41   3.19919
        13        42   3.71768
        13        43   4.29392
        13        44   4.91470
        13        45
        13        46   4.39324
        13        47   3.51819
        13        48   4.62425   4.62425
        13        49   1.98352
        14        16   2.15085   4.75796
        14        17   1.82646   4.62039
        14        18   4.36598
        14        19   4.86943
        14        20
        14        21
        14        22   4.68295   4.68295
        14        23   4.68066   4.68066
        14        24
        14        25   3.61229
        14        26
        14        27
        14        28   3.63686   3.63686
        14        29
        14        30
        14        31   3.65056   3.65056
        14        32   4.75448   2.14315
        14        33   4.64540   1.88885
        14        34   4.37918
        14        35   4.86943
        14        36
        14        37
        14        38   3.63848
        14        39   3.59202
        14        40
        14        41   3.61229
        14        42
        14        43   2.05444
        14        44   4.06237
        14        45   4.77906
        14        46   2.07860
        14        47   4.46535
        14        48   4.46535
        14        49
        15        16
        15        17
        15        18   2.18739   4.77459
        15        19   1.91617   4.65658
        15        20
        15        21   3.65902   3.65902
        15        22
        15        23
        15        24   4.88253
        15        25
        15        26
        15        27   4.15362
        15        28   4.81205   4.81205
        15        29   4.41245   4.41245
        15        30   3.64923   3.64923
        15        31   4.72037   4.72037
        15        32
        15        33
        15        34   4.77083   2.17918
        15        35   4.65658   1.91617
        15        36   4.74877
        15        37   2.09342
        15        38
        15        39
        15        40   4.88253
        15        41
        15        42   4.15362
        15        43   3.76163
        15        44   3.23477
        15        45   2.07627
        15        46   3.64361
        15        47   4.70484
        15        48   4.70484
        15        49
        16         0   2.06704
        16         1   3.73275
        16         2
        16         3
        16         4
        16         5   4.23342
        16         6   2.06885   4.72146
        16         7
        16         8   3.64176   3.64176
        16         9   4.75615   4.75615
        16        10
        16        11
        16        12
        16        13
        16        14   4.75796   2.15085
        16        15
        17         0   3.95751
        17         1   3.20229
        17         2   3.41119
        17         3   4.86061
        17         4
        17         5   1.79319
        17         6   1.89541   4.64807
        17         7
        17         8   4.87333   4.87333
        17         9   4.38597   4.38597
        17        10   3.64611
        17        11   4.71765
        17        12
        17        13   3.65130   3.65130
        17        14   4.62039   1.82646
        17        15
        18         0   4.74842
        18         1   2.02356
        18         2
        18         3
        18         4   3.92604
        18         5
        18         6   4.30798
        18         7   2.29262   4.82370
        18         8
        18         9   3.59259   3.59259
        18        10
        18        11
        18        12   4.77996   4.77996
        18        13
        18        14   4.36598
        18        15   4.77459   2.18739
        19         0   2.03162
        19         1   3.62628
        19         2
        19         3   4.57463
        19         4   4.34817
        19         5
        19         6   4.82842
        19         7   1.80688   4.61268
        19         8   3.59266   3.59266
        19         9   4.70124   4.70124
        19        10
        19        11
        19        12
        19        13
        19        14   4.86943
        19        15   4.65658   1.91617
        20         0
        20         1   4.48583
        20         2   2.35471
        20         3   3.27519
        20         4   4.62860   1.84713
        20         5
        20         6
        20         7   4.95545
        20         8
        20         9   4.54137
        20        10   3.73972   3.73972
        20        11   3.70318   3.70318
        20        12   1.98118   4.68370
        20        13
        20        14
        20        15
        21         0   4.49628
        21         1   4.71313
        21         2   4.46403
        21         3   3.32390
        21         4   4.77786   2.19452
        21         5
        21         6
        21         7   2.29061
        21         8   4.55042
        21         9   4.67206
        21        10
        21        11   4.75691   4.75691
        21        12   2.04154   4.70955
        21        13
        21        14
        21        15   3.65902   3.65902
        22         0
        22         1
        22         2   4.55844
        22         3   1.81844
        22         4   4.39515
        22         5   4.74319   2.11799
        22         6   3.69868
        22         7
        22         8
        22         9
        22        10
        22        11   3.49507   3.49507
        22        12   4.47748
        22        13   2.13876   4.75251
        22        14   4.68295   4.68295
        22        15
        23         0
        23         1   4.56160
        23         2   1.99569
        23         3   3.56353
        23         4   4.67792
        23         5   4.73239   2.09369
        23         6   3.70737
        23         7
        23         8
        23         9   4.59130
        23        10   3.52675   3.52675
        23        11
        23        12   4.76725
        23        13   1.95037   4.67075
        23        14   4.68066   4.68066
        23        15
        24         0
        24         1   4.76990
        24         2   2.43926   4.89510
        24         3
        24         4   1.91632
        24         5   4.04621
        24         6
        24         7
        24         8
        24         9
        24        10   4.74300   2.11756
        24        11   4.32568
        24        12   3.59179   3.59179
        24        13   4.86811   4.86811
        24        14
        24        15   4.88253
        25         0
        25         1   2.09016
        25         2   1.73731   4.58587
        25         3
        25         4   3.77441
        25         5   3.17352
        25         6   3.67510
        25         7
        25         8
        25         9   3.68358   3.68358
        25        10   4.69388   2.00513
        25        11   4.63312
        25        12   4.96824   4.96824
        25        13   4.38644   4.38644
        25        14   3.61229
        25        15
        26         0   3.80111
        26         1
        26         2   4.42818
        26         3   2.22526   4.79206
        26         4   4.60420
        26         5   2.29463
        26         6
        26         7
        26         8   4.99258   4.99258
        26         9
        26        10   4.19714
        26        11   3.53382
        26        12
        26        13   3.60529   3.60529
        26        14
        26        15
        27         0   4.18775
        27         1
        27         2   4.99575
        27         3   1.80909   4.61355
        27         4   1.98594
        27         5   3.83861
        27         6
        27         7   4.25328
        27         8
        27         9
        27        10   4.86263
        27        11   4.80065   2.24372
        27        12   3.59588   3.59588
        27        13   4.77777   4.77777
        27        14
        27        15   4.15362
        28         0   4.73627   2.10243
        28         1
        28         2
        28         3
        28         4
        28         5   3.99110
        28         6   2.02241
        28         7   3.55537
        28         8   1.98672   4.68605
        28         9
        28        10
        28        11
        28        12
        28        13   4.29392
        28        14   3.63686   3.63686
        28        15   4.81205   4.81205
        29         0   4.65765   1.91878
        29         1
        29         2
        29         3   2.86111
        29         4   4.75349
        29         5
        29         6   3.96850
        29         7   3.15141
        29         8   2.03548   4.70693
        29         9
        29        10
        29        11
        29        12   4.62619
        29        13   4.91470
        29        14
        29        15   4.41245   4.41245
        30         0   4.31284
        30         1   4.77338   2.18475
        30         2   3.71778
        30         3
        30         4
        30         5
        30         6   4.77085
        30         7   1.95265
        30         8   4.19574
        30         9   2.19875   4.77980
        30        10
        30        11
        30        12
        30        13
        30        14
        30        15   3.64923   3.64923
        31         0   4.87842
        31         1   4.65006   1.90028
        31         2   3.19760
        31         3
        31         4
        31         5   4.19386
        31         6   2.06016
        31         7   3.69499
        31         8   4.85097
        31         9   1.87966   4.64167
        31        10   4.71658   4.71658
        31        11
        31        12
        31        13   4.39324
        31        14   3.65056   3.65056
        31        15   4.72037   4.72037
        32         0   3.64610   3.64610
        32         1   4.78581   4.78581
        32         2
        32         3
        32         4
        32         5
        32         6   4.71823   2.06147
        32         7
        32         8   2.06589
        32         9   3.68519
        32        10
        32        11
        32        12
        32        13   4.54341
        32        14   2.14315   4.75448
        32        15
        33         0
        33         1   4.41987   4.41987
        33         2   3.35865
        33         3   4.77565
        33         4
        33         5   3.44440   3.44440
        33         6   4.67570   1.96218
        33         7
        33         8   3.92085
        33         9   3.24295
        33        10   3.58327
        33        11   4.66270
        33        12
        33        13   1.97457
        33        14   1.88885   4.64540
        33        15
        34         0
        34         1   3.62649   3.62649
        34         2
        34         3
        34         4   4.93150   4.93150
        34         5
        34         6   4.32105
        34         7   4.82003   2.28488
        34         8   4.69329
        34         9   1.98764
        34        10
        34        11
        34        12   3.70758
        34        13
        34        14   4.37918
        34        15   2.17918   4.77083
        35         0   3.62401   3.62401
        35         1   4.70700   4.70700
        35         2
        35         3   4.57463
        35         4
        35         5
        35         6   4.82842
        35         7   4.61268   1.80688
        35         8   1.97514
        35         9   3.61879
        35        10
        35        11
        35        12   4.14453
        35        13
        35        14   4.86943
        35        15   1.91617   4.65658
        36         0
        36         1   4.51930
        36         2   3.86764   3.86764
        36         3   4.37514   4.37514
        36         4   1.83954   4.62557
        36         5
        36         6
        36         7
        36         8
        36         9   4.57492
        36        10   2.32283
        36        11   2.07943
        36        12   4.68030   1.97312
        36        13
        36        14
        36        15   4.74877
        37         0   4.49628
        37         1   4.71313
        37         2
        37         3   4.47821   4.47821
        37         4   2.19452   4.77786
        37         5
        37         6
        37         7   3.77530   3.77530
        37         8   4.55042
        37         9   4.67206
        37        10   4.12202
        37        11   3.69083
        37        12   4.70955   2.04154
        37        13
        37        14
        37        15   2.09342
        38         0
        38         1
        38         2
        38         3   3.47695   3.47695
        38         4   4.45173
        38         5   2.05484   4.71533
        38         6   4.79898   4.79898
        38         7
        38         8
        38         9
        38        10   4.38246
        38        11   1.91161
        38        12   4.52625
        38        13   4.71390   2.05155
        38        14   3.63848
        38        15
        39         0
        39         1   4.56160
        39         2   3.60399   3.60399
        39         3   4.65884   4.65884
        39         4   4.67792
        39         5   2.09369   4.73239
        39         6   4.76976   4.76976
        39         7
        39         8
        39         9   4.59130
        39        10   1.85256
        39        11   4.45514
        39        12   4.76725
        39        13   4.67075   1.95037
        39        14   3.59202
        39        15
        40         0
        40         1
        40         2   4.89510   2.43926
        40         3
        40         4   3.56066   3.56066
        40         5
        40         6
        40         7
        40         8
        40         9   4.82319
        40        10   2.11756   4.74300
        40        11   4.32568
        40        12   1.97357
        40        13   3.83308
        40        14
        40        15   4.88253
        41         0
        41         1   3.65715   3.65715
        41         2   4.58587   1.73731
        41         3
        41         4   4.82205   4.82205
        41         5   4.36775   4.36775
        41         6   3.67510
        41         7
        41         8
        41         9   2.13607
        41        10   2.00513   4.69388
        41        11   4.63312
        41        12   3.95947
        41        13   3.19919
        41        14   3.61229
        41        15
        42         0
        42         1
        42         2   4.99575
        42         3   4.61355   1.80909
        42         4   3.59860   3.59860
        42         5   4.87246   4.87246
        42         6
        42         7   4.25328
        42         8   4.33371
        42         9
        42        10   4.86263
        42        11   2.24372   4.80065
        42        12   1.98101
        42        13   3.71768
        42        14
        42        15   4.15362
        43         0   2.10243   4.73627
        43         1
        43         2
        43         3
        43         4
        43         5   3.99110
        43         6   3.61886   3.61886
        43         7   4.65260   4.65260
        43         8   4.68605   1.98672
        43         9
        43        10
        43        11   4.33243
        43        12
        43        13   4.29392
        43        14   2.05444
        43        15   3.76163
        44         0   1.91878   4.65765
        44         1
        44         2
        44         3   4.14632   4.14632
        44         4   4.75349
        44         5
        44         6   4.97544   4.97544
        44         7   4.35171   4.35171
        44         8   4.70693   2.03548
        44         9
        44        10
        44        11   4.60920
        44        12   4.62619
        44        13   4.91470
        44        14   4.06237
        44        15   3.23477
        45         0   4.31284
        45         1   2.18475   4.77338
        45         2   4.77785   4.77785
        45         3
        45         4
        45         5
        45         6
        45         7   3.58034   3.58034
        45         8   4.19574
        45         9   4.77980   2.19875
        45        10   4.11947
        45        11   4.00586
        45        12
        45        13
        45        14   4.77906
        45        15   2.07627
        46         0   4.87842
        46         1   1.90028   4.65006
        46         2   4.38527   4.38527
        46         3
        46         4
        46         5   4.19386
        46         6   3.64009   3.64009
        46         7   4.76014   4.76014
        46         8   4.85097
        46         9   4.64167   1.87966
        46        10   3.63870
        46        11
        46        12
        46        13   4.39324
        46        14   2.07860
        46        15   3.64361
        47         0
        47         1
        47         2   4.50276
        47         3   3.37368
        47         4   4.64905   4.64905
        47         5   4.50872   4.50872
        47         6   4.52210
        47         7   4.50955
        47         8   4.15893
        47         9   4.12603
        47        10   4.65605
        47        11   2.01242   4.69700
        47        12   3.72739
        47        13   3.51819
        47        14   4.46535
        47        15   4.70484
        48         0   4.34638
        48         1   4.07934
        48         2   4.50276
        48         3   3.37368
        48         4   3.55072
        48         5   3.36490
        48         6   4.52210
        48         7   4.50955
        48         8
        48         9
        48        10   4.65605
        48        11   4.69700   2.01242
        48        12   4.78534   4.78534
        48        13   4.62425   4.62425
        48        14   4.46535
        48        15   4.70484
        49         0   4.85123   4.85123
        49         1
        49         2   4.38547
        49         3   4.81018   2.26403
        49         4
        49         5   3.77103   3.77103
        49         6
        49         7
        49         8   4.00057
        49         9
        49        10   4.15260
        49        11   3.57452
        49        12   4.64248
        49        13   1.98352
        49        14
        49        15
