         0        16   4.78744
         0        17   4.30018
         0        18   2.14451   4.83351
         0        19   4.84277   3.68408
         0        20   4.61911   4.73649
         0        21   3.75446   2.34326
         0        22   3.65462
         0        23
         0        24   3.79077   3.91910
         0        25   2.18094
         0        26   4.08151
         0        27   4.86898
         0        28   4.77932   2.11447
         0        29   3.59819   4.81871
         0        30   4.48174
         0        31   4.48598   4.76891
         0        32   3.45636
         0        33
         0        34   4.67654   4.54232
         0        35   2.04107   3.74590
         0        36   4.35879
         0        37   4.70915   4.52356
         0        38   4.43892   2.38016
         0        39   3.14416   4.94882
         1        16   4.30018
         1        17   4.78744
         1        18   4.84277   3.68408
         1        19   2.14451   4.83351
         1        20   3.75446   2.34326
         1        21   4.73649   4.61911
         1        22
         1        23   3.65462
         1        24   2.18094
         1        25   3.79077   3.91910
         1        26   4.86898
         1        27   4.08151
         1        28   3.59819   4.81871
         1        29   4.77932   2.11447
         1        30   4.48598   4.76891
         1        31   4.48174
         1        32
         1        33   3.45636
         1        34   2.04107   3.74590
         1        35   4.54232   4.67654
         1        36   4.70915   4.52356
         1        37   4.35879
         1        38   3.14416   4.94882
         1        39   4.43892   2.38016
         2        16   4.83351   2.14451
         2        17   3.68408   4.84277
         2        18   4.78744
         2        19   4.30018
         2        20   3.65462
         2        21
         2        22   4.61911   4.73649
         2        23   2.34326   3.75446
         2        24   4.08151
         2        25   4.86898
         2        26   3.91910   3.79077
         2        27   2.18094
         2        28   4.48174
         2        29   4.76891   4.48598
         2        30   2.11447   4.77932
         2        31   4.81871   3.59819
         2        32   4.67654   4.54232
         2        33   3.74590   2.04107
         2        34   3.45636
         2        35
         2        36   2.38016   4.43892
         2        37   4.94882   3.14416
         2        38   4.35879
         2        39   4.52356   4.70915
         3        16   3.68408   4.84277
         3        17   4.83351   2.14451
         3        18   4.30018
         3        19   4.78744
         3        20
         3        21   3.65462
         3        22   2.34326   3.75446
         3        23   4.73649   4.61911
         3        24   4.86898
         3        25   4.08151
         3        26   2.18094
         3        27   3.91910   3.79077
         3        28   4.76891   4.48598
         3        29   4.48174
         3        30   4.81871   3.59819
         3        31   2.11447   4.77932
         3        32   3.74590   2.04107
         3        33   4.54232   4.67654
         3        34
         3        35   3.45636
         3        36   4.94882   3.14416
         3        37   2.38016   4.43892
         3        38   4.52356   4.70915
         3        39   4.35879
         4        16   4.71075
         4        17
         4        18   2.11992   4.80719
         4        19   3.75834   2.02391
         4        20   1.91231   4.85251
         4        21   4.71620   3.67268
         4        22   4.82899
         4        23   3.99802
         4        24   4.28188   4.37893
         4        25   4.07175
         4        26   3.69955
         4        27   4.03813   4.78791
         4        28   4.79535   2.11558
         4        29   2.03558   3.77727
         4        30   4.57927
         4        31
         4        32   4.71683
         4        33   4.48931   4.79903
         4        34   4.75931   1.92979
         4        35   3.67929   4.82225
         4        36   3.41690
         4        37   4.64665   4.44173
         4        38   4.44953
         4        39   3.51459
         5        16
         5        17   4.71075
         5        18   3.75834   2.02391
         5        19   2.11992   4.80719
         5        20   4.71620   3.67268
         5        21   1.91231   4.85251
         5        22   3.99802
         5        23   4.82899
         5        24   4.07175
         5        25   4.28188   4.37893
         5        26   4.03813   4.78791
         5        27   3.69955
         5        28   2.03558   3.77727
         5        29   4.79535   2.11558
         5        30
         5        31   4.57927
         5        32   4.48931   4.79903
         5        33   4.71683
         5        34   3.67929   4.82225
         5        35   4.75931   1.92979
         5        36   4.64665   4.44173
         5        37   3.41690
         5        38   3.51459
         5        39   4.44953
         6        16   4.80719   2.11992
         6        17   2.02391   3.75834
         6        18   4.71075
         6        19
         6        20   4.82899
         6        21   3.99802
         6        22   4.85251   1.91231
         6        23   3.67268   4.71620
         6        24   3.69955
         6        25   4.78791   4.03813
         6        26   4.37893   4.28188
         6        27   4.07175
         6        28   4.57927
         6        29
         6        30   2.11558   4.79535
         6        31   3.77727   2.03558
         6        32   1.92979   4.75931
         6        33   4.82225   3.67929
         6        34   4.71683
         6        35   4.79903   4.48931
         6        36   4.44953
         6        37   3.51459
         6        38   3.41690
         6        39   4.44173   4.64665
         7        16   2.02391   3.75834
         7        17   4.80719   2.11992
         7        18
         7        19   4.71075
         7        20   3.99802
         7        21   4.82899
         7        22   3.67268   4.71620
         7        23   4.85251   1.91231
         7        24   4.78791   4.03813
         7        25   3.69955
         7        26   4.07175
         7        27   4.37893   4.28188
         7        28
         7        29   4.57927
         7        30   3.77727   2.03558
         7        31   2.11558   4.79535
         7        32   4.82225   3.67929
         7        33   1.92979   4.75931
         7        34   4.79903   4.48931
         7        35   4.71683
         7        36   3.51459
         7        37   4.44953
         7        38   4.44173   4.64665
         7        39   3.41690
         8        16   1.73809
         8        17   3.56470   3.51866
         8        18   4.56319   4.40802
         8        19   3.96425   4.06414
         8        20   1.69526
         8        21   4.08452   4.33129
         8        22   3.19378
         8        23   3.40866   3.16512
         8        24   1.78216   3.85324
         8        25   4.46849   1.73057
         8        26   4.53010
         8        27   3.72625
         8        28
         8        29   4.20456
         8        30   4.27361
         8        31   4.17635
         8        32
         8        33   4.18525
         8        34   4.79705   3.86207
         8        35   4.36574
         8        36
         8        37
         8        38   4.55452   4.16974
         8        39   3.19545
         9        16   3.56470   3.51866
         9        17   1.73809
         9        18   3.96425   4.06414
         9        19   4.40802   4.56319
         9        20   4.08452   4.33129
         9        21   1.69526
         9        22   3.40866   3.16512
         9        23   3.19378
         9        24   4.46849   1.73057
         9        25   1.78216   3.85324
         9        26   3.72625
         9        27   4.53010
         9        28   4.20456
         9        29
         9        30   4.17635
         9        31   4.27361
         9        32   4.18525
         9        33
         9        34   4.36574
         9        35   4.79705   3.86207
         9        36
         9        37
         9        38   3.19545
         9        39   4.55452   4.16974
        10        16   4.56319   4.40802
        10        17   4.06414   3.96425
        10        18   1.73809
        10        19   3.51866   3.56470
        10        20   3.19378
        10        21   3.16512   3.40866
        10        22   1.69526
        10        23   4.33129   4.08452
        10        24   4.53010
        10        25   3.72625
        10        26   3.85324   1.78216
        10        27   1.73057   4.46849
        10        28   4.27361
        10        29   4.17635
        10        30
        10        31   4.20456
        10        32   3.86207   4.79705
        10        33   4.36574
        10        34
        10        35   4.18525
        10        36   4.16974   4.55452
        10        37   3.19545
        10        38
        10        39
        11        16   4.06414   3.96425
        11        17   4.40802   4.56319
        11        18   3.51866   3.56470
        11        19   1.73809
        11        20   3.16512   3.40866
        11        21   3.19378
        11        22   4.33129   4.08452
        11        23   1.69526
        11        24   3.72625
        11        25   4.53010
        11        26   1.73057   4.46849
        11        27   3.85324   1.78216
        11        28   4.17635
        11        29   4.27361
        11        30   4.20456
        11        31
        11        32   4.36574
        11        33   3.86207   4.79705
        11        34   4.18525
        11        35
        11        36   3.19545
        11        37   4.16974   4.55452
        11        38
        11        39
        12        16
        12        17   4.30076
        12        18   4.24645
        12        19   4.22584
        12        20
        12        21   4.40631
        12        22   3.68179
        12        23   4.70411
        12        24
        12        25
        12        26   3.94365   4.25120
        12        27   3.28074
        12        28   1.76632
        12        29   3.46818   3.59437
        12        30   4.59572   4.42250
        12        31   4.47537   3.64219
        12        32   1.72649
        12        33   4.51351   3.74375
        12        34   3.39733
        12        35   3.41839   3.48846
        12        36   1.76604   4.54615
        12        37   3.76591   1.75691
        12        38   3.49470
        12        39   4.93150
        13        16   4.30076
        13        17
        13        18   4.22584
        13        19   4.24645
        13        20   4.40631
        13        21
        13        22   4.70411
        13        23   3.68179
        13        24
        13        25
        13        26   3.28074
        13        27   3.94365   4.25120
        13        28   3.46818   3.59437
        13        29   1.76632
        13        30   4.47537   3.64219
        13        31   4.42250   4.59572
        13        32   4.51351   3.74375
        13        33   1.72649
        13        34   3.41839   3.48846
        13        35   3.39733
        13        36   3.76591   1.75691
        13        37   1.76604   4.54615
        13        38   4.93150
        13        39   3.49470
        14        16   4.24645
        14        17   4.22584
        14        18
        14        19   4.30076
        14        20   3.68179
        14        21   4.70411
        14        22
        14        23   4.40631
        14        24   4.25120   3.94365
        14        25   3.28074
        14        26
        14        27
        14        28   4.59572   4.42250
        14        29   3.64219   4.47537
        14        30   1.76632
        14        31   3.59437   3.46818
        14        32   3.39733
        14        33   3.48846   3.41839
        14        34   1.72649
        14        35   3.74375   4.51351
        14        36   3.49470
        14        37   4.93150
        14        38   4.54615   1.76604
        14        39   1.75691   3.76591
        15        16   4.22584
        15        17   4.24645
        15        18   4.30076
        15        19
        15        20   4.70411
        15        21   3.68179
        15        22   4.40631
        15        23
        15        24   3.28074
        15        25   4.25120   3.94365
        15        26
        15        27
        15        28   3.64219   4.47537
        15        29   4.42250   4.59572
        15        30   3.59437   3.46818
        15        31   1.76632
        15        32   3.48846   3.41839
        15        33   3.39733
        15        34   3.74375   4.51351
        15        35   1.72649
        15        36   4.93150
        15        37   3.49470
        15        38   1.75691   3.76591
        15        39   4.54615   1.76604
        16         0   4.78744
        16         1   4.30018
        16         2   2.14451   4.83351
        16         3   4.84277   3.68408
        16         4   4.71075
        16         5
        16         6   2.11992   4.80719
        16         7   3.75834   2.02391
        16         8   1.73809
        16         9   3.51866   3.56470
        16        10   4.40802   4.56319
        16        11   3.96425   4.06414
        16        12
        16        13   4.30076
        16        14   4.24645
        16        15   4.22584
        17         0   4.30018
        17         1   4.78744
        17         2   4.84277   3.68408
        17         3   2.14451   4.83351
        17         4
        17         5   4.71075
        17         6   3.75834   2.02391
        17         7   2.11992   4.80719
        17         8   3.51866   3.56470
        17         9   1.73809
        17        10   3.96425   4.06414
        17        11   4.56319   4.40802
        17        12   4.30076
        17        13
        17        14   4.22584
        17        15   4.24645
        18         0   4.83351   2.14451
        18         1   3.68408   4.84277
        18         2   4.78744
        18         3   4.30018
        18         4   4.80719   2.11992
        18         5   2.02391   3.75834
        18         6   4.71075
        18         7
        18         8   4.40802   4.56319
        18         9   4.06414   3.96425
        18        10   1.73809
        18        11   3.56470   3.51866
        18        12   4.24645
        18        13   4.22584
        18        14
        18        15   4.30076
        19         0   3.68408   4.84277
        19         1   4.83351   2.14451
        19         2   4.30018
        19         3   4.78744
        19         4   2.02391   3.75834
        19         5   4.80719   2.11992
        19         6
        19         7   4.71075
        19         8   4.06414   3.96425
        19         9   4.56319   4.40802
        19        10   3.56470   3.51866
        19        11   1.73809
        19        12   4.22584
        19        13   4.24645
        19        14   4.30076
        19        15
        20         0   4.73649   4.61911
        20         1   2.34326   3.75446
        20         2   3.65462
        20         3
        20         4   4.85251   1.91231
        20         5   3.67268   4.71620
        20         6   4.82899
        20         7   3.99802
        20         8   1.69526
        20         9   4.33129   4.08452
        20        10   3.19378
        20        11   3.40866   3.16512
        20        12
        20        13   4.40631
        20        14   3.68179
        20        15   4.70411
        21         0   2.34326   3.75446
        21         1   4.61911   4.73649
        21         2
        21         3   3.65462
        21         4   3.67268   4.71620
        21         5   4.85251   1.91231
        21         6   3.99802
        21         7   4.82899
        21         8   4.33129   4.08452
        21         9   1.69526
        21        10   3.40866   3.16512
        21        11   3.19378
        21        12   4.40631
        21        13
        21        14   4.70411
        21        15   3.68179
        22         0   3.65462
        22         1
        22         2   4.73649   4.61911
        22         3   3.75446   2.34326
        22         4   4.82899
        22         5   3.99802
        22         6   1.91231   4.85251
        22         7   4.71620   3.67268
        22         8   3.19378
        22         9   3.16512   3.40866
        22        10   1.69526
        22        11   4.08452   4.33129
        22        12   3.68179
        22        13   4.70411
        22        14
        22        15   4.40631
        23         0
        23         1   3.65462
        23         2   3.75446   2.34326
        23         3   4.61911   4.73649
        23         4   3.99802
        23         5   4.82899
        23         6   4.71620   3.67268
        23         7   1.91231   4.85251
        23         8   3.16512   3.40866
        23         9   3.19378
        23        10   4.08452   4.33129
        23        11   1.69526
        23        12   4.70411
        23        13   3.68179
        23        14   4.40631
        23        15
        24         0   3.91910   3.79077
        24         1   2.18094
        24         2   4.08151
        24         3   4.86898
        24         4   4.37893   4.28188
        24         5   4.07175
        24         6   3.69955
        24         7   4.03813   4.78791
        24         8   3.85324   1.78216
        24         9   1.73057   4.46849
        24        10   4.53010
        24        11   3.72625
        24        12
        24        13
        24        14   3.94365   4.25120
        24        15   3.28074
        25         0   2.18094
        25         1   3.91910   3.79077
        25         2   4.86898
        25         3   4.08151
        25         4   4.07175
        25         5   4.37893   4.28188
        25         6   4.03813   4.78791
        25         7   3.69955
        25         8   1.73057   4.46849
        25         9   3.85324   1.78216
        25        10   3.72625
        25        11   4.53010
        25        12
        25        13
        25        14   3.28074
        25        15   3.94365   4.25120
        26         0   4.08151
        26         1   4.86898
        26         2   3.79077   3.91910
        26         3   2.18094
        26         4   3.69955
        26         5   4.78791   4.03813
        26         6   4.28188   4.37893
        26         7   4.07175
        26         8   4.53010
        26         9   3.72625
        26        10   1.78216   3.85324
        26        11   4.46849   1.73057
        26        12   4.25120   3.94365
        26        13   3.28074
        26        14
        26        15
        27         0   4.86898
        27         1   4.08151
        27         2   2.18094
        27         3   3.79077   3.91910
        27         4   4.78791   4.03813
        27         5   3.69955
        27         6   4.07175
        27         7   4.28188   4.37893
        27         8   3.72625
        27         9   4.53010
        27        10   4.46849   1.73057
        27        11   1.78216   3.85324
        27        12   3.28074
        27        13   4.25120   3.94365
        27        14
        27        15
        28         0   2.11447   4.77932
        28         1   4.81871   3.59819
        28         2   4.48174
        28         3   4.48598   4.76891
        28         4   2.11558   4.79535
        28         5   3.77727   2.03558
        28         6   4.57927
        28         7
        28         8
        28         9   4.20456
        28        10   4.27361
        28        11   4.17635
        28        12   1.76632
        28        13   3.59437   3.46818
        28        14   4.42250   4.59572
        28        15   4.47537   3.64219
        29         0   4.81871   3.59819
        29         1   2.11447   4.77932
        29         2   4.48598   4.76891
        29         3   4.48174
        29         4   3.77727   2.03558
        29         5   2.11558   4.79535
        29         6
        29         7   4.57927
        29         8   4.20456
        29         9
        29        10   4.17635
        29        11   4.27361
        29        12   3.59437   3.46818
        29        13   1.76632
        29        14   4.47537   3.64219
        29        15   4.59572   4.42250
        30         0   4.48174
        30         1   4.76891   4.48598
        30         2   4.77932   2.11447
        30         3   3.59819   4.81871
        30         4   4.57927
        30         5
        30         6   4.79535   2.11558
        30         7   2.03558   3.77727
        30         8   4.27361
        30         9   4.17635
        30        10
        30        11   4.20456
        30        12   4.42250   4.59572
        30        13   3.64219   4.47537
        30        14   1.76632
        30        15   3.46818   3.59437
        31         0   4.76891   4.48598
        31         1   4.48174
        31         2   3.59819   4.81871
        31         3   4.77932   2.11447
        31         4
        31         5   4.57927
        31         6   2.03558   3.77727
        31         7   4.79535   2.11558
        31         8   4.17635
        31         9   4.27361
        31        10   4.20456
        31        11
        31        12   3.64219   4.47537
        31        13   4.59572   4.42250
        31        14   3.46818   3.59437
        31        15   1.76632
        32         0   3.45636
        32         1
        32         2   4.54232   4.67654
        32         3   2.04107   3.74590
        32         4   4.71683
        32         5   4.79903   4.48931
        32         6   4.75931   1.92979
        32         7   3.67929   4.82225
        32         8
        32         9   4.18525
        32        10   4.79705   3.86207
        32        11   4.36574
        32        12   1.72649
        32        13   3.74375   4.51351
        32        14   3.39733
        32        15   3.41839   3.48846
        33         0
        33         1   3.45636
        33         2   2.04107   3.74590
        33         3   4.67654   4.54232
        33         4   4.79903   4.48931
        33         5   4.71683
        33         6   3.67929   4.82225
        33         7   4.75931   1.92979
        33         8   4.18525
        33         9
        33        10   4.36574
        33        11   4.79705   3.86207
        33        12   3.74375   4.51351
        33        13   1.72649
        33        14   3.41839   3.48846
        33        15   3.39733
        34         0   4.54232   4.67654
        34         1   3.74590   2.04107
        34         2   3.45636
        34         3
        34         4   1.92979   4.75931
        34         5   4.82225   3.67929
        34         6   4.71683
        34         7   4.48931   4.79903
        34         8   3.86207   4.79705
        34         9   4.36574
        34        10
        34        11   4.18525
        34        12   3.39733
        34        13   3.48846   3.41839
        34        14   1.72649
        34        15   4.51351   3.74375
        35         0   3.74590   2.04107
        35         1   4.67654   4.54232
        35         2
        35         3   3.45636
        35         4   4.82225   3.67929
        35         5   1.92979   4.75931
        35         6   4.48931   4.79903
        35         7   4.71683
        35         8   4.36574
        35         9   3.86207   4.79705
        35        10   4.18525
        35        11
        35        12   3.48846   3.41839
        35        13   3.39733
        35        14   4.51351   3.74375
        35        15   1.72649
        36         0   4.35879
        36         1   4.52356   4.70915
        36         2   4.43892   2.38016
        36         3   3.14416   4.94882
        36         4   3.41690
        36         5   4.44173   4.64665
        36         6   4.44953
        36         7   3.51459
        36         8
        36         9
        36        10   4.55452   4.16974
        36        11   3.19545
        36        12   4.54615   1.76604
        36        13   1.75691   3.76591
        36        14   3.49470
        36        15   4.93150
        37         0   4.52356   4.70915
        37         1   4.35879
        37         2   3.14416   4.94882
        37         3   4.43892   2.38016
        37         4   4.44173   4.64665
        37         5   3.41690
        37         6   3.51459
        37         7   4.44953
        37         8
        37         9
        37        10   3.19545
        37        11   4.55452   4.16974
        37        12   1.75691   3.76591
        37        13   4.54615   1.76604
        37        14   4.93150
        37        15   3.49470
        38         0   2.38016   4.43892
        38         1   4.94882   3.14416
        38         2   4.35879
        38         3   4.70915   4.52356
        38         4   4.44953
        38         5   3.51459
        38         6   3.41690
        38         7   4.64665   4.44173
        38         8   4.16974   4.55452
        38         9   3.19545
        38        10
        38        11
        38        12   3.49470
        38        13   4.93150
        38        14   1.76604   4.54615
        38        15   3.76591   1.75691
        39         0   4.94882   3.14416
        39         1   2.38016   4.43892
        39         2   4.70915   4.52356
        39         3   4.35879
        39         4   3.51459
        39         5   4.44953
        39         6   4.64665   4.44173
        39         7   3.41690
        39         8   3.19545
        39         9   4.16974   4.55452
        39        10
        39        11
        39        12   4.93150
        39        13   3.49470
        39        14   3.76591   1.75691
        39        15   1.76604   4.54615
