         0        16   4.70277
         0        17   4.24605
         0        18   2.07424   4.93704
         0        19   4.71008   3.76246
         0        20   4.54244   4.69071
         0        21   3.62720   2.38708
         0        22   3.59593
         0        23
         0        24   3.71328   3.95452
         0        25   2.11124
         0        26   4.07221
         0        27   4.80690
         0        28   4.61482   2.20041
         0        29   3.49575   4.88530
         0        30   4.43040
         0        31   4.42137   4.76618
         0        32   3.43531
         0        33
         0        34   4.65510   4.55602
         0        35   1.92213   3.85010
         0        36   4.36591
         0        37   4.54920   4.51596
         0        38   4.31145   2.36709
         0        39   3.16618
         1        16   4.24605
         1        17   4.70277
         1        18   4.71008   3.76246
         1        19   2.07424   4.93704
         1        20   3.62720   2.38708
         1        21   4.69071   4.54244
         1        22
         1        23   3.59593
         1        24   2.11124
         1        25   3.71328   3.95452
         1        26   4.80690
         1        27   4.07221
         1        28   3.49575   4.88530
         1        29   4.61482   2.20041
         1        30   4.42137   4.76618
         1        31   4.43040
         1        32
         1        33   3.43531
         1        34   1.92213   3.85010
         1        35   4.55602   4.65510
         1        36   4.54920   4.51596
         1        37   4.36591
         1        38   3.16618
         1        39   4.31145   2.36709
         2        16   4.93704   2.07424
         2        17   3.76246   4.71008
         2        18   4.70277
         2        19   4.24605
         2        20   3.59593
         2        21
         2        22   4.54244   4.69071
         2        23   2.38708   3.62720
         2        24   4.07221
         2        25   4.80690
         2        26   3.95452   3.71328
         2        27   2.11124
         2        28   4.43040
         2        29   4.76618   4.42137
         2        30   2.20041   4.61482
         2        31   4.88530   3.49575
         2        32   4.65510   4.55602
         2        33   3.85010   1.92213
         2        34   3.43531
         2        35
         2        36   2.36709   4.31145
         2        37   3.16618
         2        38   4.36591
         2        39   4.51596   4.54920
         3        16   3.76246   4.71008
         3        17   4.93704   2.07424
         3        18   4.24605
         3        19   4.70277
         3        20
         3        21   3.59593
         3        22   2.38708   3.62720
         3        23   4.69071   4.54244
         3        24   4.80690
         3        25   4.07221
         3        26   2.11124
         3        27   3.95452   3.71328
         3        28   4.76618   4.42137
         3        29   4.43040
         3        30   4.88530   3.49575
         3        31   2.20041   4.61482
         3        32   3.85010   1.92213
         3        33   4.55602   4.65510
         3        34
         3        35   3.43531
         3        36   3.16618
         3        37   2.36709   4.31145
         3        38   4.51596   4.54920
         3        39   4.36591
         4        16   4.65229
         4        17
         4        18   2.13250   4.80366
         4        19   3.71321   2.05304
         4        20   1.89397   4.76288
         4        21   4.68660   3.60021
         4        22   4.82736
         4        23   4.00466
         4        24   4.24055   4.27641
         4        25   4.07392   4.98410
         4        26   3.71955
         4        27   4.01975   4.77974
         4        28   4.73054   2.09262
         4        29   2.00814   3.75956
         4        30   4.53616
         4        31
         4        32   4.67929
         4        33   4.47932   4.71224
         4        34   4.70400   1.90038
         4        35   3.62597   4.76782
         4        36   3.34331
         4        37   4.60521   4.40028
         4        38   4.47706   4.96365
         4        39   3.44534
         5        16
         5        17   4.65229
         5        18   3.71321   2.05304
         5        19   2.13250   4.80366
         5        20   4.68660   3.60021
         5        21   1.89397   4.76288
         5        22   4.00466
         5        23   4.82736
         5        24   4.98410   4.07392
         5        25   4.24055   4.27641
         5        26   4.01975   4.77974
         5        27   3.71955
         5        28   2.00814   3.75956
         5        29   4.73054   2.09262
         5        30
         5        31   4.53616
         5        32   4.47932   4.71224
         5        33   4.67929
         5        34   3.62597   4.76782
         5        35   4.70400   1.90038
         5        36   4.60521   4.40028
         5        37   3.34331
         5        38   3.44534
         5        39   4.96365   4.47706
         6        16   4.80366   2.13250
         6        17   2.05304   3.71321
         6        18   4.65229
         6        19
         6        20   4.82736
         6        21   4.00466
         6        22   4.76288   1.89397
         6        23   3.60021   4.68660
         6        24   3.71955
         6        25   4.77974   4.01975
         6        26   4.27641   4.24055
         6        27   4.07392   4.98410
         6        28   4.53616
         6        29
         6        30   2.09262   4.73054
         6        31   3.75956   2.00814
         6        32   1.90038   4.70400
         6        33   4.76782   3.62597
         6        34   4.67929
         6        35   4.71224   4.47932
         6        36   4.47706   4.96365
         6        37   3.44534
         6        38   3.34331
         6        39   4.40028   4.60521
         7        16   2.05304   3.71321
         7        17   4.80366   2.13250
         7        18
         7        19   4.65229
         7        20   4.00466
         7        21   4.82736
         7        22   3.60021   4.68660
         7        23   4.76288   1.89397
         7        24   4.77974   4.01975
         7        25   3.71955
         7        26   4.98410   4.07392
         7        27   4.27641   4.24055
         7        28
         7        29   4.53616
         7        30   3.75956   2.00814
         7        31   2.09262   4.73054
         7        32   4.76782   3.62597
         7        33   1.90038   4.70400
         7        34   4.71224   4.47932
         7        35   4.67929
         7        36   3.44534
         7        37   4.96365   4.47706
         7        38   4.40028   4.60521
         7        39   3.34331
         8        16   1.68461
         8        17   3.53847   3.46343
         8        18   4.50369   4.38041
         8        19   3.86395   4.04553
         8        20   1.70779
         8        21   4.07585   4.31498
         8        22   3.15547
         8        23   3.33901   3.17068
         8        24   1.77586   3.80372
         8        25   4.45385   1.74665
         8        26   4.55263
         8        27   3.65010
         8        28
         8        29   4.18613
         8        30   4.26029
         8        31   4.15172
         8        32
         8        33   4.15887
         8        34   4.74313   3.87172
         8        35   4.35557
         8        36
         8        37
         8        38   4.58091   4.17901
         8        39   3.20308
         9        16   3.53847   3.46343
         9        17   1.68461
         9        18   3.86395   4.04553
         9        19   4.38041   4.50369
         9        20   4.07585   4.31498
         9        21   1.70779
         9        22   3.33901   3.17068
         9        23   3.15547
         9        24   4.45385   1.74665
         9        25   1.77586   3.80372
         9        26   3.65010
         9        27   4.55263
         9        28   4.18613
         9        29
         9        30   4.15172
         9        31   4.26029
         9        32   4.15887
         9        33
         9        34   4.35557
         9        35   4.74313   3.87172
         9        36
         9        37
         9        38   3.20308
         9        39   4.58091   4.17901
        10        16   4.50369   4.38041
        10        17   4.04553   3.86395
        10        18   1.68461
        10        19   3.46343   3.53847
        10        20   3.15547
        10        21   3.17068   3.33901
        10        22   1.70779
        10        23   4.31498   4.07585
        10        24   4.55263
        10        25   3.65010
        10        26   3.80372   1.77586
        10        27   1.74665   4.45385
        10        28   4.26029
        10        29   4.15172
        10        30
        10        31   4.18613
        10        32   3.87172   4.74313
        10        33   4.35557
        10        34
        10        35   4.15887
        10        36   4.17901   4.58091
        10        37   3.20308
        10        38
        10        39
        11        16   4.04553   3.86395
        11        17   4.38041   4.50369
        11        18   3.46343   3.53847
        11        19   1.68461
        11        20   3.17068   3.33901
        11        21   3.15547
        11        22   4.31498   4.07585
        11        23   1.70779
        11        24   3.65010
        11        25   4.55263
        11        26   1.74665   4.45385
        11        27   3.80372   1.77586
        11        28   4.15172
        11        29   4.26029
        11        30   4.18613
        11        31
        11        32   4.35557
        11        33   3.87172   4.74313
        11        34   4.15887
        11        35
        11        36   3.20308
        11        37   4.17901   4.58091
        11        38
        11        39
        12        16
        12        17   4.29588
        12        18   4.24588
        12        19   4.26325
        12        20
        12        21   4.36442
        12        22   3.64262
        12        23   4.65805
        12        24
        12        25
        12        26   3.87110   4.19766
        12        27   3.23935
        12        28   1.75870
        12        29   3.39666   3.58524
        12        30   4.57532   4.37304
        12        31   4.48434   3.59834
        12        32   1.74131   4.94861
        12        33   4.51101   3.70205
        12        34   3.34485
        12        35   3.35795   3.47494
        12        36   1.78103   4.54336
        12        37   3.69438   1.73721
        12        38   3.38555
        12        39   4.97251
        13        16   4.29588
        13        17
        13        18   4.26325
        13        19   4.24588
        13        20   4.36442
        13        21
        13        22   4.65805
        13        23   3.64262
        13        24
        13        25
        13        26   3.23935
        13        27   3.87110   4.19766
        13        28   3.39666   3.58524
        13        29   1.75870
        13        30   4.48434   3.59834
        13        31   4.37304   4.57532
        13        32   4.51101   3.70205
        13        33   1.74131   4.94861
        13        34   3.35795   3.47494
        13        35   3.34485
        13        36   3.69438   1.73721
        13        37   1.78103   4.54336
        13        38   4.97251
        13        39   3.38555
        14        16   4.24588
        14        17   4.26325
        14        18
        14        19   4.29588
        14        20   3.64262
        14        21   4.65805
        14        22
        14        23   4.36442
        14        24   4.19766   3.87110
        14        25   3.23935
        14        26
        14        27
        14        28   4.57532   4.37304
        14        29   3.59834   4.48434
        14        30   1.75870
        14        31   3.58524   3.39666
        14        32   3.34485
        14        33   3.47494   3.35795
        14        34   4.94861   1.74131
        14        35   3.70205   4.51101
        14        36   3.38555
        14        37   4.97251
        14        38   4.54336   1.78103
        14        39   1.73721   3.69438
        15        16   4.26325
        15        17   4.24588
        15        18   4.29588
        15        19
        15        20   4.65805
        15        21   3.64262
        15        22   4.36442
        15        23
        15        24   3.23935
        15        25   4.19766   3.87110
        15        26
        15        27
        15        28   3.59834   4.48434
        15        29   4.37304   4.57532
        15        30   3.58524   3.39666
        15        31   1.75870
        15        32   3.47494   3.35795
        15        33   3.34485
        15        34   3.70205   4.51101
        15        35   4.94861   1.74131
        15        36   4.97251
        15        37   3.38555
        15        38   1.73721   3.69438
        15        39   4.54336   1.78103
        16         0   4.70277
        16         1   4.24605
        16         2   2.07424   4.93704
        16         3   4.71008   3.76246
        16         4   4.65229
        16         5
        16         6   2.13250   4.80366
        16         7   3.71321   2.05304
        16         8   1.68461
        16         9   3.46343   3.53847
        16        10   4.38041   4.50369
        16        11   3.86395   4.04553
        16        12
        16        13   4.29588
        16        14   4.24588
        16        15   4.26325
        17         0   4.24605
        17         1   4.70277
        17         2   4.71008   3.76246
        17         3   2.07424   4.93704
        17         4
        17         5   4.65229
        17         6   3.71321   2.05304
        17         7   2.13250   4.80366
        17         8   3.46343   3.53847
        17         9   1.68461
        17        10   3.86395   4.04553
        17        11   4.50369   4.38041
        17        12   4.29588
        17        13
        17        14   4.26325
        17        15   4.24588
        18         0   4.93704   2.07424
        18         1   3.76246   4.71008
        18         2   4.70277
        18         3   4.24605
        18         4   4.80366   2.13250
        18         5   2.05304   3.71321
        18         6   4.65229
        18         7
        18         8   4.38041   4.50369
        18         9   4.04553   3.86395
        18        10   1.68461
        18        11   3.53847   3.46343
        18        12   4.24588
        18        13   4.26325
        18        14
        18        15   4.29588
        19         0   3.76246   4.71008
        19         1   4.93704   2.07424
        19         2   4.24605
        19         3   4.70277
        19         4   2.05304   3.71321
        19         5   4.80366   2.13250
        19         6
        19         7   4.65229
        19         8   4.04553   3.86395
        19         9   4.50369   4.38041
        19        10   3.53847   3.46343
        19        11   1.68461
        19        12   4.26325
        19        13   4.24588
        19        14   4.29588
        19        15
        20         0   4.69071   4.54244
        20         1   2.38708   3.62720
        20         2   3.59593
        20         3
        20         4   4.76288   1.89397
        20         5   3.60021   4.68660
        20         6   4.82736
        20         7   4.00466
        20         8   1.70779
        20         9   4.31498   4.07585
        20        10   3.15547
        20        11   3.33901   3.17068
        20        12
        20        13   4.36442
        20        14   3.64262
        20        15   4.65805
        21         0   2.38708   3.62720
        21         1   4.54244   4.69071
        21         2
        21         3   3.59593
        21         4   3.60021   4.68660
        21         5   4.76288   1.89397
        21         6   4.00466
        21         7   4.82736
        21         8   4.31498   4.07585
        21         9   1.70779
        21        10   3.33901   3.17068
        21        11   3.15547
        21        12   4.36442
        21        13
        21        14   4.65805
        21        15   3.64262
        22         0   3.59593
        22         1
        22         2   4.69071   4.54244
        22         3   3.62720   2.38708
        22         4   4.82736
        22         5   4.00466
        22         6   1.89397   4.76288
        22         7   4.68660   3.60021
        22         8   3.15547
        22         9   3.17068   3.33901
        22        10   1.70779
        22        11   4.07585   4.31498
        22        12   3.64262
        22        13   4.65805
        22        14
        22        15   4.36442
        23         0
        23         1   3.59593
        23         2   3.62720   2.38708
        23         3   4.54244   4.69071
        23         4   4.00466
        23         5   4.82736
        23         6   4.68660   3.60021
        23         7   1.89397   4.76288
        23         8   3.17068   3.33901
        23         9   3.15547
        23        10   4.07585   4.31498
        23        11   1.70779
        23        12   4.65805
        23        13   3.64262
        23        14   4.36442
        23        15
        24         0   3.95452   3.71328
        24         1   2.11124
        24         2   4.07221
        24         3   4.80690
        24         4   4.27641   4.24055
        24         5   4.07392   4.98410
        24         6   3.71955
        24         7   4.01975   4.77974
        24         8   3.80372   1.77586
        24         9   1.74665   4.45385
        24        10   4.55263
        24        11   3.65010
        24        12
        24        13
        24        14   3.87110   4.19766
        24        15   3.23935
        25         0   2.11124
        25         1   3.95452   3.71328
        25         2   4.80690
        25         3   4.07221
        25         4   4.98410   4.07392
        25         5   4.27641   4.24055
        25         6   4.01975   4.77974
        25         7   3.71955
        25         8   1.74665   4.45385
        25         9   3.80372   1.77586
        25        10   3.65010
        25        11   4.55263
        25        12
        25        13
        25        14   3.23935
        25        15   3.87110   4.19766
        26         0   4.07221
        26         1   4.80690
        26         2   3.71328   3.95452
        26         3   2.11124
        26         4   3.71955
        26         5   4.77974   4.01975
        26         6   4.24055   4.27641
        26         7   4.07392   4.98410
        26         8   4.55263
        26         9   3.65010
        26        10   1.77586   3.80372
        26        11   4.45385   1.74665
        26        12   4.19766   3.87110
        26        13   3.23935
        26        14
        26        15
        27         0   4.80690
        27         1   4.07221
        27         2   2.11124
        27         3   3.71328   3.95452
        27         4   4.77974   4.01975
        27         5   3.71955
        27         6   4.98410   4.07392
        27         7   4.24055   4.27641
        27         8   3.65010
        27         9   4.55263
        27        10   4.45385   1.74665
        27        11   1.77586   3.80372
        27        12   3.23935
        27        13   4.19766   3.87110
        27        14
        27        15
        28         0   2.20041   4.61482
        28         1   4.88530   3.49575
        28         2   4.43040
        28         3   4.42137   4.76618
        28         4   2.09262   4.73054
        28         5   3.75956   2.00814
        28         6   4.53616
        28         7
        28         8
        28         9   4.18613
        28        10   4.26029
        28        11   4.15172
        28        12   1.75870
        28        13   3.58524   3.39666
        28        14   4.37304   4.57532
        28        15   4.48434   3.59834
        29         0   4.88530   3.49575
        29         1   2.20041   4.61482
        29         2   4.42137   4.76618
        29         3   4.43040
        29         4   3.75956   2.00814
        29         5   2.09262   4.73054
        29         6
        29         7   4.53616
        29         8   4.18613
        29         9
        29        10   4.15172
        29        11   4.26029
        29        12   3.58524   3.39666
        29        13   1.75870
        29        14   4.48434   3.59834
        29        15   4.57532   4.37304
        30         0   4.43040
        30         1   4.76618   4.42137
        30         2   4.61482   2.20041
        30         3   3.49575   4.88530
        30         4   4.53616
        30         5
        30         6   4.73054   2.09262
        30         7   2.00814   3.75956
        30         8   4.26029
        30         9   4.15172
        30        10
        30        11   4.18613
        30        12   4.37304   4.57532
        30        13   3.59834   4.48434
        30        14   1.75870
        30        15   3.39666   3.58524
        31         0   4.76618   4.42137
        31         1   4.43040
        31         2   3.49575   4.88530
        31         3   4.61482   2.20041
        31         4
        31         5   4.53616
        31         6   2.00814   3.75956
        31         7   4.73054   2.09262
        31         8   4.15172
        31         9   4.26029
        31        10   4.18613
        31        11
        31        12   3.59834   4.48434
        31        13   4.57532   4.37304
        31        14   3.39666   3.58524
        31        15   1.75870
        32         0   3.43531
        32         1
        32         2   4.55602   4.65510
        32         3   1.92213   3.85010
        32         4   4.67929
        32         5   4.71224   4.47932
        32         6   4.70400   1.90038
        32         7   3.62597   4.76782
        32         8
        32         9   4.15887
        32        10   4.74313   3.87172
        32        11   4.35557
        32        12   4.94861   1.74131
        32        13   3.70205   4.51101
        32        14   3.34485
        32        15   3.35795   3.47494
        33         0
        33         1   3.43531
        33         2   1.92213   3.85010
        33         3   4.65510   4.55602
        33         4   4.71224   4.47932
        33         5   4.67929
        33         6   3.62597   4.76782
        33         7   4.70400   1.90038
        33         8   4.15887
        33         9
        33        10   4.35557
        33        11   4.74313   3.87172
        33        12   3.70205   4.51101
        33        13   4.94861   1.74131
        33        14   3.35795   3.47494
        33        15   3.34485
        34         0   4.55602   4.65510
        34         1   3.85010   1.92213
        34         2   3.43531
        34         3
        34         4   1.90038   4.70400
        34         5   4.76782   3.62597
        34         6   4.67929
        34         7   4.47932   4.71224
        34         8   3.87172   4.74313
        34         9   4.35557
        34        10
        34        11   4.15887
        34        12   3.34485
        34        13   3.47494   3.35795
        34        14   1.74131   4.94861
        34        15   4.51101   3.70205
        35         0   3.85010   1.92213
        35         1   4.65510   4.55602
        35         2
        35         3   3.43531
        35         4   4.76782   3.62597
        35         5   1.90038   4.70400
        35         6   4.47932   4.71224
        35         7   4.67929
        35         8   4.35557
        35         9   3.87172   4.74313
        35        10   4.15887
        35        11
        35        12   3.47494   3.35795
        35        13   3.34485
        35        14   4.51101   3.70205
        35        15   1.74131   4.94861
        36         0   4.36591
        36         1   4.51596   4.54920
        36         2   4.31145   2.36709
        36         3   3.16618
        36         4   3.34331
        36         5   4.40028   4.60521
        36         6   4.96365   4.47706
        36         7   3.44534
        36         8
        36         9
        36        10   4.58091   4.17901
        36        11   3.20308
        36        12   4.54336   1.78103
        36        13   1.73721   3.69438
        36        14   3.38555
        36        15   4.97251
        37         0   4.51596   4.54920
        37         1   4.36591
        37         2   3.16618
        37         3   4.31145   2.36709
        37         4   4.40028   4.60521
        37         5   3.34331
        37         6   3.44534
        37         7   4.47706   4.96365
        37         8
        37         9
        37        10   3.20308
        37        11   4.58091   4.17901
        37        12   1.73721   3.69438
        37        13   4.54336   1.78103
        37        14   4.97251
        37        15   3.38555
        38         0   2.36709   4.31145
        38         1   3.16618
        38         2   4.36591
        38         3   4.54920   4.51596
        38         4   4.96365   4.47706
        38         5   3.44534
        38         6   3.34331
        38         7   4.60521   4.40028
        38         8   4.17901   4.58091
        38         9   3.20308
        38        10
        38        11
        38        12   3.38555
        38        13   4.97251
        38        14   1.78103   4.54336
        38        15   3.69438   1.73721
        39         0   3.16618
        39         1   2.36709   4.31145
        39         2   4.54920   4.51596
        39         3   4.36591
        39         4   3.44534
        39         5   4.47706   4.96365
        39         6   4.60521   4.40028
        39         7   3.34331
        39         8   3.20308
        39         9   4.17901   4.58091
        39        10
        39        11
        39        12   4.97251
        39        13   3.38555
        39        14   3.69438   1.73721
        39        15   1.78103   4.54336
